season,week,player_id,player_name,position,team,opportunity_score,production_score,usage_score,redzone_score,model_confidence_score,scoring_environment_score,matchup_score,implied_team_total,game_total,spread_line,opponent,production_raw,opportunity_raw,usage_raw,redzone_raw,matchup_raw,actual_ppr
2025,4,00-0023459,Aaron Rodgers,QB,PIT,71.0,63.0,34.0,24.0,83.1,41.0,24.0,19.5,41.5,-2.5,MIN,17.246666666666666,30.666666666666668,0.08382173382173382,3.0,13.133333333333333,12.8
2025,4,00-0026158,Joe Flacco,QB,CLE,99.0,42.0,17.0,30.0,81.5,31.0,53.0,17.25,44.5,-10.0,DET,11.546666666666667,43.0,0.04292929292929293,3.6666666666666665,21.233333333333334,7.26
2025,4,00-0026498,Matthew Stafford,QB,LA,78.0,59.0,32.0,54.0,92.2,74.0,33.0,26.5,49.5,3.5,IND,16.253333333333334,33.666666666666664,0.08,6.666666666666667,15.68,27.4
2025,4,00-0027973,Andy Dalton,QB,CAR,2.0,-0.0,13.0,0.0,56.8,37.0,41.0,18.5,42.5,-5.5,NE,-0.1,1.0,0.03333333333333333,0.0,17.913333333333334,6.32
2025,4,00-0029263,Russell Wilson,QB,NYG,97.0,64.0,90.0,70.0,74.4,38.0,35.0,18.75,43.5,-6.0,LAC,17.506666666666664,42.0,0.22528947166628324,8.666666666666666,16.213333333333335,0.32
2025,4,00-0030035,Adam Thielen,WR,MIN,16.0,6.0,9.0,33.0,50.5,53.0,48.0,22.0,41.5,2.5,PIT,1.5333333333333332,2.0,0.09206349206349206,0.6666666666666666,32.733333333333334,3.1
2025,4,00-0030061,Zach Ertz,TE,WSH,50.0,81.0,18.0,33.0,72.3,46.0,20.0,20.5,43.5,-2.5,ATL,12.266666666666666,5.333333333333333,0.17969348659003834,0.6666666666666666,3.6,4.1
2025,4,00-0030279,Keenan Allen,WR,LAC,74.0,77.0,27.0,100.0,90.2,66.0,72.0,24.75,43.5,6.0,NYG,18.8,9.333333333333334,0.26594045025417573,2.0,44.1,8.7
2025,4,00-0030506,Travis Kelce,TE,KC,53.0,65.0,17.0,50.0,78.2,58.0,67.0,23.0,48.5,-2.5,BAL,9.799999999999999,5.666666666666667,0.1707199032062916,1.0,15.933333333333332,9.8
2025,4,00-0030564,DeAndre Hopkins,WR,BAL,16.0,38.0,8.0,0.0,76.2,70.0,45.0,25.5,48.5,2.5,KC,9.4,2.0,0.08270676691729323,0.0,31.266666666666666,0.0
2025,4,00-0030565,Geno Smith,QB,LV,88.0,64.0,56.0,35.0,79.7,65.0,63.0,24.5,47.5,1.5,CHI,17.580000000000002,38.333333333333336,0.13930659983291563,4.333333333333333,23.953333333333333,15.78
2025,4,00-0031236,Brandin Cooks,WR,NO,29.0,21.0,9.0,0.0,80.7,27.0,42.0,16.5,48.5,-15.5,BUF,5.2,3.6666666666666665,0.09277857484457197,0.0,29.8,5.2
2025,4,00-0031381,Davante Adams,WR,LA,76.0,63.0,31.0,100.0,75.1,74.0,46.0,26.5,49.5,3.5,IND,15.433333333333335,9.666666666666666,0.3114628427128427,2.6666666666666665,31.7,15.6
2025,4,00-0031484,Chris Manhertz,TE,NYG,9.0,11.0,3.0,0.0,56.8,38.0,41.0,18.75,43.5,-6.0,LAC,1.7,1.0,0.03333333333333333,0.0,9.200000000000001,0.0
2025,4,00-0031588,Stefon Diggs,WR,NE,39.0,33.0,15.0,0.0,70.6,62.0,20.0,24.0,42.5,5.5,CAR,8.066666666666666,5.0,0.15209339774557165,0.0,19.166666666666668,16.1
2025,4,00-0031763,DeAndre Carter,WR,CLE,0.0,0.0,0.0,0.0,56.8,31.0,54.0,17.25,44.5,-10.0,DET,0.0,0.0,0.0,0.0,35.43333333333333,0.0
2025,4,00-0032211,Tyler Lockett,WR,TEN,21.0,14.0,8.0,0.0,49.4,25.0,49.0,16.0,39.5,-7.5,HOU,3.533333333333333,2.6666666666666665,0.08480708412397216,0.0,32.93333333333334,0.0
2025,4,00-0032268,Marcus Mariota,QB,WSH,62.0,81.0,75.0,24.0,56.8,46.0,28.0,20.5,43.5,-2.5,ATL,22.28,27.0,0.1875,3.0,14.313333333333333,16.24
2025,4,00-0032385,Sterling Shepard,WR,TB,39.0,36.0,16.0,17.0,80.8,46.0,47.0,20.5,44.5,-3.5,PHI,8.766666666666666,5.0,0.1611749680715198,0.3333333333333333,32.333333333333336,4.0
2025,4,00-0032392,Austin Hooper,TE,NE,22.0,30.0,8.0,17.0,61.0,62.0,65.0,24.0,42.5,5.5,CAR,4.533333333333333,2.3333333333333335,0.07866344605475041,0.3333333333333333,15.4,3.4
2025,4,00-0032398,Chris Moore,WR,WSH,12.0,18.0,7.0,0.0,78.4,46.0,34.0,20.5,43.5,-2.5,ATL,4.45,1.5,0.07279693486590039,0.0,25.933333333333334,0.9
2025,4,00-0032464,Kalif Raymond,WR,DET,18.0,11.0,7.0,0.0,74.8,78.0,42.0,27.25,44.5,10.0,CLE,2.766666666666666,2.3333333333333335,0.07497268813058287,0.0,29.8,3.3
2025,4,00-0032764,Derrick Henry,RB,BAL,51.0,62.0,62.0,42.0,63.2,70.0,42.0,25.5,48.5,2.5,KC,15.4,14.333333333333334,0.621474663670671,1.6666666666666667,20.066666666666666,7.8
2025,4,00-0032950,Carson Wentz,QB,MIN,51.0,56.0,26.0,57.0,56.8,53.0,64.0,22.0,41.5,2.5,PIT,15.32,22.0,0.06451612903225806,7.0,24.179999999999996,23.2
2025,4,00-0033040,Tyreek Hill,WR,MIA,61.0,56.0,25.0,33.0,79.3,60.0,52.0,23.5,44.5,2.5,NYJ,13.6,7.666666666666667,0.24775339602925808,0.6666666666666666,34.5,12.7
2025,4,00-0033077,Dak Prescott,QB,DAL,100.0,56.0,20.0,46.0,76.0,45.0,20.0,20.25,47.5,-7.0,GB,15.33333333333333,43.333333333333336,0.050865800865800864,5.666666666666667,12.093333333333334,30.96
2025,4,00-0033090,Hunter Henry,TE,NE,69.0,92.0,20.0,83.0,50.5,62.0,65.0,24.0,42.5,5.5,CAR,13.833333333333334,7.333333333333333,0.20458937198067637,1.6666666666666667,15.4,11.9
2025,4,00-0033106,Jared Goff,QB,DET,78.0,72.0,25.0,59.0,77.0,78.0,34.0,27.25,44.5,10.0,CLE,19.846666666666668,33.666666666666664,0.06135034556087188,7.333333333333333,15.946666666666667,14.72
2025,4,00-0033110,Tyler Higbee,TE,LA,19.0,17.0,6.0,33.0,31.2,74.0,49.0,26.5,49.5,3.5,IND,2.566666666666667,2.0,0.06186868686868687,0.6666666666666666,11.166666666666666,4.5
2025,4,00-0033246,Johnny Mundt,TE,JAC,9.0,6.0,4.0,0.0,66.0,48.0,55.0,21.0,45.5,-3.5,SF,0.85,1.0,0.037698412698412696,0.0,12.866666666666667,0.0
2025,4,00-0033280,Christian McCaffrey,RB,SF,100.0,93.0,96.0,100.0,88.2,65.0,29.0,24.5,45.5,3.5,JAC,23.3,28.0,0.9560685685685687,4.333333333333333,14.0,26.1
2025,4,00-0033307,Kendrick Bourne,WR,SF,36.0,29.0,12.0,0.0,78.9,65.0,62.0,24.5,45.5,3.5,JAC,7.0,4.5,0.12162162162162163,0.0,39.300000000000004,2.7
2025,4,00-0033375,Tim Patrick,WR,JAC,8.0,5.0,3.0,25.0,71.0,48.0,35.0,21.0,45.5,-3.5,SF,1.3,1.0,0.02817460317460317,0.5,26.53333333333333,0.9
2025,4,00-0033526,Samaje Perine,RB,CIN,7.0,6.0,9.0,0.0,34.0,37.0,47.0,18.5,44.5,-7.5,DEN,1.5666666666666667,2.0,0.0924775707384403,0.0,22.433333333333334,0.4
2025,4,00-0033555,Mack Hollins,WR,NE,21.0,21.0,8.0,17.0,63.0,62.0,20.0,24.0,42.5,5.5,CAR,5.266666666666667,2.6666666666666665,0.08083735909822866,0.3333333333333333,19.166666666666668,7.4
2025,4,00-0033572,Jamal Agnew,WR,ATL,0.0,0.0,0.0,0.0,56.8,58.0,56.0,23.0,43.5,2.5,WSH,0.0,0.0,0.0,0.0,36.5,0.0
2025,4,00-0033576,Eric Saubert,TE,SEA,3.0,5.0,2.0,17.0,31.2,55.0,56.0,22.5,43.5,1.5,ARI,0.7333333333333334,0.3333333333333333,0.016666666666666666,0.3333333333333333,13.0,0.0
2025,4,00-0033589,David Moore,WR,CAR,4.0,3.0,2.0,0.0,31.2,37.0,56.0,18.5,42.5,-5.5,NE,0.75,0.5,0.020833333333333332,0.0,36.43333333333333,1.2
2025,4,00-0033662,Cooper Rush,QB,BAL,7.0,0.0,57.0,0.0,56.8,70.0,35.0,25.5,48.5,2.5,KC,-0.4,3.0,0.14285714285714285,0.0,16.286666666666665,2.08
2025,4,00-0033857,JuJu Smith-Schuster,WR,KC,32.0,29.0,12.0,17.0,71.7,58.0,51.0,23.0,48.5,-2.5,BAL,7.166666666666667,4.0,0.11643764583873477,0.3333333333333333,34.166666666666664,13.6
2025,4,00-0033858,Jonnu Smith,TE,PIT,41.0,54.0,16.0,17.0,73.0,41.0,52.0,19.5,41.5,-2.5,MIN,8.166666666666666,4.333333333333333,0.15886450714036918,0.3333333333333333,11.933333333333332,2.6
2025,4,00-0033873,Patrick Mahomes,QB,KC,95.0,77.0,100.0,46.0,85.9,58.0,60.0,23.0,48.5,-2.5,BAL,21.086666666666662,41.0,0.2669144580909287,5.666666666666667,22.986666666666668,27.3
2025,4,00-0033881,Evan Engram,TE,DEN,28.0,24.0,9.0,0.0,70.3,72.0,68.0,26.0,44.5,7.5,CIN,3.65,3.0,0.08888888888888888,0.0,16.366666666666667,6.9
2025,4,00-0033885,David Njoku,TE,CLE,56.0,52.0,16.0,0.0,85.6,31.0,68.0,17.25,44.5,-10.0,DET,7.8999999999999995,6.0,0.1611861207897793,0.0,16.233333333333334,3.1
2025,4,00-0033906,Alvin Kamara,RB,NO,71.0,51.0,71.0,50.0,74.8,27.0,46.0,16.5,48.5,-15.5,BUF,12.766666666666666,20.0,0.7135660768372389,2.0,22.0,11.2
2025,4,00-0033908,Cooper Kupp,WR,SEA,39.0,33.0,20.0,17.0,50.8,55.0,56.0,22.5,43.5,1.5,ARI,8.200000000000001,5.0,0.19545454545454544,0.3333333333333333,36.46666666666667,6.6
2025,4,00-0033923,Kareem Hunt,RB,KC,33.0,27.0,37.0,25.0,77.0,58.0,80.0,23.0,48.5,-2.5,BAL,6.8,9.333333333333334,0.366984789169053,1.0,37.46666666666666,5.7
2025,4,00-0033943,Josh Reynolds,WR,NYJ,24.0,16.0,14.0,0.0,56.8,48.0,43.0,21.0,44.5,-2.5,MIA,3.8,3.0,0.14285714285714285,0.0,30.099999999999998,0.0
2025,4,00-0033955,Jeremy McNichols,RB,WSH,14.0,33.0,12.0,0.0,75.1,46.0,31.0,20.5,43.5,-2.5,ATL,8.15,4.0,0.125,0.0,15.266666666666667,1.3
2025,4,00-0034270,Tyler Conklin,TE,LAC,23.0,24.0,7.0,0.0,62.5,66.0,58.0,24.75,43.5,6.0,NYG,3.6,2.5,0.07163398692810458,0.0,13.666666666666666,1.3
2025,4,00-0034348,Courtland Sutton,WR,DEN,55.0,59.0,24.0,33.0,60.0,72.0,43.0,26.0,44.5,7.5,CIN,14.5,7.0,0.243719806763285,0.6666666666666666,30.36666666666667,19.1
2025,4,00-0034351,Dallas Goedert,TE,PHI,42.0,72.0,21.0,0.0,67.1,62.0,37.0,24.0,44.5,3.5,TB,10.850000000000001,4.5,0.20833333333333331,0.0,8.200000000000001,19.7
2025,4,00-0034365,Ian Thomas,TE,LV,0.0,0.0,0.0,0.0,56.8,65.0,64.0,24.5,47.5,1.5,CHI,0.0,0.0,0.0,0.0,15.366666666666665,0.0
2025,4,00-0034383,Dalton Schultz,TE,HOU,47.0,45.0,18.0,17.0,86.3,60.0,45.0,23.5,39.5,7.5,TEN,6.866666666666667,5.0,0.17525496511003755,0.3333333333333333,10.166666666666666,8.0
2025,4,00-0034407,Ray-Ray McCloud,WR,ATL,32.0,16.0,11.0,17.0,58.5,58.0,56.0,23.0,43.5,2.5,WSH,4.033333333333333,4.0,0.11207897793263648,0.3333333333333333,36.5,0.3
2025,4,00-0034521,Allen Lazard,WR,NYJ,24.0,38.0,9.0,100.0,56.8,48.0,43.0,21.0,44.5,-2.5,MIA,9.3,3.0,0.08571428571428572,2.0,30.099999999999998,1.8
2025,4,00-0034753,Mark Andrews,TE,BAL,34.0,66.0,14.0,50.0,43.6,70.0,30.0,25.5,48.5,2.5,KC,10.0,3.6666666666666665,0.14055973266499583,1.0,6.133333333333333,10.0
2025,4,00-0034775,Christian Kirk,WR,HOU,63.0,22.0,22.0,0.0,56.8,60.0,66.0,23.5,39.5,7.5,TEN,5.5,8.0,0.2222222222222222,0.0,41.26666666666667,5.0
2025,4,00-0034791,Nick Chubb,RB,HOU,49.0,38.0,61.0,17.0,80.1,60.0,57.0,23.5,39.5,7.5,TEN,9.4,13.666666666666666,0.6072831030878323,0.6666666666666666,26.799999999999997,8.2
2025,4,00-0034796,Lamar Jackson,QB,BAL,69.0,100.0,89.0,43.0,92.3,70.0,35.0,25.5,48.5,2.5,KC,27.560000000000002,30.0,0.2235185665312707,5.333333333333333,16.286666666666665,14.68
2025,4,00-0034827,DJ Moore,WR,CHI,58.0,45.0,24.0,17.0,89.3,58.0,66.0,23.0,47.5,-1.5,LV,11.0,7.333333333333333,0.24209377505523552,0.3333333333333333,41.03333333333334,7.8
2025,4,00-0034829,Mike Gesicki,TE,CIN,31.0,19.0,11.0,50.0,76.2,37.0,45.0,18.5,44.5,-7.5,DEN,2.9333333333333336,3.3333333333333335,0.11294755126908818,1.0,10.266666666666667,1.8
2025,4,00-0034837,Calvin Ridley,WR,TEN,55.0,26.0,24.0,17.0,79.6,25.0,49.0,16.0,39.5,-7.5,HOU,6.366666666666666,7.0,0.2398102466793169,0.3333333333333333,32.93333333333334,5.0
2025,4,00-0034844,Saquon Barkley,RB,PHI,83.0,60.0,77.0,100.0,86.5,62.0,45.0,24.0,44.5,3.5,TB,15.1,23.333333333333332,0.766438154209052,4.0,21.333333333333332,17.4
2025,4,00-0034855,Baker Mayfield,QB,TB,85.0,73.0,58.0,43.0,92.0,46.0,34.0,20.5,44.5,-3.5,PHI,20.066666666666666,37.0,0.14501278772378515,5.333333333333333,15.913333333333332,20.86
2025,4,00-0034857,Josh Allen,QB,BUF,95.0,89.0,99.0,100.0,70.8,100.0,48.0,32.0,48.5,15.5,NO,24.53333333333333,41.0,0.24643197836496164,12.333333333333334,19.866666666666667,26.86
2025,4,00-0034869,Sam Darnold,QB,SEA,58.0,53.0,10.0,30.0,77.7,55.0,39.0,22.5,43.5,1.5,ARI,14.639999999999999,25.333333333333332,0.025641025641025644,3.6666666666666665,17.346666666666668,16.08
2025,4,00-0034960,Jakobi Meyers,WR,LV,68.0,54.0,24.0,50.0,72.8,65.0,63.0,24.5,47.5,1.5,CHI,13.266666666666666,8.666666666666666,0.24341607287343722,1.0,39.96666666666667,7.0
2025,4,00-0034975,Justice Hill,RB,BAL,17.0,17.0,19.0,8.0,51.0,70.0,42.0,25.5,48.5,2.5,KC,4.3,4.666666666666667,0.18902860599775298,0.3333333333333333,20.066666666666666,28.7
2025,4,00-0034983,Hunter Renfrow,WR,CAR,50.0,40.0,17.0,100.0,61.2,37.0,56.0,18.5,42.5,-5.5,NE,9.833333333333334,6.333333333333333,0.17098285855222592,2.0,36.43333333333333,3.0
2025,4,00-0035021,Ashton Dulin,WR,IND,3.0,2.0,1.0,0.0,37.2,58.0,51.0,23.0,49.5,-3.5,LA,0.5,0.3333333333333333,0.008333333333333333,0.0,34.0,2.8
2025,4,00-0035100,Jake Browning,QB,CIN,70.0,61.0,21.0,28.0,79.5,37.0,29.0,18.5,44.5,-7.5,DEN,16.82,30.5,0.05322128851540616,3.5,14.64,5.4
2025,4,00-0035208,Olamide Zaccheaus,WR,CHI,47.0,26.0,19.0,33.0,82.2,58.0,66.0,23.0,47.5,-1.5,LV,6.3,6.0,0.19059148099039916,0.6666666666666666,41.03333333333334,9.1
2025,4,00-0035228,Kyler Murray,QB,ARI,84.0,59.0,100.0,41.0,91.8,48.0,34.0,21.0,43.5,-1.5,SEA,16.126666666666665,36.333333333333336,0.2639089305755972,5.0,15.799999999999999,20.1
2025,4,00-0035229,T.J. Hockenson,TE,MIN,41.0,50.0,20.0,50.0,58.2,53.0,77.0,22.0,41.5,2.5,PIT,7.533333333333334,4.333333333333333,0.1976190476190476,1.0,18.766666666666666,7.9
2025,4,00-0035243,Miles Sanders,RB,DAL,29.0,32.0,32.0,50.0,71.8,45.0,35.0,20.25,47.5,-7.0,GB,8.066666666666666,8.0,0.3157786657786658,2.0,17.033333333333335,4.5
2025,4,00-0035249,Josh Oliver,TE,MIN,9.0,32.0,5.0,50.0,73.3,53.0,77.0,22.0,41.5,2.5,PIT,4.85,1.0,0.04583333333333334,1.0,18.766666666666666,0.0
2025,4,00-0035250,Devin Singletary,RB,NYG,11.0,4.0,12.0,0.0,80.3,38.0,30.0,18.75,43.5,-6.0,LAC,1.0,3.0,0.11706732612529713,0.0,14.566666666666665,2.8
2025,4,00-0035261,Tony Pollard,RB,TEN,71.0,44.0,84.0,50.0,89.6,25.0,50.0,16.0,39.5,-7.5,HOU,11.0,20.0,0.8373103078754428,2.0,23.600000000000005,10.6
2025,4,00-0035500,Greg Dortch,WR,ARI,13.0,8.0,6.0,0.0,62.1,48.0,24.0,21.0,43.5,-1.5,SEA,1.9000000000000001,1.6666666666666667,0.05634019124891335,0.0,21.2,7.9
2025,4,00-0035535,Darius Slayton,WR,NYG,21.0,21.0,8.0,33.0,49.9,38.0,39.0,18.75,43.5,-6.0,LAC,5.033333333333333,2.6666666666666665,0.0798611111111111,0.6666666666666666,28.400000000000002,7.4
2025,4,00-0035537,Ty Johnson,RB,BUF,14.0,8.0,13.0,0.0,67.7,100.0,53.0,32.0,48.5,15.5,NO,2.033333333333333,4.0,0.12688579552295481,0.0,24.899999999999995,0.0
2025,4,00-0035567,Craig Reynolds,RB,DET,5.0,1.0,5.0,0.0,31.2,78.0,26.0,27.25,44.5,10.0,CLE,0.2,1.5,0.05,0.0,12.800000000000002,0.0
2025,4,00-0035640,DK Metcalf,WR,PIT,45.0,48.0,21.0,33.0,88.5,41.0,22.0,19.5,41.5,-2.5,MIN,11.833333333333334,5.666666666666667,0.20773249738766983,0.6666666666666666,20.166666666666668,23.6
2025,4,00-0035645,Gunner Olszewski,WR,NYG,0.0,0.0,0.0,0.0,56.8,38.0,39.0,18.75,43.5,-6.0,LAC,0.0,0.0,0.0,0.0,28.400000000000002,0.0
2025,4,00-0035662,Marquise Brown,WR,KC,71.0,49.0,25.0,50.0,57.5,58.0,51.0,23.0,48.5,-2.5,BAL,12.033333333333331,9.0,0.2549649987036557,1.0,34.166666666666664,12.8
2025,4,00-0035676,A.J. Brown,WR,PHI,50.0,44.0,25.0,50.0,41.5,62.0,45.0,24.0,44.5,3.5,TB,10.799999999999999,6.333333333333333,0.25476190476190474,1.0,31.066666666666666,2.7
2025,4,00-0035685,David Montgomery,RB,DET,48.0,68.0,45.0,67.0,74.0,78.0,26.0,27.25,44.5,10.0,CLE,16.933333333333334,13.333333333333334,0.453965040807146,2.6666666666666665,12.800000000000002,1.2
2025,4,00-0035689,Dawson Knox,TE,BUF,33.0,26.0,12.0,25.0,73.2,100.0,54.0,32.0,48.5,15.5,NO,3.95,3.5,0.12222222222222223,0.5,12.5,0.0
2025,4,00-0035700,Josh Jacobs,RB,GB,81.0,54.0,82.0,100.0,91.1,78.0,42.0,27.25,47.5,7.0,DAL,13.6,22.666666666666668,0.8160834147930922,5.0,19.933333333333334,31.7
2025,4,00-0035710,Daniel Jones,QB,IND,81.0,82.0,67.0,68.0,86.2,58.0,41.0,23.0,49.5,-3.5,LA,22.713333333333335,35.0,0.16845238095238094,8.333333333333334,17.853333333333335,14.38
2025,4,00-0035719,Deebo Samuel Sr.,WR,WSH,66.0,61.0,28.0,17.0,67.7,46.0,34.0,20.5,43.5,-2.5,ATL,14.966666666666667,8.333333333333334,0.27883141762452107,0.3333333333333333,25.933333333333334,20.1
2025,4,00-0036040,Juwan Johnson,TE,NO,88.0,94.0,24.0,67.0,87.3,27.0,24.0,16.5,48.5,-15.5,BUF,14.200000000000001,9.333333333333334,0.2427068388330942,1.3333333333333333,4.733333333333333,5.8
2025,4,00-0036139,Rico Dowdle,RB,CAR,29.0,23.0,31.0,58.0,61.8,37.0,45.0,18.5,42.5,-5.5,NE,5.766666666666667,8.0,0.3059642307767198,2.3333333333333335,21.333333333333332,4.0
2025,4,00-0036158,J.K. Dobbins,RB,DEN,56.0,61.0,62.0,67.0,93.6,72.0,64.0,26.0,44.5,7.5,CIN,15.200000000000001,15.666666666666666,0.6165516448125145,2.6666666666666665,30.066666666666666,11.5
2025,4,00-0036182,Nick Westbrook-Ikhine,WR,MIA,13.0,7.0,6.0,0.0,34.0,60.0,52.0,23.5,44.5,2.5,NYJ,1.8333333333333333,1.6666666666666667,0.05632183908045977,0.0,34.5,1.1
2025,4,00-0036212,Tua Tagovailoa,QB,MIA,71.0,54.0,22.0,30.0,81.4,60.0,44.0,23.5,44.5,2.5,NYJ,14.899999999999999,30.666666666666668,0.05444444444444444,3.6666666666666665,18.726666666666663,15.68
2025,4,00-0036223,Jonathan Taylor,RB,IND,82.0,100.0,72.0,100.0,79.0,58.0,20.0,23.0,49.5,-3.5,LA,25.03333333333333,23.0,0.7208157312036622,5.333333333333333,10.033333333333333,14.6
2025,4,00-0036244,Colby Parkinson,TE,LA,19.0,9.0,7.0,50.0,56.8,74.0,49.0,26.5,49.5,3.5,IND,1.4,2.0,0.07142857142857142,1.0,11.166666666666666,3.7
2025,4,00-0036252,Michael Pittman,WR,IND,50.0,64.0,22.0,33.0,76.4,58.0,51.0,23.0,49.5,-3.5,LA,15.766666666666666,6.333333333333333,0.22245907349355623,0.6666666666666666,34.0,15.1
2025,4,00-0036259,Jauan Jennings,WR,SF,59.0,48.0,21.0,50.0,59.8,65.0,62.0,24.5,45.5,3.5,JAC,11.75,7.5,0.21326013513513514,1.0,39.300000000000004,4.4
2025,4,00-0036264,Jordan Love,QB,GB,68.0,60.0,47.0,43.0,88.5,78.0,80.0,27.25,47.5,7.0,DAL,16.64,29.333333333333332,0.11634408602150537,5.333333333333333,28.46666666666667,28.28
2025,4,00-0036265,AJ Dillon,RB,PHI,11.0,6.0,8.0,12.0,87.2,62.0,45.0,24.0,44.5,3.5,TB,1.45,3.0,0.08359133126934984,0.5,21.333333333333332,1.7
2025,4,00-0036275,D'Andre Swift,RB,CHI,64.0,48.0,64.0,42.0,82.6,58.0,38.0,23.0,47.5,-1.5,LV,12.066666666666668,18.0,0.6424638392184031,1.6666666666666667,18.066666666666666,16.0
2025,4,00-0036290,Cole Kmet,TE,CHI,22.0,38.0,7.0,17.0,63.2,58.0,33.0,23.0,47.5,-1.5,LV,5.666666666666667,2.3333333333333335,0.07132246838129191,0.3333333333333333,7.033333333333334,7.6
2025,4,00-0036309,Darnell Mooney,WR,ATL,59.0,25.0,23.0,50.0,69.5,58.0,56.0,23.0,43.5,2.5,WSH,6.2,7.5,0.22938443670150988,1.0,36.5,2.5
2025,4,00-0036322,Justin Jefferson,WR,MIN,55.0,52.0,32.0,50.0,89.6,53.0,48.0,22.0,41.5,2.5,PIT,12.800000000000002,7.0,0.3219474969474969,1.0,32.733333333333334,22.6
2025,4,00-0036328,Antonio Gibson,RB,NE,18.0,9.0,18.0,8.0,54.1,62.0,46.0,24.0,42.5,5.5,CAR,2.3,5.0,0.17834971403187297,0.3333333333333333,21.899999999999995,8.7
2025,4,00-0036331,Devin Duvernay,WR,CHI,0.0,0.0,0.0,0.0,56.8,58.0,66.0,23.0,47.5,-1.5,LV,0.0,0.0,0.0,0.0,41.03333333333334,0.0
2025,4,00-0036355,Justin Herbert,QB,LAC,97.0,79.0,93.0,49.0,86.2,66.0,46.0,24.75,43.5,6.0,NYG,21.766666666666666,42.0,0.23252747252747252,6.0,19.14,14.52
2025,4,00-0036389,Jalen Hurts,QB,PHI,84.0,81.0,100.0,54.0,82.8,62.0,49.0,24.0,44.5,3.5,TB,22.286666666666665,36.333333333333336,0.32215342277261777,6.666666666666667,19.893333333333334,19.4
2025,4,00-0036407,Jerry Jeudy,WR,CLE,55.0,32.0,18.0,0.0,74.5,31.0,54.0,17.25,44.5,-10.0,DET,7.8,7.0,0.18061604723190086,0.0,35.43333333333333,7.8
2025,4,00-0036410,Tee Higgins,WR,CIN,37.0,32.0,15.0,17.0,53.8,37.0,42.0,18.5,44.5,-7.5,DEN,7.800000000000001,4.666666666666667,0.14562754400974826,0.3333333333333333,29.76666666666667,6.2
2025,4,00-0036415,Van Jefferson,WR,TEN,12.0,10.0,5.0,0.0,73.2,25.0,49.0,16.0,39.5,-7.5,HOU,2.4,1.5,0.04696394686907021,0.0,32.93333333333334,1.6
2025,4,00-0036422,Adam Trautman,TE,DEN,12.0,25.0,4.0,17.0,31.2,72.0,68.0,26.0,44.5,7.5,CIN,3.8333333333333335,1.3333333333333333,0.04259259259259259,0.3333333333333333,16.366666666666667,5.2
2025,4,00-0036550,Rashod Bateman,WR,BAL,39.0,32.0,20.0,17.0,58.5,70.0,45.0,25.5,48.5,2.5,KC,7.933333333333334,5.0,0.20112781954887216,0.3333333333333333,31.266666666666666,3.4
2025,4,00-0036554,Nico Collins,WR,HOU,66.0,60.0,29.0,67.0,65.9,60.0,66.0,23.5,39.5,7.5,TEN,14.699999999999998,8.333333333333334,0.2940150295222759,1.3333333333333333,41.26666666666667,11.9
2025,4,00-0036555,Chuba Hubbard,RB,CAR,68.0,62.0,71.0,42.0,84.9,37.0,45.0,18.5,42.5,-5.5,NE,15.4,19.0,0.706082942279858,1.6666666666666667,21.333333333333332,9.9
2025,4,00-0036590,Quintin Morris,TE,JAC,0.0,0.0,0.0,0.0,56.8,48.0,55.0,21.0,45.5,-3.5,SF,0.0,0.0,0.0,0.0,12.866666666666667,0.0
2025,4,00-0036613,Jaylen Waddle,WR,MIA,45.0,54.0,18.0,50.0,83.8,60.0,52.0,23.5,44.5,2.5,NYJ,13.233333333333334,5.666666666666667,0.18474399164054336,1.0,34.5,7.8
2025,4,00-0036630,Tylan Wallace,WR,BAL,8.0,14.0,4.0,33.0,31.2,70.0,45.0,25.5,48.5,2.5,KC,3.5,1.0,0.03571428571428571,0.6666666666666666,31.266666666666666,2.4
2025,4,00-0036637,Noah Gray,TE,KC,38.0,16.0,12.0,33.0,47.3,58.0,67.0,23.0,48.5,-2.5,BAL,2.3666666666666667,4.0,0.12338605133523466,0.6666666666666666,15.933333333333332,1.1
2025,4,00-0036646,Simi Fehoko,WR,ARI,0.0,0.0,0.0,0.0,56.8,48.0,24.0,21.0,43.5,-1.5,SEA,0.0,0.0,0.0,0.0,21.2,0.0
2025,4,00-0036741,Jack Stoll,TE,NO,14.0,33.0,4.0,25.0,31.2,27.0,24.0,16.5,48.5,-15.5,BUF,5.05,1.5,0.036585365853658534,0.5,4.733333333333333,1.7
2025,4,00-0036754,Brock Wright,TE,DET,28.0,78.0,11.0,50.0,56.8,78.0,46.0,27.25,44.5,10.0,CLE,11.8,3.0,0.10714285714285714,1.0,10.5,0.0
2025,4,00-0036825,Feleipe Franks,TE,ATL,0.0,0.0,0.0,0.0,56.8,58.0,58.0,23.0,43.5,2.5,WSH,0.0,0.0,0.0,0.0,13.766666666666666,0.0
2025,4,00-0036849,Tutu Atwell,WR,LA,8.0,2.0,3.0,0.0,69.8,74.0,46.0,26.5,49.5,3.5,IND,0.4666666666666666,1.0,0.03242243867243867,0.0,31.7,15.8
2025,4,00-0036862,Ben Skowronek,WR,PIT,3.0,13.0,1.0,0.0,31.2,41.0,22.0,19.5,41.5,-2.5,MIN,3.0666666666666664,0.3333333333333333,0.011494252873563218,0.0,20.166666666666668,0.0
2025,4,00-0036875,Rhamondre Stevenson,RB,NE,39.0,43.0,42.0,42.0,61.5,62.0,46.0,24.0,42.5,5.5,CAR,10.833333333333336,11.0,0.4245071908490199,1.6666666666666667,21.899999999999995,5.1
2025,4,00-0036876,Kylen Granson,TE,PHI,6.0,6.0,3.0,0.0,38.2,62.0,37.0,24.0,44.5,3.5,TB,0.8666666666666667,0.6666666666666666,0.03253968253968254,0.0,8.200000000000001,0.0
2025,4,00-0036887,Luke Farrell,TE,SF,19.0,36.0,6.0,25.0,49.6,65.0,41.0,24.5,45.5,3.5,JAC,5.45,2.0,0.05616554054054054,0.5,9.033333333333333,4.0
2025,4,00-0036900,Ja'Marr Chase,WR,CIN,74.0,71.0,29.0,50.0,50.8,37.0,42.0,18.5,44.5,-7.5,DEN,17.333333333333332,9.333333333333334,0.2892908686639728,1.0,29.76666666666667,7.3
2025,4,00-0036912,DeVonta Smith,WR,PHI,47.0,46.0,25.0,67.0,61.4,62.0,45.0,24.0,44.5,3.5,TB,11.299999999999999,6.0,0.24523809523809523,1.3333333333333333,31.066666666666666,4.9
2025,4,00-0036919,Kenny Gainwell,RB,PIT,31.0,29.0,36.0,17.0,75.1,41.0,39.0,19.5,41.5,-2.5,MIN,7.166666666666667,8.666666666666666,0.36399787951512086,0.6666666666666666,18.73333333333333,31.4
2025,4,00-0036945,Justin Fields,QB,NYJ,58.0,64.0,100.0,24.0,59.8,48.0,72.0,21.0,44.5,-2.5,MIA,17.75,25.0,0.2728937728937729,3.0,26.266666666666666,27.14
2025,4,00-0036963,Amon-Ra St. Brown,WR,DET,71.0,93.0,31.0,100.0,63.3,78.0,42.0,27.25,44.5,10.0,CLE,22.8,9.0,0.30837028468607414,2.6666666666666665,29.8,26.0
2025,4,00-0036970,Kyle Pitts,TE,ATL,59.0,63.0,19.0,0.0,80.5,58.0,58.0,23.0,43.5,2.5,WSH,9.5,6.333333333333333,0.19163763066202089,0.0,13.766666666666666,18.0
2025,4,00-0036971,Trevor Lawrence,QB,JAC,93.0,55.0,38.0,49.0,82.2,48.0,29.0,21.0,45.5,-3.5,SF,15.113333333333332,40.333333333333336,0.09413580246913579,6.0,14.413333333333332,11.66
2025,4,00-0036973,Travis Etienne,RB,JAC,64.0,63.0,66.0,92.0,88.5,48.0,35.0,21.0,45.5,-3.5,SF,15.700000000000001,18.0,0.6564373897707231,3.6666666666666665,16.96666666666667,19.5
2025,4,00-0036980,Elijah Moore,WR,BUF,24.0,26.0,10.0,0.0,58.3,100.0,48.0,32.0,48.5,15.5,NO,6.3,3.0,0.09638002093115872,0.0,32.4,0.0
2025,4,00-0036988,Josh Palmer,WR,BUF,34.0,26.0,12.0,50.0,43.3,100.0,48.0,32.0,48.5,15.5,NO,6.433333333333333,4.333333333333333,0.11901234567901235,1.0,32.4,4.5
2025,4,00-0036997,Javonte Williams,RB,DAL,69.0,79.0,72.0,42.0,82.3,45.0,35.0,20.25,47.5,-7.0,GB,19.866666666666667,19.333333333333332,0.7212787212787214,1.6666666666666667,17.033333333333335,19.0
2025,4,00-0037004,Hunter Long,TE,JAC,19.0,36.0,7.0,25.0,64.5,48.0,55.0,21.0,45.5,-3.5,SF,5.4,2.0,0.06547619047619047,0.5,12.866666666666667,11.3
2025,4,00-0037005,Tommy Tremble,TE,CAR,19.0,22.0,6.0,17.0,62.4,37.0,63.0,18.5,42.5,-5.5,NE,3.266666666666666,2.0,0.05644962387470712,0.3333333333333333,15.0,15.2
2025,4,00-0037085,Tyler Badie,RB,DEN,11.0,10.0,9.0,0.0,34.4,72.0,64.0,26.0,44.5,7.5,CIN,2.5999999999999996,3.0,0.09166666666666667,0.0,30.066666666666666,2.1
2025,4,00-0037086,Grant Calcaterra,TE,PHI,9.0,5.0,5.0,0.0,31.2,62.0,37.0,24.0,44.5,3.5,TB,0.8,1.0,0.047619047619047616,0.0,8.200000000000001,2.6
2025,4,00-0037091,Bo Melton,WR,GB,0.0,0.0,0.0,0.0,56.8,78.0,80.0,27.25,47.5,7.0,DAL,0.0,0.0,0.0,0.0,47.9,0.0
2025,4,00-0037093,Dareke Young,WR,SEA,4.0,4.0,2.0,0.0,31.2,55.0,56.0,22.5,43.5,1.5,ARI,1.1,0.5,0.025,0.0,36.46666666666667,0.0
2025,4,00-0037112,Jake Tonges,TE,SF,34.0,48.0,10.0,33.0,74.4,65.0,41.0,24.5,45.5,3.5,JAC,7.233333333333333,3.6666666666666665,0.10332207207207207,0.6666666666666666,9.033333333333333,14.8
2025,4,00-0037120,Tyler Goodson,RB,IND,7.0,2.0,7.0,0.0,56.8,58.0,20.0,23.0,49.5,-3.5,LA,0.6,2.0,0.07142857142857142,0.0,10.033333333333333,1.0
2025,4,00-0037157,Bam Knight,RB,ARI,0.0,0.0,0.0,0.0,56.8,48.0,45.0,21.0,43.5,-1.5,SEA,0.0,0.0,0.0,0.0,21.400000000000002,0.0
2025,4,00-0037197,Isiah Pacheco,RB,KC,37.0,19.0,40.0,25.0,86.6,58.0,80.0,23.0,48.5,-2.5,BAL,4.833333333333333,10.333333333333334,0.4041200676836419,1.0,37.46666666666666,12.8
2025,4,00-0037238,Drake London,WR,ATL,71.0,43.0,25.0,33.0,70.0,58.0,56.0,23.0,43.5,2.5,WSH,10.633333333333333,9.0,0.24758033294618662,0.6666666666666666,36.5,25.0
2025,4,00-0037239,Chris Olave,WR,NO,97.0,54.0,32.0,67.0,89.0,27.0,42.0,16.5,48.5,-15.5,BUF,13.166666666666666,12.333333333333334,0.31755141080822574,1.3333333333333333,29.8,11.0
2025,4,00-0037240,Jameson Williams,WR,DET,34.0,43.0,15.0,17.0,69.5,78.0,42.0,27.25,44.5,10.0,CLE,10.566666666666668,4.333333333333333,0.14509175035490823,0.3333333333333333,29.8,5.7
2025,4,00-0037247,George Pickens,WR,DAL,58.0,57.0,17.0,100.0,71.5,45.0,32.0,20.25,47.5,-7.0,GB,13.866666666666667,7.333333333333333,0.16627816627816627,2.3333333333333335,24.933333333333334,33.4
2025,4,00-0037248,James Cook,RB,BUF,74.0,91.0,62.0,100.0,88.1,100.0,53.0,32.0,48.5,15.5,NO,22.833333333333332,20.666666666666668,0.6245509525529531,4.0,24.899999999999995,22.5
2025,4,00-0037256,Rachaad White,RB,TB,25.0,26.0,23.0,17.0,44.4,46.0,41.0,20.5,44.5,-3.5,PHI,6.533333333333334,7.0,0.23024010870381803,0.6666666666666666,19.8,8.6
2025,4,00-0037261,Khalil Shakir,WR,BUF,39.0,40.0,14.0,67.0,55.5,100.0,48.0,32.0,48.5,15.5,NO,9.700000000000001,5.0,0.14271604938271606,1.3333333333333333,32.4,17.9
2025,4,00-0037263,Tyler Allgeier,RB,ATL,36.0,25.0,30.0,50.0,42.1,58.0,27.0,23.0,43.5,2.5,WSH,6.266666666666666,10.0,0.3024256878975861,2.0,13.066666666666668,11.1
2025,4,00-0037267,Jerome Ford,RB,CLE,27.0,23.0,27.0,17.0,49.4,31.0,39.0,17.25,44.5,-10.0,DET,5.633333333333333,7.666666666666667,0.2726260866504769,0.6666666666666666,18.8,1.3
2025,4,00-0037291,Jalen Nailor,WR,MIN,34.0,23.0,20.0,50.0,81.0,53.0,48.0,22.0,41.5,2.5,PIT,5.533333333333334,4.333333333333333,0.1988095238095238,1.0,32.733333333333334,7.2
2025,4,00-0037292,Andrew Ogletree,TE,IND,0.0,0.0,0.0,0.0,56.8,58.0,48.0,23.0,49.5,-3.5,LA,0.0,0.0,0.0,0.0,10.9,0.0
2025,4,00-0037348,Tanner Conner,TE,MIA,28.0,21.0,10.0,50.0,72.1,60.0,46.0,23.5,44.5,2.5,NYJ,3.15,3.0,0.09926854754440961,1.0,10.466666666666667,0.0
2025,4,00-0037525,Jordan Mason,RB,MIN,52.0,50.0,59.0,58.0,72.0,53.0,45.0,22.0,41.5,2.5,PIT,12.633333333333335,14.666666666666666,0.5865311541882,2.3333333333333335,21.366666666666664,10.2
2025,4,00-0037545,Rashid Shaheed,WR,NO,53.0,44.0,17.0,67.0,78.0,27.0,42.0,16.5,48.5,-15.5,BUF,10.9,6.666666666666667,0.1709708273553324,1.3333333333333333,29.8,9.2
2025,4,00-0037594,Julius Chestnut,RB,TEN,7.0,6.0,9.0,38.0,70.2,25.0,50.0,16.0,39.5,-7.5,HOU,1.4000000000000001,2.0,0.09109730848861283,1.5,23.600000000000005,0.0
2025,4,00-0037614,John Metchie III,WR,PHI,5.0,4.0,3.0,0.0,35.5,62.0,45.0,24.0,44.5,3.5,TB,0.9333333333333332,0.6666666666666666,0.026984126984126982,0.0,31.066666666666666,3.0
2025,4,00-0037617,Hassan Haskins,RB,LAC,0.0,0.0,0.0,0.0,56.8,66.0,56.0,24.75,43.5,6.0,NYG,0.0,0.0,0.0,0.0,26.266666666666666,0.0
2025,4,00-0037654,Tucker Fisk,TE,LAC,9.0,0.0,2.0,0.0,56.8,66.0,58.0,24.75,43.5,6.0,NYG,0.0,1.0,0.022222222222222223,0.0,13.666666666666666,0.0
2025,4,00-0037666,Jalen Tolbert,WR,DAL,32.0,14.0,9.0,67.0,60.8,45.0,32.0,20.25,47.5,-7.0,GB,3.3333333333333335,4.0,0.0912975912975913,1.3333333333333333,24.933333333333334,10.1
2025,4,00-0037740,Garrett Wilson,WR,NYJ,79.0,76.0,39.0,50.0,78.5,48.0,43.0,21.0,44.5,-2.5,MIA,18.633333333333333,10.0,0.39365079365079364,1.0,30.099999999999998,20.2
2025,4,00-0037741,Jahan Dotson,WR,PHI,18.0,16.0,10.0,17.0,50.9,62.0,45.0,24.0,44.5,3.5,TB,4.0,2.3333333333333335,0.0992063492063492,0.3333333333333333,31.066666666666666,0.0
2025,4,00-0037744,Trey McBride,TE,ARI,75.0,91.0,28.0,50.0,90.5,48.0,80.0,21.0,43.5,-1.5,SEA,13.733333333333334,8.0,0.27521298174442194,1.0,19.466666666666665,12.2
2025,4,00-0037745,Velus Jones Jr.,WR,NO,0.0,0.0,0.0,0.0,56.8,27.0,42.0,16.5,48.5,-15.5,BUF,0.0,0.0,0.0,0.0,29.8,0.0
2025,4,00-0037746,Brian Robinson,RB,SF,24.0,13.0,22.0,8.0,64.8,65.0,29.0,24.5,45.5,3.5,JAC,3.266666666666667,6.666666666666667,0.22343208593208594,0.3333333333333333,14.0,2.1
2025,4,00-0037801,KaVontae Turpin,WR,DAL,37.0,39.0,14.0,33.0,75.5,45.0,32.0,20.25,47.5,-7.0,GB,9.6,4.666666666666667,0.13934953934953934,0.6666666666666666,24.933333333333334,6.4
2025,4,00-0037805,Jeremy Ruckert,TE,NYJ,14.0,37.0,7.0,25.0,70.5,48.0,72.0,21.0,44.5,-2.5,MIA,5.55,1.5,0.07142857142857142,0.5,17.233333333333334,3.3
2025,4,00-0037809,Chig Okonkwo,TE,TEN,50.0,53.0,18.0,0.0,80.3,25.0,47.0,16.0,39.5,-7.5,HOU,8.0,5.333333333333333,0.1766729917773561,0.0,10.733333333333334,1.4
2025,4,00-0037816,Romeo Doubs,WR,GB,29.0,34.0,15.0,50.0,69.8,78.0,80.0,27.25,47.5,7.0,DAL,8.366666666666667,3.6666666666666665,0.14900112233445567,1.0,47.9,29.8
2025,4,00-0037834,Brock Purdy,QB,SF,92.0,75.0,56.0,97.0,56.8,65.0,48.0,24.5,45.5,3.5,JAC,20.779999999999998,40.0,0.1388888888888889,12.0,19.766666666666666,21.66
2025,4,00-0037837,Calvin Austin III,WR,PIT,39.0,44.0,19.0,33.0,71.7,41.0,22.0,19.5,41.5,-2.5,MIN,10.866666666666667,5.0,0.1891675374433995,0.6666666666666666,20.166666666666668,3.3
2025,4,00-0037840,Kyren Williams,RB,LA,74.0,57.0,76.0,83.0,87.0,74.0,40.0,26.5,49.5,3.5,IND,14.366666666666667,20.666666666666668,0.7566663175534143,3.3333333333333335,19.133333333333336,12.4
2025,4,00-0038041,Jake Ferguson,TE,DAL,100.0,100.0,24.0,33.0,71.8,45.0,68.0,20.25,47.5,-7.0,GB,15.1,10.666666666666666,0.2435897435897436,0.6666666666666666,16.166666666666668,17.0
2025,4,00-0038090,Skyy Moore,WR,SF,3.0,3.0,1.0,0.0,31.2,65.0,62.0,24.5,45.5,3.5,JAC,0.6666666666666666,0.3333333333333333,0.009009009009009009,0.0,39.300000000000004,0.0
2025,4,00-0038104,Tyquan Thornton,WR,KC,47.0,52.0,18.0,17.0,67.8,58.0,51.0,23.0,48.5,-2.5,BAL,12.700000000000001,6.0,0.1782732693803474,0.3333333333333333,34.166666666666664,8.1
2025,4,00-0038115,Daniel Bellinger,TE,NYG,6.0,9.0,2.0,17.0,37.5,38.0,41.0,18.75,43.5,-6.0,LAC,1.3333333333333333,0.6666666666666666,0.021527777777777774,0.3333333333333333,9.200000000000001,2.3
2025,4,00-0038117,Wan'Dale Robinson,WR,NYG,58.0,59.0,21.0,33.0,59.0,38.0,39.0,18.75,43.5,-6.0,LAC,14.433333333333332,7.333333333333333,0.2111111111111111,0.6666666666666666,28.400000000000002,4.4
2025,4,00-0038120,Breece Hall,RB,NYJ,61.0,42.0,62.0,17.0,74.9,48.0,49.0,21.0,44.5,-2.5,MIA,10.5,17.0,0.6198120719859851,0.6666666666666666,23.26666666666667,16.1
2025,4,00-0038129,Cade Otton,TE,TB,33.0,18.0,11.0,25.0,66.0,46.0,31.0,20.5,44.5,-3.5,PHI,2.75,3.5,0.10555555555555556,0.5,6.6000000000000005,3.9
2025,4,00-0038134,Kenneth Walker III,RB,SEA,52.0,56.0,51.0,75.0,78.5,55.0,46.0,22.5,43.5,1.5,ARI,14.066666666666665,14.666666666666666,0.5124789004099349,3.0,22.0,12.0
2025,4,00-0038359,Xavier Smith,WR,LA,3.0,6.0,1.0,0.0,31.2,74.0,46.0,26.5,49.5,3.5,IND,1.5333333333333332,0.3333333333333333,0.011904761904761904,0.0,31.7,0.0
2025,4,00-0038393,Dontayvion Wicks,WR,GB,32.0,24.0,16.0,17.0,69.0,78.0,80.0,27.25,47.5,7.0,DAL,5.833333333333333,4.0,0.15771043771043772,0.3333333333333333,47.9,3.9
2025,4,00-0038440,Zavier Scott,RB,MIN,32.0,24.0,30.0,0.0,56.8,53.0,45.0,22.0,41.5,2.5,PIT,6.0,9.0,0.29973118279569894,0.0,21.366666666666664,16.4
2025,4,00-0038465,Malik Heath,WR,GB,4.0,10.0,2.0,0.0,31.2,78.0,80.0,27.25,47.5,7.0,DAL,2.35,0.5,0.018518518518518517,0.0,47.9,1.9
2025,4,00-0038519,Nikko Remigio,WR,KC,5.0,6.0,2.0,0.0,34.0,58.0,51.0,23.0,48.5,-2.5,BAL,1.4000000000000001,0.6666666666666666,0.023399014778325122,0.0,34.166666666666664,0.0
2025,4,00-0038542,Bijan Robinson,RB,ATL,77.0,80.0,70.0,58.0,85.8,58.0,27.0,23.0,43.5,2.5,WSH,20.099999999999998,21.666666666666668,0.7029982507182931,2.3333333333333335,13.066666666666668,28.1
2025,4,00-0038543,Jaxon Smith-Njigba,WR,SEA,76.0,82.0,41.0,33.0,81.4,55.0,56.0,22.5,43.5,1.5,ARI,20.1,9.666666666666666,0.40808080808080804,0.6666666666666666,36.46666666666667,13.0
2025,4,00-0038544,Quentin Johnston,WR,LAC,63.0,76.0,23.0,83.0,85.4,66.0,72.0,24.75,43.5,6.0,NYG,18.566666666666666,8.0,0.2345343835539914,1.6666666666666667,44.1,23.8
2025,4,00-0038547,Luke Schoonmaker,TE,DAL,12.0,3.0,3.0,0.0,56.5,45.0,68.0,20.25,47.5,-7.0,GB,0.5,1.3333333333333333,0.0304972804972805,0.0,16.166666666666668,2.8
2025,4,00-0038551,Kendre Miller,RB,NO,24.0,13.0,24.0,8.0,71.4,27.0,46.0,16.5,48.5,-15.5,BUF,3.3333333333333335,6.666666666666667,0.2437969685698045,0.3333333333333333,22.0,12.5
2025,4,00-0038555,Tank Bigsby,RB,PHI,9.0,2.0,8.0,12.0,31.2,62.0,45.0,24.0,44.5,3.5,TB,0.6,2.5,0.078125,0.5,21.333333333333332,0.0
2025,4,00-0038558,Darnell Washington,TE,PIT,9.0,0.0,3.0,50.0,56.8,41.0,52.0,19.5,41.5,-2.5,MIN,0.0,1.0,0.03333333333333333,1.0,11.933333333333332,5.0
2025,4,00-0038559,Michael Wilson,WR,ARI,21.0,15.0,9.0,17.0,53.5,48.0,24.0,21.0,43.5,-1.5,SEA,3.6999999999999997,2.6666666666666665,0.09225152129817445,0.3333333333333333,21.2,4.5
2025,4,00-0038563,Tre Tucker,WR,LV,58.0,81.0,23.0,50.0,49.5,65.0,63.0,24.5,47.5,1.5,CHI,19.73333333333333,7.333333333333333,0.23287826684399512,1.0,39.96666666666667,4.2
2025,4,00-0038576,Charlie Jones,WR,CIN,0.0,0.0,0.0,0.0,56.8,37.0,42.0,18.5,44.5,-7.5,DEN,0.0,0.0,0.0,0.0,29.76666666666667,0.0
2025,4,00-0038590,Justin Shorter,TE,LV,0.0,0.0,0.0,0.0,56.8,65.0,64.0,24.5,47.5,1.5,CHI,0.0,0.0,0.0,0.0,15.366666666666665,0.0
2025,4,00-0038597,Chase Brown,RB,CIN,69.0,37.0,91.0,67.0,76.9,37.0,47.0,18.5,44.5,-7.5,DEN,9.200000000000001,19.333333333333332,0.9076401139388114,2.6666666666666665,22.433333333333334,10.1
2025,4,00-0038606,Parker Washington,WR,JAC,42.0,27.0,15.0,17.0,31.9,48.0,35.0,21.0,45.5,-3.5,SF,6.666666666666667,5.333333333333333,0.14947089947089948,0.3333333333333333,26.53333333333333,-0.1
2025,4,00-0038608,Kayshon Boutte,WR,NE,32.0,40.0,10.0,33.0,49.2,62.0,20.0,24.0,42.5,5.5,CAR,9.9,4.0,0.10152979066022545,0.6666666666666666,19.166666666666668,2.8
2025,4,00-0038611,Chris Rodriguez Jr.,RB,WSH,39.0,16.0,34.0,50.0,56.8,46.0,31.0,20.5,43.5,-2.5,ATL,3.9,11.0,0.34375,2.0,15.266666666666667,5.9
2025,4,00-0038618,Xavier Hutchinson,WR,HOU,24.0,20.0,11.0,0.0,91.6,60.0,66.0,23.5,39.5,7.5,TEN,5.0,3.0,0.10829307568438003,0.0,41.26666666666667,3.7
2025,4,00-0038619,Andrei Iosivas,WR,CIN,39.0,9.0,12.0,0.0,56.8,37.0,42.0,18.5,44.5,-7.5,DEN,2.2,5.0,0.11627906976744186,0.0,29.76666666666667,3.7
2025,4,00-0038643,Brayden Willis,TE,SF,5.0,0.0,1.0,0.0,41.8,65.0,41.0,24.5,45.5,3.5,JAC,0.0,0.5,0.013513513513513514,0.0,9.033333333333333,0.0
2025,4,00-0038679,Tyrell Shavers,WR,BUF,16.0,9.0,8.0,0.0,70.5,100.0,48.0,32.0,48.5,15.5,NO,2.2,2.0,0.07703703703703704,0.0,32.4,0.0
2025,4,00-0038685,Chris Brooks,RB,GB,7.0,9.0,8.0,0.0,31.2,78.0,42.0,27.25,47.5,7.0,DAL,2.3333333333333335,2.0,0.0778675645342312,0.0,19.933333333333334,1.1
2025,4,00-0038705,Emari Demercado,RB,ARI,5.0,0.0,5.0,0.0,41.8,48.0,45.0,21.0,43.5,-1.5,SEA,0.0,1.5,0.05042016806722689,0.0,21.400000000000002,10.1
2025,4,00-0038710,Blake Whiteheart,TE,CLE,0.0,0.0,0.0,0.0,56.8,31.0,68.0,17.25,44.5,-10.0,DET,0.0,0.0,0.0,0.0,16.233333333333334,0.0
2025,4,00-0038720,Julian Hill,TE,MIA,5.0,5.0,2.0,25.0,31.2,60.0,46.0,23.5,44.5,2.5,NYJ,0.7,0.5,0.015151515151515152,0.5,10.466666666666667,2.9
2025,4,00-0038738,Hunter Luepke,RB,DAL,0.0,0.0,0.0,0.0,56.8,45.0,35.0,20.25,47.5,-7.0,GB,0.0,0.0,0.0,0.0,17.033333333333335,0.6
2025,4,00-0038797,Emanuel Wilson,RB,GB,8.0,4.0,8.0,0.0,31.2,78.0,42.0,27.25,47.5,7.0,DAL,0.9666666666666667,2.3333333333333335,0.0778494623655914,0.0,19.933333333333334,11.1
2025,4,00-0038839,Mitchell Tinsley,WR,CIN,8.0,17.0,3.0,25.0,66.2,37.0,42.0,18.5,44.5,-7.5,DEN,4.15,1.0,0.030858676207513418,0.5,29.76666666666667,1.9
2025,4,00-0038840,Brycen Tremayne,WR,CAR,18.0,15.0,6.0,0.0,33.0,37.0,56.0,18.5,42.5,-5.5,NE,3.766666666666667,2.3333333333333335,0.05922431865828093,0.0,36.43333333333333,6.6
2025,4,00-0038896,Jacob Saylors,RB,DET,0.0,0.0,0.0,0.0,56.8,78.0,26.0,27.25,44.5,10.0,CLE,0.0,0.0,0.0,0.0,12.800000000000002,1.1
2025,4,00-0038933,Dalton Kincaid,TE,BUF,50.0,89.0,18.0,100.0,75.6,100.0,54.0,32.0,48.5,15.5,NO,13.366666666666667,5.333333333333333,0.1837037037037037,2.0,12.5,9.8
2025,4,00-0038935,Brenton Strange,TE,JAC,50.0,59.0,18.0,0.0,77.5,48.0,55.0,21.0,45.5,-3.5,SF,8.9,5.333333333333333,0.17592592592592593,0.0,12.866666666666667,10.5
2025,4,00-0038951,Sean Tucker,RB,TB,1.0,0.0,1.0,0.0,31.2,46.0,41.0,20.5,44.5,-3.5,PHI,0.06666666666666667,0.3333333333333333,0.014492753623188406,0.0,19.8,0.0
2025,4,00-0038976,Marvin Mims Jr.,WR,DEN,26.0,22.0,12.0,0.0,58.4,72.0,43.0,26.0,44.5,7.5,CIN,5.333333333333333,3.3333333333333335,0.11723027375201288,0.0,30.36666666666667,20.5
2025,4,00-0038979,Cedric Tillman,WR,CLE,47.0,44.0,15.0,33.0,68.5,31.0,54.0,17.25,44.5,-10.0,DET,10.666666666666666,6.0,0.15165263259775455,0.6666666666666666,35.43333333333333,1.6
2025,4,00-0038996,Tucker Kraft,TE,GB,50.0,89.0,21.0,50.0,67.5,78.0,47.0,27.25,47.5,7.0,DAL,13.399999999999999,5.333333333333333,0.213692480359147,1.0,10.666666666666666,10.6
2025,4,00-0038997,Josh Downs,WR,IND,37.0,27.0,16.0,33.0,58.1,58.0,51.0,23.0,49.5,-3.5,LA,6.566666666666666,4.666666666666667,0.15529083942877045,0.6666666666666666,34.0,6.4
2025,4,00-0039021,Roschon Johnson,RB,CHI,0.0,0.0,0.0,0.0,56.8,58.0,38.0,23.0,47.5,-1.5,LV,0.0,0.0,0.0,0.0,18.066666666666666,0.0
2025,4,00-0039040,De'Von Achane,RB,MIA,63.0,78.0,85.0,17.0,79.3,60.0,45.0,23.5,44.5,2.5,NYJ,19.599999999999998,17.666666666666668,0.8468861024033437,0.6666666666666666,21.599999999999998,17.1
2025,4,00-0039041,Elijah Higgins,TE,ARI,19.0,21.0,7.0,33.0,50.5,48.0,80.0,21.0,43.5,-1.5,SEA,3.1666666666666665,2.0,0.07279242731575389,0.6666666666666666,19.466666666666665,0.0
2025,4,00-0039050,Payne Durham,TE,TB,5.0,0.0,1.0,0.0,41.8,46.0,31.0,20.5,44.5,-3.5,PHI,0.0,0.5,0.013888888888888888,0.0,6.6000000000000005,0.0
2025,4,00-0039064,Zay Flowers,WR,BAL,68.0,63.0,36.0,17.0,52.8,70.0,45.0,25.5,48.5,2.5,KC,15.433333333333332,8.666666666666666,0.3634229251289142,0.3333333333333333,31.266666666666666,14.4
2025,4,00-0039065,Sam LaPorta,TE,DET,53.0,59.0,18.0,50.0,67.8,78.0,46.0,27.25,44.5,10.0,CLE,8.933333333333332,5.666666666666667,0.17784846732215154,1.0,10.5,6.9
2025,4,00-0039074,Davis Allen,TE,LA,12.0,38.0,4.0,33.0,60.9,74.0,49.0,26.5,49.5,3.5,IND,5.8,1.3333333333333333,0.044327200577200576,0.6666666666666666,11.166666666666666,1.0
2025,4,00-0039075,Puka Nacua,WR,LA,100.0,100.0,41.0,17.0,86.3,74.0,46.0,26.5,49.5,3.5,IND,24.5,12.666666666666666,0.41363688730624215,0.3333333333333333,31.7,36.0
2025,4,00-0039139,Jahmyr Gibbs,RB,DET,74.0,82.0,66.0,100.0,79.5,78.0,26.0,27.25,44.5,10.0,CLE,20.433333333333334,20.666666666666668,0.6630360867202972,5.0,12.800000000000002,17.7
2025,4,00-0039144,Luke Musgrave,TE,GB,14.0,22.0,6.0,0.0,64.2,78.0,47.0,27.25,47.5,7.0,DAL,3.3,1.5,0.05976430976430976,0.0,10.666666666666666,1.6
2025,4,00-0039150,Bryce Young,QB,CAR,95.0,62.0,50.0,68.0,76.7,37.0,41.0,18.5,42.5,-5.5,NE,17.039999999999996,41.0,0.1239766081871345,8.333333333333334,17.913333333333334,10.3
2025,4,00-0039163,C.J. Stroud,QB,HOU,78.0,48.0,81.0,30.0,89.0,60.0,34.0,23.5,39.5,7.5,TEN,13.353333333333333,34.0,0.2020792722547108,3.6666666666666665,15.96,18.42
2025,4,00-0039165,Zach Charbonnet,RB,SEA,48.0,23.0,49.0,75.0,66.8,55.0,46.0,22.5,43.5,1.5,ARI,5.85,13.5,0.4893899204244032,3.0,22.0,12.4
2025,4,00-0039299,George Holani,RB,SEA,14.0,8.0,13.0,0.0,31.2,55.0,46.0,22.5,43.5,1.5,ARI,2.066666666666667,4.0,0.13434343434343435,0.0,22.0,0.0
2025,4,00-0039337,Malik Nabers,WR,NYG,84.0,72.0,31.0,67.0,60.0,38.0,39.0,18.75,43.5,-6.0,LAC,17.7,10.666666666666666,0.3111111111111111,1.3333333333333333,28.400000000000002,4.0
2025,4,00-0039338,Brock Bowers,TE,LV,66.0,70.0,20.0,50.0,79.8,65.0,64.0,24.5,47.5,1.5,CHI,10.633333333333335,7.0,0.2045519797457782,1.0,15.366666666666665,9.6
2025,4,00-0039355,Luke McCaffrey,WR,WSH,11.0,24.0,6.0,17.0,31.2,46.0,34.0,20.5,43.5,-2.5,ATL,5.833333333333333,1.3333333333333333,0.06388888888888888,0.3333333333333333,25.933333333333334,10.1
2025,4,00-0039361,Bucky Irving,RB,TB,83.0,62.0,78.0,50.0,87.1,46.0,41.0,20.5,44.5,-3.5,PHI,15.5,23.333333333333332,0.7828624903234657,2.0,19.8,27.5
2025,4,00-0039376,Spencer Rattler,QB,NO,99.0,57.0,52.0,49.0,84.6,27.0,47.0,16.5,48.5,-15.5,BUF,15.62,43.0,0.12974186307519642,6.0,19.506666666666664,13.94
2025,4,00-0039394,Casey Washington,WR,ATL,47.0,26.0,14.0,0.0,56.8,58.0,56.0,23.0,43.5,2.5,WSH,6.3,6.0,0.14285714285714285,0.0,36.5,2.9
2025,4,00-0039407,Dylan Laube,RB,LV,7.0,5.0,6.0,0.0,31.2,65.0,56.0,24.5,47.5,1.5,CHI,1.3,2.0,0.06356384069562364,0.0,26.53333333333333,0.0
2025,4,00-0039410,Ryan Flournoy,WR,DAL,12.0,8.0,3.0,0.0,31.2,45.0,32.0,20.25,47.5,-7.0,GB,2.05,1.5,0.03409090909090909,0.0,24.933333333333334,4.6
2025,4,00-0039451,Isaiah Williams,WR,NYJ,0.0,0.0,0.0,0.0,56.8,48.0,43.0,21.0,44.5,-2.5,MIA,0.0,0.0,0.0,0.0,30.099999999999998,0.0
2025,4,00-0039589,Kameron Johnson,WR,TB,0.0,0.0,0.0,0.0,56.8,46.0,47.0,20.5,44.5,-3.5,PHI,0.0,0.0,0.0,0.0,32.333333333333336,0.0
2025,4,00-0039686,Colson Yankoff,TE,WSH,0.0,0.0,0.0,0.0,56.8,46.0,20.0,20.5,43.5,-2.5,ATL,0.0,0.0,0.0,0.0,3.6,0.0
2025,4,00-0039732,Bo Nix,QB,DEN,88.0,59.0,100.0,30.0,82.5,72.0,44.0,26.0,44.5,7.5,CIN,16.166666666666668,38.0,0.2575396825396825,3.6666666666666665,18.64,27.74
2025,4,00-0039738,Blake Corum,RB,LA,18.0,24.0,18.0,33.0,54.8,74.0,40.0,26.5,49.5,3.5,IND,6.099999999999999,5.0,0.17792626728110597,1.3333333333333333,19.133333333333336,3.6
2025,4,00-0039746,Will Shipley,RB,PHI,11.0,10.0,8.0,0.0,56.8,62.0,45.0,24.0,44.5,3.5,TB,2.6,3.0,0.07894736842105263,0.0,21.333333333333332,0.0
2025,4,00-0039751,Jordan Whittington,WR,LA,21.0,14.0,9.0,17.0,41.1,74.0,46.0,26.5,49.5,3.5,IND,3.366666666666667,2.6666666666666665,0.085975073313783,0.3333333333333333,31.7,1.7
2025,4,00-0039792,Devontez Walker,WR,BAL,12.0,43.0,5.0,25.0,62.4,70.0,45.0,25.5,48.5,2.5,KC,10.5,1.5,0.05357142857142857,0.5,31.266666666666666,0.0
2025,4,00-0039793,AJ Barner,TE,SEA,25.0,34.0,10.0,17.0,51.8,55.0,56.0,22.5,43.5,1.5,ARI,5.1000000000000005,2.6666666666666665,0.10461779599710634,0.3333333333333333,13.0,12.2
2025,4,00-0039794,Braelon Allen,RB,NYJ,20.0,20.0,20.0,42.0,61.2,48.0,49.0,21.0,44.5,-2.5,MIA,4.9,5.666666666666667,0.20490523968784838,1.6666666666666667,23.26666666666667,2.6
2025,4,00-0039796,Rasheen Ali,RB,BAL,1.0,1.0,1.0,8.0,31.2,70.0,42.0,25.5,48.5,2.5,KC,0.16666666666666666,0.3333333333333333,0.011494252873563218,0.3333333333333333,20.066666666666666,0.0
2025,4,00-0039798,Isaiah Davis,RB,NYJ,6.0,5.0,6.0,8.0,35.9,48.0,49.0,21.0,44.5,-2.5,MIA,1.1333333333333335,1.6666666666666667,0.0647130647130647,0.3333333333333333,23.26666666666667,4.7
2025,4,00-0039816,Anthony Gould,WR,IND,0.0,0.0,0.0,0.0,56.8,58.0,51.0,23.0,49.5,-3.5,LA,0.0,0.0,0.0,0.0,34.0,0.0
2025,4,00-0039847,Theo Johnson,TE,NYG,31.0,24.0,10.0,67.0,57.2,38.0,41.0,18.75,43.5,-6.0,LAC,3.6333333333333333,3.3333333333333335,0.09513888888888888,1.3333333333333333,9.200000000000001,10.7
2025,4,00-0039849,Marvin Harrison Jr.,WR,ARI,45.0,41.0,19.0,50.0,75.5,48.0,24.0,21.0,43.5,-1.5,SEA,10.066666666666668,5.666666666666667,0.19445571331981068,1.0,21.2,18.6
2025,4,00-0039851,Drake Maye,QB,NE,98.0,81.0,100.0,43.0,87.8,62.0,21.0,24.0,42.5,5.5,CAR,22.433333333333334,42.333333333333336,0.2694763729246488,5.333333333333333,12.486666666666666,23.22
2025,4,00-0039868,Troy Franklin,WR,DEN,53.0,48.0,23.0,67.0,55.8,72.0,43.0,26.0,44.5,7.5,CIN,11.733333333333334,6.666666666666667,0.22741545893719806,1.3333333333333333,30.36666666666667,9.5
2025,4,00-0039875,Ray Davis,RB,BUF,14.0,5.0,10.0,8.0,31.2,100.0,53.0,32.0,48.5,15.5,NO,1.1666666666666667,4.0,0.10027321645226121,0.3333333333333333,24.899999999999995,0.3
2025,4,00-0039880,Malik Washington,WR,MIA,47.0,20.0,25.0,17.0,80.0,60.0,52.0,23.5,44.5,2.5,NYJ,4.866666666666666,6.0,0.2513096482061999,0.3333333333333333,34.5,4.1
2025,4,00-0039890,Adonai Mitchell,WR,IND,21.0,11.0,9.0,0.0,58.9,58.0,51.0,23.0,49.5,-3.5,LA,2.6999999999999997,2.6666666666666665,0.09005921281783351,0.0,34.0,12.6
2025,4,00-0039893,Brian Thomas Jr.,WR,JAC,68.0,35.0,29.0,50.0,82.0,48.0,35.0,21.0,45.5,-3.5,SF,8.466666666666667,8.666666666666666,0.2913690476190476,1.0,26.53333333333333,10.6
2025,4,00-0039894,Xavier Worthy,WR,KC,16.0,0.0,9.0,0.0,56.8,58.0,51.0,23.0,48.5,-2.5,BAL,0.0,2.0,0.08513931888544891,0.0,34.166666666666664,17.1
2025,4,00-0039901,Keon Coleman,WR,BUF,47.0,49.0,17.0,83.0,47.7,100.0,48.0,32.0,48.5,15.5,NO,11.933333333333332,6.0,0.1708641975308642,1.6666666666666667,32.4,7.5
2025,4,00-0039912,Ben Sinnott,TE,WSH,9.0,11.0,2.0,0.0,56.8,46.0,20.0,20.5,43.5,-2.5,ATL,1.7,1.0,0.025,0.0,3.6,0.0
2025,4,00-0039915,Ladd McConkey,WR,LAC,55.0,43.0,20.0,17.0,80.4,66.0,72.0,24.75,43.5,6.0,NYG,10.433333333333332,7.0,0.2018155410312273,0.3333333333333333,44.1,2.1
2025,4,00-0039916,Ricky Pearsall,WR,SF,66.0,59.0,24.0,50.0,77.2,65.0,62.0,24.5,45.5,3.5,JAC,14.566666666666668,8.333333333333334,0.23889033264033266,1.0,39.300000000000004,8.6
2025,4,00-0039917,Michael Penix Jr.,QB,ATL,83.0,45.0,44.0,32.0,64.6,58.0,44.0,23.0,43.5,2.5,WSH,12.366666666666667,36.0,0.10896108722195678,4.0,18.686666666666667,20.72
2025,4,00-0039918,Caleb Williams,QB,CHI,84.0,87.0,78.0,43.0,89.6,58.0,50.0,23.0,47.5,-1.5,LV,24.099999999999998,36.333333333333336,0.19612273635262142,5.333333333333333,20.28,13.78
2025,4,00-0039919,Rome Odunze,WR,CHI,71.0,85.0,28.0,67.0,78.3,58.0,66.0,23.0,47.5,-1.5,LV,20.900000000000002,9.0,0.28267973856209144,1.3333333333333333,41.03333333333334,16.9
2025,4,00-0039921,Trey Benson,RB,ARI,38.0,33.0,39.0,25.0,84.9,48.0,45.0,21.0,43.5,-1.5,SEA,8.333333333333334,10.666666666666666,0.39397753574900296,1.0,21.400000000000002,10.4
2025,4,00-0040009,Savion Williams,WR,GB,13.0,5.0,6.0,17.0,46.8,78.0,80.0,27.25,47.5,7.0,DAL,1.1333333333333333,1.6666666666666667,0.058879113717823395,0.3333333333333333,47.9,5.3
2025,4,00-0040078,Brashard Smith,RB,KC,6.0,2.0,6.0,0.0,32.8,58.0,80.0,23.0,48.5,-2.5,BAL,0.5,1.6666666666666667,0.05764809902740937,0.0,37.46666666666666,6.6
2025,4,00-0040122,Ashton Jeanty,RB,LV,63.0,34.0,71.0,58.0,82.1,65.0,56.0,24.5,47.5,1.5,CHI,8.566666666666666,17.666666666666668,0.7104620695501968,2.3333333333333335,26.53333333333333,35.5
2025,4,00-0040124,Tetairoa McMillan,WR,CAR,71.0,48.0,26.0,50.0,82.2,37.0,56.0,18.5,42.5,-5.5,NE,11.866666666666667,9.0,0.26223948698976446,1.0,36.43333333333333,10.2
2025,4,00-0040128,Tyler Warren,TE,IND,72.0,74.0,26.0,50.0,76.5,58.0,48.0,23.0,49.5,-3.5,LA,11.199999999999998,7.666666666666667,0.25957201323580636,1.0,10.9,18.3
2025,4,00-0040129,Emeka Egbuka,WR,TB,58.0,69.0,24.0,50.0,84.2,46.0,47.0,20.5,44.5,-3.5,PHI,17.0,7.333333333333333,0.23792825809317564,1.0,32.333333333333336,20.1
2025,4,00-0040130,Jayden Higgins,WR,HOU,13.0,14.0,6.0,0.0,55.0,60.0,66.0,23.5,39.5,7.5,TEN,3.5,1.6666666666666667,0.060789049919484694,0.0,41.26666666666667,9.4
2025,4,00-0040131,Kyle Williams,WR,NE,8.0,8.0,2.0,0.0,93.5,62.0,20.0,24.0,42.5,5.5,CAR,2.0,1.0,0.025,0.0,19.166666666666668,-0.2
2025,4,00-0040134,Pat Bryant,WR,DEN,24.0,16.0,10.0,0.0,56.8,72.0,43.0,26.0,44.5,7.5,CIN,3.8,3.0,0.1,0.0,30.36666666666667,0.0
2025,4,00-0040138,Jaylin Noel,WR,HOU,8.0,4.0,3.0,0.0,34.0,60.0,66.0,23.5,39.5,7.5,TEN,1.0333333333333332,1.0,0.033950617283950615,0.0,41.26666666666667,1.0
2025,4,00-0040142,Kaleb Johnson,RB,PIT,4.0,-0.0,5.0,0.0,81.3,41.0,39.0,19.5,41.5,-2.5,MIN,-0.05,1.0,0.04880952380952381,0.0,18.73333333333333,2.2
2025,4,00-0040154,Tai Felton,WR,MIN,4.0,4.0,2.0,0.0,31.2,53.0,48.0,22.0,41.5,2.5,PIT,0.95,0.5,0.020833333333333332,0.0,32.733333333333334,0.0
2025,4,00-0040162,Dylan Sampson,RB,CLE,33.0,38.0,33.0,17.0,33.6,31.0,39.0,17.25,44.5,-10.0,DET,9.466666666666667,9.333333333333334,0.33269889431635263,0.6666666666666666,18.8,-0.2
2025,4,00-0040164,Jaylin Lane,WR,WSH,21.0,6.0,9.0,17.0,71.0,46.0,34.0,20.5,43.5,-2.5,ATL,1.3666666666666665,2.6666666666666665,0.09335887611749681,0.3333333333333333,25.933333333333334,3.8
2025,4,00-0040170,Elic Ayomanor,WR,TEN,47.0,44.0,21.0,50.0,72.2,25.0,49.0,16.0,39.5,-7.5,HOU,10.899999999999999,6.0,0.20686907020872866,1.0,32.93333333333334,6.4
2025,4,00-0040184,KeAndre Lambert-Smith,WR,LAC,4.0,0.0,1.0,0.0,41.8,66.0,72.0,24.75,43.5,6.0,NYG,0.0,0.5,0.014705882352941176,0.0,44.1,0.0
2025,4,00-0040187,Mitchell Evans,TE,CAR,9.0,13.0,3.0,0.0,91.7,37.0,63.0,18.5,42.5,-5.5,NE,1.9,1.0,0.030267295597484277,0.0,15.0,11.3
2025,4,00-0040189,Oronde Gadsden II,TE,LAC,66.0,64.0,16.0,100.0,56.8,66.0,58.0,24.75,43.5,6.0,NYG,9.6,7.0,0.15555555555555556,2.0,13.666666666666666,3.6
2025,4,00-0040194,Jackson Hawes,TE,BUF,9.0,28.0,3.0,17.0,74.5,100.0,54.0,32.0,48.5,15.5,NO,4.3,1.0,0.033086419753086425,0.3333333333333333,12.5,2.5
2025,4,00-0040198,Ollie Gordon II,RB,MIA,17.0,18.0,22.0,33.0,39.0,60.0,45.0,23.5,44.5,2.5,NYJ,4.466666666666668,4.666666666666667,0.22038314176245208,1.3333333333333333,21.599999999999998,1.0
2025,4,00-0040208,Tahj Brooks,RB,CIN,6.0,2.0,8.0,0.0,31.2,37.0,47.0,18.5,44.5,-7.5,DEN,0.5666666666666667,1.6666666666666667,0.07936507936507936,0.0,22.433333333333334,0.0
2025,4,00-0040236,Kyle Monangai,RB,CHI,21.0,13.0,21.0,17.0,55.0,58.0,38.0,23.0,47.5,-1.5,LV,3.233333333333333,6.0,0.20739698410421872,0.6666666666666666,18.066666666666666,1.8
2025,4,00-0040237,Tez Johnson,WR,TB,8.0,0.0,3.0,0.0,81.3,46.0,47.0,20.5,44.5,-3.5,PHI,0.0,1.0,0.0339080459770115,0.0,32.333333333333336,2.3
2025,4,00-0040238,LeQuint Allen Jr.,RB,JAC,6.0,7.0,6.0,8.0,68.2,48.0,35.0,21.0,45.5,-3.5,SF,1.7666666666666668,1.6666666666666667,0.06024029982363316,0.3333333333333333,16.96666666666667,1.7
2025,4,00-0040242,Jacory Croskey-Merritt,RB,WSH,30.0,35.0,30.0,33.0,66.0,46.0,31.0,20.5,43.5,-2.5,ATL,8.666666666666666,8.333333333333334,0.2960215433219063,1.3333333333333333,15.266666666666667,7.7
2025,4,00-0040506,Myles Price,WR,MIN,0.0,0.0,0.0,0.0,56.8,53.0,48.0,22.0,41.5,2.5,PIT,0.0,0.0,0.0,0.0,32.733333333333334,0.0
2025,4,00-0040581,Dont'e Thornton Jr.,WR,LV,32.0,20.0,12.0,0.0,85.0,65.0,63.0,24.5,47.5,1.5,CHI,4.8,4.0,0.12079450839140761,0.0,39.96666666666667,0.0
2025,4,00-0040583,Woody Marks,RB,HOU,18.0,15.0,23.0,8.0,53.9,60.0,57.0,23.5,39.5,7.5,TEN,3.6666666666666665,5.0,0.22794304602084922,0.3333333333333333,26.799999999999997,27.9
2025,4,00-0040584,Gunnar Helm,TE,TEN,22.0,25.0,8.0,0.0,77.7,25.0,47.0,16.0,39.5,-7.5,HOU,3.733333333333333,2.3333333333333335,0.07758380771663505,0.0,10.733333333333334,2.2
2025,4,00-0040644,Trevor Etienne,RB,CAR,2.0,2.0,2.0,0.0,34.0,37.0,45.0,18.5,42.5,-5.5,NE,0.5333333333333333,0.6666666666666666,0.019622641509433963,0.0,21.333333333333332,3.3
2025,4,00-0040648,Tory Horton,WR,SEA,21.0,32.0,11.0,17.0,38.1,55.0,56.0,22.5,43.5,1.5,ARI,7.8,2.6666666666666665,0.11111111111111112,0.3333333333333333,36.46666666666667,2.0
2025,4,00-0040663,Harold Fannin Jr.,TE,CLE,59.0,64.0,17.0,17.0,69.4,31.0,68.0,17.25,44.5,-10.0,DET,9.633333333333333,6.333333333333333,0.16763453348819202,0.3333333333333333,16.233333333333334,4.5
2025,4,00-0040666,Omarion Hampton,RB,LAC,63.0,49.0,62.0,83.0,55.5,66.0,56.0,24.75,43.5,6.0,NYG,12.166666666666666,17.666666666666668,0.6249056317683769,3.3333333333333335,26.266666666666666,27.5
2025,4,00-0040667,Matthew Golden,WR,GB,34.0,21.0,16.0,0.0,53.1,78.0,80.0,27.25,47.5,7.0,DAL,5.066666666666667,4.333333333333333,0.16280800839940623,0.0,47.9,11.3
2025,4,00-0040676,Cam Ward,QB,TEN,82.0,37.0,38.0,32.0,79.5,25.0,29.0,16.0,39.5,-7.5,HOU,10.08,35.333333333333336,0.09476031215161651,4.0,14.426666666666668,6.52
2025,4,00-0040691,Jaxson Dart,QB,NYG,2.0,0.0,17.0,0.0,79.3,38.0,35.0,18.75,43.5,-6.0,LAC,0.0,1.0,0.042328042328042326,0.0,16.213333333333335,19.84
2025,4,00-0040704,Dillon Gabriel,QB,CLE,7.0,17.0,0.0,16.0,56.8,31.0,53.0,17.25,44.5,-10.0,DET,4.76,3.0,0.0,2.0,21.233333333333334,0.0
2025,4,00-0040705,Chimere Dike,WR,TEN,39.0,10.0,18.0,83.0,60.9,25.0,49.0,16.0,39.5,-7.5,HOU,2.4,5.0,0.1768120092284765,1.6666666666666667,32.93333333333334,-0.4
2025,4,00-0040715,Cam Skattebo,RB,NYG,43.0,54.0,46.0,67.0,51.5,38.0,30.0,18.75,43.5,-6.0,LAC,13.633333333333333,12.0,0.4617676941952304,2.6666666666666665,14.566666666666665,11.0
2025,4,00-0040719,Bhayshul Tuten,RB,JAC,24.0,33.0,24.0,33.0,53.3,48.0,35.0,21.0,45.5,-3.5,SF,8.200000000000001,6.666666666666667,0.24165564373897708,1.3333333333333333,16.96666666666667,3.2
2025,4,00-0040727,Tre Harris,WR,LAC,13.0,10.0,5.0,17.0,39.3,66.0,72.0,24.75,43.5,6.0,NYG,2.5,1.6666666666666667,0.0542483660130719,0.3333333333333333,44.1,0.0
2025,4,00-0040729,Jack Bech,WR,LV,8.0,11.0,3.0,0.0,88.5,65.0,63.0,24.5,47.5,1.5,CHI,2.65,1.0,0.03367003367003367,0.0,39.96666666666667,0.0
2025,4,00-0040730,RJ Harvey,RB,DEN,23.0,21.0,24.0,0.0,76.0,72.0,64.0,26.0,44.5,7.5,CIN,5.3,6.333333333333333,0.24281688520818956,0.0,30.066666666666666,19.8
2025,4,00-0040734,TreVeyon Henderson,RB,NE,36.0,33.0,35.0,17.0,70.0,62.0,46.0,24.0,42.5,5.5,CAR,8.266666666666666,10.0,0.3547198622910767,0.6666666666666666,21.899999999999995,12.6
2025,4,00-0040735,Luther Burden III,WR,CHI,18.0,30.0,8.0,33.0,45.6,58.0,66.0,23.0,47.5,-1.5,LV,7.333333333333333,2.3333333333333335,0.07721448035849658,0.6666666666666666,41.03333333333334,1.6
2025,4,00-0040736,Mason Taylor,TE,NYJ,28.0,23.0,10.0,17.0,49.6,48.0,72.0,21.0,44.5,-2.5,MIA,3.4333333333333336,3.0,0.10476190476190476,0.3333333333333333,17.233333333333334,11.5
2025,4,00-0040739,Elijah Arroyo,TE,SEA,16.0,15.0,7.0,33.0,46.5,55.0,56.0,22.5,43.5,1.5,ARI,2.2666666666666666,1.6666666666666667,0.06515151515151517,0.6666666666666666,13.0,6.4
2025,4,00-0040782,Isaiah Bond,WR,CLE,24.0,10.0,9.0,17.0,62.0,31.0,54.0,17.25,44.5,-10.0,DET,2.533333333333333,3.0,0.08914493365712878,0.3333333333333333,35.43333333333333,8.8
2025,4,00-0040784,Quinshon Judkins,RB,CLE,59.0,53.0,77.0,50.0,77.5,31.0,39.0,17.25,44.5,-10.0,DET,13.3,16.5,0.7687923036527016,2.0,18.8,21.5
2025,5,00-0026498,Matthew Stafford,QB,LA,83.0,86.0,31.0,81.0,85.8,79.0,25.0,26.0,43.5,8.5,SF,20.85333333333333,37.666666666666664,0.07794871794871795,7.333333333333333,13.725,27.56
2025,5,00-0030061,Zach Ertz,TE,WSH,45.0,53.0,18.0,50.0,62.1,60.0,44.0,22.5,47.5,-2.5,LAC,9.766666666666666,5.0,0.17777777777777778,1.0,10.15,0.0
2025,5,00-0030279,Keenan Allen,WR,LAC,61.0,52.0,23.0,83.0,78.9,73.0,50.0,25.0,47.5,2.5,WSH,15.1,8.333333333333334,0.23096429763096427,1.6666666666666667,35.05,10.8
2025,5,00-0030506,Travis Kelce,TE,KC,55.0,48.0,18.0,50.0,85.5,71.0,48.0,24.5,45.5,3.5,JAC,8.833333333333334,6.0,0.18325123152709358,1.0,11.475000000000001,19.1
2025,5,00-0030564,DeAndre Hopkins,WR,BAL,12.0,19.0,6.0,0.0,56.6,44.0,35.0,19.5,41.5,-2.5,HOU,5.566666666666666,1.6666666666666667,0.05873015873015872,0.0,27.85,6.6
2025,5,00-0030565,Geno Smith,QB,LV,76.0,67.0,62.0,59.0,76.5,45.0,43.0,19.75,46.5,-7.0,IND,16.346666666666668,34.666666666666664,0.1545395747433099,5.333333333333333,18.61,9.92
2025,5,00-0031236,Brandin Cooks,WR,NO,27.0,18.0,11.0,17.0,79.2,54.0,65.0,21.5,41.5,1.5,NYG,5.066666666666667,3.6666666666666665,0.11359158297465329,0.3333333333333333,41.725,1.5
2025,5,00-0031381,Davante Adams,WR,LA,66.0,61.0,27.0,100.0,74.3,79.0,24.0,26.0,43.5,8.5,SF,17.599999999999998,9.0,0.2662247474747475,3.3333333333333335,22.75,13.8
2025,5,00-0031588,Stefon Diggs,WR,NE,37.0,33.0,24.0,33.0,60.8,52.0,37.0,21.0,49.5,-7.5,BUF,9.533333333333333,5.0,0.2374964478545041,0.6666666666666666,28.700000000000003,24.6
2025,5,00-0031610,Darren Waller,TE,MIA,36.0,97.0,16.0,100.0,56.8,62.0,63.0,23.0,44.5,1.5,CAR,17.7,4.0,0.16,2.0,15.375,18.8
2025,5,00-0031687,Raheem Mostert,RB,LV,19.0,32.0,18.0,25.0,56.8,45.0,38.0,19.75,46.5,-7.0,IND,8.3,5.0,0.17903225806451611,1.0,18.35,2.2
2025,5,00-0032211,Tyler Lockett,WR,TEN,27.0,12.0,13.0,0.0,62.3,30.0,47.0,17.0,41.5,-7.5,ARI,3.533333333333333,3.6666666666666665,0.12944476528339247,0.0,33.425000000000004,1.6
2025,5,00-0032385,Sterling Shepard,WR,TB,34.0,27.0,14.0,17.0,76.8,49.0,26.0,20.5,44.5,-3.5,SEA,7.8,4.666666666666667,0.14151684841340015,0.3333333333333333,23.65,11.9
2025,5,00-0032398,Chris Moore,WR,WSH,17.0,11.0,11.0,0.0,56.7,60.0,29.0,22.5,47.5,-2.5,LAC,3.266666666666667,2.3333333333333335,0.10534947172878208,0.0,25.25,0.0
2025,5,00-0032464,Kalif Raymond,WR,DET,17.0,9.0,9.0,17.0,72.5,100.0,50.0,30.0,49.5,10.5,CIN,2.6666666666666665,2.3333333333333335,0.08865689865689867,0.3333333333333333,35.050000000000004,0.0
2025,5,00-0032764,Derrick Henry,RB,BAL,44.0,30.0,59.0,58.0,74.8,44.0,43.0,19.5,41.5,-2.5,HOU,7.6000000000000005,11.666666666666666,0.5872303307287826,2.3333333333333335,20.35,9.3
2025,5,00-0032775,Demarcus Robinson,WR,SF,15.0,10.0,6.0,0.0,56.8,33.0,50.0,17.5,43.5,-8.5,LA,3.0,2.0,0.058823529411764705,0.0,34.725,6.9
2025,5,00-0032950,Carson Wentz,QB,MIN,77.0,79.0,33.0,100.0,79.2,44.0,32.0,19.5,35.5,3.5,CLE,19.259999999999998,35.0,0.08225806451612903,9.0,15.59,14.74
2025,5,00-0033077,Dak Prescott,QB,DAL,100.0,95.0,19.0,81.0,82.5,65.0,41.0,23.5,48.5,-1.5,NYJ,23.046666666666667,45.333333333333336,0.04853479853479853,7.333333333333333,17.965,28.28
2025,5,00-0033090,Hunter Henry,TE,NE,48.0,78.0,18.0,100.0,40.0,52.0,26.0,21.0,49.5,-7.5,BUF,14.266666666666666,5.333333333333333,0.1845457989959269,2.0,5.425,6.6
2025,5,00-0033106,Jared Goff,QB,DET,65.0,84.0,18.0,56.0,79.9,100.0,52.0,30.0,49.5,10.5,CIN,20.453333333333333,29.333333333333332,0.04619883040935672,5.0,20.915,22.12
2025,5,00-0033119,Jacoby Brissett,QB,ARI,2.0,1.0,18.0,0.0,56.8,71.0,36.0,24.5,41.5,7.5,TEN,0.2,1.0,0.045454545454545456,0.0,16.575000000000003,0.0
2025,5,00-0033246,Johnny Mundt,TE,JAC,9.0,3.0,4.0,0.0,67.0,52.0,32.0,21.0,45.5,-3.5,KC,0.5666666666666667,1.0,0.03846560846560846,0.0,7.1,1.7
2025,5,00-0033280,Christian McCaffrey,RB,SF,100.0,95.0,99.0,67.0,87.2,33.0,20.0,17.5,43.5,-8.5,LA,24.266666666666666,26.666666666666668,0.9921524465642113,2.6666666666666665,11.425,27.9
2025,5,00-0033282,Curtis Samuel,WR,BUF,15.0,7.0,9.0,0.0,56.8,92.0,45.0,28.5,49.5,7.5,NE,1.9,2.0,0.09090909090909091,0.0,32.575,10.6
2025,5,00-0033307,Kendrick Bourne,WR,SF,32.0,19.0,12.0,0.0,71.7,33.0,50.0,17.5,43.5,-8.5,LA,5.566666666666666,4.333333333333333,0.1202967673555909,0.0,34.725,24.2
2025,5,00-0033375,Tim Patrick,WR,JAC,7.0,4.0,3.0,17.0,67.8,52.0,36.0,21.0,45.5,-3.5,KC,1.1666666666666667,1.0,0.03211640211640211,0.3333333333333333,28.5,0.0
2025,5,00-0033526,Samaje Perine,RB,CIN,8.0,3.0,10.0,0.0,31.2,44.0,42.0,19.5,49.5,-10.5,DET,0.8333333333333334,2.0,0.10086580086580087,0.0,19.75,4.9
2025,5,00-0033662,Cooper Rush,QB,BAL,18.0,3.0,29.0,0.0,43.2,44.0,20.0,19.5,41.5,-2.5,HOU,0.8400000000000001,8.0,0.07142857142857142,0.0,12.450000000000001,7.16
2025,5,00-0033854,Dare Ogunbowale,RB,HOU,5.0,6.0,5.0,0.0,31.2,57.0,80.0,22.0,41.5,2.5,BAL,1.5333333333333332,1.3333333333333333,0.04938271604938271,0.0,34.375,0.0
2025,5,00-0033857,JuJu Smith-Schuster,WR,KC,32.0,28.0,13.0,83.0,64.6,71.0,48.0,24.5,45.5,3.5,JAC,8.200000000000001,4.333333333333333,0.12972085385878487,1.6666666666666667,34.15,3.7
2025,5,00-0033873,Patrick Mahomes,QB,KC,87.0,89.0,76.0,93.0,86.3,71.0,49.0,24.5,45.5,3.5,JAC,21.513333333333332,39.666666666666664,0.19093406593406592,8.333333333333334,20.240000000000002,28.72
2025,5,00-0033881,Evan Engram,TE,DEN,39.0,26.0,11.0,33.0,63.6,49.0,28.0,20.5,44.5,-3.5,PHI,4.733333333333333,4.333333333333333,0.11481481481481481,0.6666666666666666,5.925,13.3
2025,5,00-0033885,David Njoku,TE,CLE,45.0,37.0,14.0,17.0,68.2,25.0,46.0,16.0,35.5,-3.5,MIN,6.7,5.0,0.14297883787661406,0.3333333333333333,10.85,18.7
2025,5,00-0033891,Zay Jones,WR,ARI,15.0,10.0,6.0,0.0,56.9,71.0,58.0,24.5,41.5,7.5,TEN,2.95,2.0,0.06135902636916836,0.0,38.7,2.8
2025,5,00-0033906,Alvin Kamara,RB,NO,84.0,47.0,74.0,42.0,77.3,54.0,60.0,21.5,41.5,1.5,NYG,11.933333333333332,22.333333333333332,0.7443647377650247,1.6666666666666667,26.575,9.5
2025,5,00-0033908,Cooper Kupp,WR,SEA,41.0,32.0,22.0,33.0,62.2,68.0,31.0,24.0,44.5,3.5,TB,9.233333333333333,5.666666666666667,0.21944444444444444,0.6666666666666666,25.950000000000003,11.9
2025,5,00-0033921,Chris Godwin Jr.,WR,TB,73.0,19.0,26.0,50.0,56.8,49.0,26.0,20.5,44.5,-3.5,SEA,5.6,10.0,0.2564102564102564,1.0,23.65,5.6
2025,5,00-0033923,Kareem Hunt,RB,KC,42.0,28.0,39.0,50.0,76.9,71.0,36.0,24.5,45.5,3.5,JAC,7.166666666666667,11.333333333333334,0.3875702601995706,2.0,17.55,18.7
2025,5,00-0033943,Josh Reynolds,WR,NYJ,18.0,7.0,11.0,0.0,58.9,73.0,80.0,25.0,48.5,1.5,DAL,1.9,2.5,0.10846560846560846,0.0,48.975,5.9
2025,5,00-0033955,Jeremy McNichols,RB,WSH,15.0,23.0,14.0,8.0,68.5,60.0,28.0,22.5,47.5,-2.5,LAC,5.866666666666667,4.0,0.1414141414141414,0.3333333333333333,14.375,2.8
2025,5,00-0034270,Tyler Conklin,TE,LAC,18.0,15.0,6.0,0.0,53.0,73.0,61.0,25.0,47.5,2.5,WSH,2.8333333333333335,2.0,0.05676500029441206,0.0,14.825,5.0
2025,5,00-0034272,Marquez Valdes-Scantling,WR,SF,7.0,3.0,3.0,0.0,71.2,33.0,50.0,17.5,43.5,-8.5,LA,0.95,1.0,0.02702702702702703,0.0,34.725,1.9
2025,5,00-0034348,Courtland Sutton,WR,DEN,44.0,52.0,21.0,33.0,59.1,49.0,44.0,20.5,44.5,-3.5,PHI,14.833333333333336,6.0,0.2080055210489993,0.6666666666666666,32.25,17.9
2025,5,00-0034351,Dallas Goedert,TE,PHI,39.0,75.0,19.0,33.0,62.6,68.0,36.0,24.0,44.5,3.5,DEN,13.799999999999999,4.333333333333333,0.19444444444444442,0.6666666666666666,8.15,10.9
2025,5,00-0034365,Ian Thomas,TE,LV,0.0,0.0,0.0,0.0,56.8,45.0,46.0,19.75,46.5,-7.0,IND,0.0,0.0,0.0,0.0,10.675,5.0
2025,5,00-0034383,Dalton Schultz,TE,HOU,48.0,41.0,18.0,17.0,85.7,57.0,60.0,22.0,41.5,2.5,BAL,7.599999999999999,5.333333333333333,0.1849551414768806,0.3333333333333333,14.675,11.0
2025,5,00-0034487,Trent Sherfield,WR,DEN,7.0,5.0,3.0,25.0,97.5,49.0,44.0,20.5,44.5,-3.5,PHI,1.3,1.0,0.030555555555555555,0.5,32.25,2.5
2025,5,00-0034521,Allen Lazard,WR,NYJ,15.0,19.0,6.0,50.0,52.5,73.0,80.0,25.0,48.5,1.5,DAL,5.550000000000001,2.0,0.061375661375661375,1.0,48.975,1.3
2025,5,00-0034753,Mark Andrews,TE,BAL,55.0,70.0,21.0,50.0,56.4,44.0,39.0,19.5,41.5,-2.5,HOU,12.833333333333334,6.0,0.2119047619047619,1.0,8.950000000000001,4.2
2025,5,00-0034775,Christian Kirk,WR,HOU,44.0,18.0,18.0,25.0,83.2,57.0,58.0,22.0,41.5,2.5,BAL,5.25,6.0,0.18253968253968253,0.5,38.525,10.4
2025,5,00-0034791,Nick Chubb,RB,HOU,52.0,40.0,58.0,17.0,80.4,57.0,80.0,22.0,41.5,2.5,BAL,10.133333333333333,14.0,0.5820626445340403,0.6666666666666666,34.375,12.1
2025,5,00-0034829,Mike Gesicki,TE,CIN,24.0,15.0,8.0,17.0,59.4,44.0,58.0,19.5,49.5,-10.5,DET,2.733333333333333,2.6666666666666665,0.08462080555103811,0.3333333333333333,14.075000000000001,3.5
2025,5,00-0034837,Calvin Ridley,WR,TEN,39.0,20.0,18.0,17.0,72.9,30.0,47.0,17.0,41.5,-7.5,ARI,5.8,5.333333333333333,0.17662184088221541,0.3333333333333333,33.425000000000004,18.1
2025,5,00-0034844,Saquon Barkley,RB,PHI,87.0,58.0,79.0,92.0,89.3,68.0,41.0,24.0,44.5,3.5,DEN,14.766666666666667,23.333333333333332,0.7850667148579862,3.6666666666666665,19.45,17.8
2025,5,00-0034855,Baker Mayfield,QB,TB,85.0,80.0,39.0,67.0,93.4,49.0,37.0,20.5,44.5,-3.5,SEA,19.493333333333336,38.666666666666664,0.09819004524886878,6.0,16.875,24.66
2025,5,00-0034857,Josh Allen,QB,BUF,68.0,85.0,68.0,70.0,86.2,92.0,40.0,28.5,49.5,7.5,NE,20.566666666666666,30.666666666666668,0.16881101062302614,6.333333333333333,17.59,23.42
2025,5,00-0034869,Sam Darnold,QB,SEA,57.0,72.0,4.0,48.0,87.3,68.0,48.0,24.0,44.5,3.5,TB,17.53333333333333,26.0,0.009523809523809523,4.333333333333333,19.77,29.64
2025,5,00-0034960,Jakobi Meyers,WR,LV,56.0,34.0,26.0,50.0,71.2,45.0,63.0,19.75,46.5,-7.0,IND,9.700000000000001,7.666666666666667,0.25907263853000284,1.0,41.05,7.2
2025,5,00-0034975,Justice Hill,RB,BAL,24.0,54.0,26.0,8.0,48.6,44.0,43.0,19.5,41.5,-2.5,HOU,13.9,6.333333333333333,0.2564425770308123,0.3333333333333333,20.35,2.2
2025,5,00-0034983,Hunter Renfrow,WR,CAR,37.0,34.0,13.0,100.0,46.1,54.0,35.0,21.5,44.5,-1.5,MIA,9.799999999999999,5.0,0.13299266247379454,2.0,28.075,1.7
2025,5,00-0035021,Ashton Dulin,WR,IND,5.0,3.0,3.0,0.0,31.2,83.0,60.0,26.75,46.5,7.0,LV,0.9333333333333332,0.6666666666666666,0.02628968253968254,0.0,39.625,7.5
2025,5,00-0035100,Jake Browning,QB,CIN,65.0,54.0,41.0,33.0,72.2,44.0,40.0,19.5,49.5,-10.5,DET,13.013333333333335,29.666666666666668,0.10214752567693745,3.0,17.740000000000002,25.14
2025,5,00-0035228,Kyler Murray,QB,ARI,87.0,69.0,100.0,59.0,88.9,71.0,36.0,24.5,41.5,7.5,TEN,16.72,39.666666666666664,0.27552839317545197,5.333333333333333,16.575000000000003,17.3
2025,5,00-0035229,T.J. Hockenson,TE,MIN,42.0,47.0,17.0,67.0,61.8,44.0,42.0,19.5,35.5,3.5,CLE,8.666666666666666,4.666666666666667,0.1706349206349206,1.3333333333333333,9.6,9.8
2025,5,00-0035249,Josh Oliver,TE,MIN,9.0,18.0,4.0,50.0,65.7,44.0,42.0,19.5,35.5,3.5,CLE,3.233333333333333,1.0,0.03849206349206349,1.0,9.6,11.5
2025,5,00-0035250,Devin Singletary,RB,NYG,16.0,6.0,13.0,8.0,58.7,46.0,54.0,20.0,41.5,-1.5,NO,1.633333333333333,4.333333333333333,0.12914462081128744,0.3333333333333333,24.375,3.4
2025,5,00-0035261,Tony Pollard,RB,TEN,72.0,44.0,84.0,25.0,89.2,30.0,49.0,17.0,41.5,-7.5,ARI,11.233333333333334,19.333333333333332,0.8410002089566482,1.0,22.6,16.8
2025,5,00-0035500,Greg Dortch,WR,ARI,24.0,15.0,11.0,33.0,49.5,71.0,58.0,24.5,41.5,7.5,TEN,4.266666666666667,3.3333333333333335,0.1061204481792717,0.6666666666666666,38.7,3.2
2025,5,00-0035535,Darius Slayton,WR,NYG,27.0,26.0,14.0,33.0,85.7,46.0,44.0,20.0,41.5,-1.5,NO,7.5,3.6666666666666665,0.13611111111111113,0.6666666666666666,32.25,6.1
2025,5,00-0035537,Ty Johnson,RB,BUF,11.0,5.0,10.0,0.0,44.0,92.0,43.0,28.5,49.5,7.5,NE,1.2333333333333332,3.0,0.10098227103072065,0.0,20.3,1.0
2025,5,00-0035567,Craig Reynolds,RB,DET,4.0,1.0,3.0,0.0,31.2,100.0,71.0,30.0,49.5,10.5,CIN,0.13333333333333333,1.0,0.03333333333333333,0.0,30.9,0.0
2025,5,00-0035602,Alex Bachman,WR,LV,7.0,0.0,3.0,0.0,56.8,45.0,63.0,19.75,46.5,-7.0,IND,0.0,1.0,0.030303030303030304,0.0,41.05,1.9
2025,5,00-0035631,Drew Sample,TE,CIN,18.0,21.0,7.0,17.0,49.1,44.0,58.0,19.5,49.5,-10.5,DET,3.9,2.0,0.06845816805371911,0.3333333333333333,14.075000000000001,0.9
2025,5,00-0035645,Gunner Olszewski,WR,NYG,0.0,0.0,0.0,0.0,56.8,46.0,44.0,20.0,41.5,-1.5,NO,0.0,0.0,0.0,0.0,32.25,0.0
2025,5,00-0035662,Marquise Brown,WR,KC,39.0,34.0,16.0,17.0,86.9,71.0,48.0,24.5,45.5,3.5,JAC,9.666666666666666,5.333333333333333,0.16223316912972086,0.3333333333333333,34.15,8.8
2025,5,00-0035676,A.J. Brown,WR,PHI,66.0,39.0,36.0,50.0,68.4,68.0,33.0,24.0,44.5,3.5,DEN,11.1,9.0,0.3630952380952381,1.0,27.1,9.3
2025,5,00-0035685,David Montgomery,RB,DET,44.0,57.0,37.0,75.0,66.7,100.0,71.0,30.0,49.5,10.5,CIN,14.566666666666668,11.666666666666666,0.368992264037636,3.0,30.9,18.22
2025,5,00-0035689,Dawson Knox,TE,BUF,24.0,14.0,10.0,17.0,40.0,92.0,80.0,28.5,49.5,7.5,NE,2.6333333333333333,2.6666666666666665,0.09663299663299664,0.3333333333333333,20.066666666666666,3.5
2025,5,00-0035710,Daniel Jones,QB,IND,76.0,73.0,50.0,63.0,87.0,83.0,44.0,26.75,46.5,7.0,LV,17.680000000000003,34.333333333333336,0.1259920634920635,5.666666666666667,18.655,16.68
2025,5,00-0035719,Deebo Samuel Sr.,WR,WSH,56.0,49.0,28.0,33.0,74.6,60.0,29.0,22.5,47.5,-2.5,LAC,14.133333333333333,7.666666666666667,0.28226010101010096,0.6666666666666666,25.25,23.6
2025,5,00-0036040,Juwan Johnson,TE,NO,61.0,60.0,19.0,33.0,68.0,54.0,48.0,21.5,41.5,1.5,NYG,10.933333333333332,6.666666666666667,0.19327594452415112,0.6666666666666666,11.475000000000001,3.7
2025,5,00-0036139,Rico Dowdle,RB,CAR,35.0,23.0,35.0,58.0,72.8,54.0,51.0,21.5,44.5,-1.5,MIA,5.8999999999999995,9.333333333333334,0.3541119898803613,2.3333333333333335,23.3,32.4
2025,5,00-0036158,J.K. Dobbins,RB,DEN,57.0,55.0,57.0,50.0,89.0,49.0,53.0,20.5,44.5,-3.5,PHI,14.1,15.333333333333334,0.5723360005968702,2.0,23.875,15.4
2025,5,00-0036187,Reggie Gilliam,RB,BUF,0.0,0.0,0.0,0.0,56.8,92.0,43.0,28.5,49.5,7.5,NE,0.0,0.0,0.0,0.0,20.3,0.0
2025,5,00-0036212,Tua Tagovailoa,QB,MIA,71.0,70.0,24.0,48.0,90.2,62.0,30.0,23.0,44.5,1.5,CAR,17.040000000000003,32.0,0.058924731182795696,4.333333333333333,15.12,22.74
2025,5,00-0036223,Jonathan Taylor,RB,IND,87.0,100.0,86.0,83.0,82.7,83.0,37.0,26.75,46.5,7.0,LV,25.633333333333336,23.333333333333332,0.8582575757575758,3.3333333333333335,18.0,29.6
2025,5,00-0036232,Harrison Bryant,TE,HOU,9.0,0.0,4.0,0.0,56.8,57.0,60.0,22.0,41.5,2.5,BAL,0.0,1.0,0.043478260869565216,0.0,14.675,1.5
2025,5,00-0036244,Colby Parkinson,TE,LA,18.0,14.0,6.0,25.0,79.9,79.0,62.0,26.0,43.5,8.5,SF,2.55,2.0,0.060714285714285714,0.5,15.100000000000001,0.0
2025,5,00-0036252,Michael Pittman,WR,IND,51.0,49.0,23.0,50.0,72.8,83.0,60.0,26.75,46.5,7.0,LV,14.133333333333333,7.0,0.23467171717171717,1.0,39.625,14.9
2025,5,00-0036265,AJ Dillon,RB,PHI,11.0,6.0,9.0,8.0,88.9,68.0,41.0,24.0,44.5,3.5,DEN,1.5333333333333332,3.0,0.08798561869569559,0.3333333333333333,19.45,1.2
2025,5,00-0036322,Justin Jefferson,WR,MIN,59.0,53.0,28.0,33.0,78.6,44.0,42.0,19.5,35.5,3.5,CLE,15.4,8.0,0.27976190476190477,0.6666666666666666,31.1,19.3
2025,5,00-0036328,Antonio Gibson,RB,NE,24.0,20.0,22.0,25.0,76.5,52.0,49.0,21.0,49.5,-7.5,BUF,5.1000000000000005,6.333333333333333,0.22138930534732634,1.0,22.424999999999997,3.6
2025,5,00-0036355,Justin Herbert,QB,LAC,93.0,71.0,66.0,59.0,87.9,73.0,46.0,25.0,47.5,2.5,WSH,17.3,42.333333333333336,0.16483516483516483,5.333333333333333,19.195,16.64
2025,5,00-0036389,Jalen Hurts,QB,PHI,77.0,85.0,100.0,74.0,81.6,68.0,20.0,24.0,44.5,3.5,DEN,20.66,35.0,0.2961205987771453,6.666666666666667,12.33,19.5
2025,5,00-0036407,Jerry Jeudy,WR,CLE,54.0,23.0,21.0,17.0,73.2,25.0,22.0,16.0,35.5,-3.5,MIN,6.533333333333334,7.333333333333333,0.20535927785748445,0.3333333333333333,21.85,3.5
2025,5,00-0036410,Tee Higgins,WR,CIN,39.0,27.0,18.0,50.0,53.4,44.0,42.0,19.5,49.5,-10.5,DET,7.766666666666666,5.333333333333333,0.17856562042608556,1.0,31.125,11.2
2025,5,00-0036414,Cam Akers,RB,MIN,22.0,7.0,20.0,0.0,56.8,44.0,28.0,19.5,35.5,3.5,CLE,1.9,6.0,0.20295698924731181,0.0,14.600000000000001,5.28
2025,5,00-0036422,Adam Trautman,TE,DEN,18.0,28.0,6.0,17.0,35.1,49.0,28.0,20.5,44.5,-3.5,PHI,5.066666666666666,2.0,0.05714285714285714,0.3333333333333333,5.925,2.1
2025,5,00-0036550,Rashod Bateman,WR,BAL,32.0,28.0,15.0,17.0,47.4,44.0,35.0,19.5,41.5,-2.5,HOU,8.066666666666666,4.333333333333333,0.15317460317460316,0.3333333333333333,27.85,0.0
2025,5,00-0036554,Nico Collins,WR,HOU,63.0,58.0,30.0,50.0,76.0,57.0,58.0,22.0,41.5,2.5,BAL,16.833333333333332,8.666666666666666,0.303715205889119,1.0,38.525,16.0
2025,5,00-0036590,Quintin Morris,TE,JAC,0.0,0.0,0.0,0.0,56.8,52.0,32.0,21.0,45.5,-3.5,KC,0.0,0.0,0.0,0.0,7.1,0.0
2025,5,00-0036613,Jaylen Waddle,WR,MIA,44.0,47.0,21.0,67.0,86.0,62.0,20.0,23.0,44.5,1.5,CAR,13.5,6.0,0.20727272727272728,1.3333333333333333,20.9,23.0
2025,5,00-0036620,Dee Eskridge,WR,MIA,7.0,4.0,3.0,0.0,34.4,62.0,20.0,23.0,44.5,1.5,CAR,1.2333333333333334,1.0,0.03409961685823754,0.0,20.9,0.0
2025,5,00-0036626,Dyami Brown,WR,JAC,41.0,34.0,19.0,50.0,59.8,52.0,36.0,21.0,45.5,-3.5,KC,9.700000000000001,5.666666666666667,0.19111552028218695,1.0,28.5,3.5
2025,5,00-0036646,Simi Fehoko,WR,ARI,0.0,0.0,0.0,0.0,56.8,71.0,58.0,24.5,41.5,7.5,TEN,0.0,0.0,0.0,0.0,38.7,0.0
2025,5,00-0036754,Brock Wright,TE,DET,14.0,32.0,5.0,25.0,31.2,100.0,65.0,30.0,49.5,10.5,CIN,5.9,1.5,0.05357142857142857,0.5,15.925,8.9
2025,5,00-0036849,Tutu Atwell,WR,LA,10.0,18.0,4.0,0.0,56.0,79.0,24.0,26.0,43.5,8.5,SF,5.266666666666667,1.3333333333333333,0.03718434343434344,0.0,22.75,9.2
2025,5,00-0036875,Rhamondre Stevenson,RB,NE,41.0,43.0,40.0,50.0,62.4,52.0,49.0,21.0,49.5,-7.5,BUF,10.966666666666669,11.0,0.39571145799649193,2.0,22.424999999999997,16.7
2025,5,00-0036876,Kylen Granson,TE,PHI,3.0,3.0,2.0,0.0,31.2,68.0,36.0,24.0,44.5,3.5,DEN,0.5,0.3333333333333333,0.015873015873015872,0.0,8.15,0.0
2025,5,00-0036887,Luke Farrell,TE,SF,18.0,27.0,6.0,33.0,56.0,33.0,53.0,17.5,43.5,-8.5,LA,4.966666666666667,2.0,0.0570515368309486,0.6666666666666666,12.75,1.8
2025,5,00-0036900,Ja'Marr Chase,WR,CIN,76.0,63.0,34.0,50.0,58.7,44.0,42.0,19.5,49.5,-10.5,DET,18.233333333333334,10.333333333333334,0.338039221760152,1.0,31.125,29.0
2025,5,00-0036912,DeVonta Smith,WR,PHI,41.0,40.0,22.0,67.0,55.5,68.0,33.0,24.0,44.5,3.5,DEN,11.4,5.666666666666667,0.223015873015873,1.3333333333333333,27.1,19.4
2025,5,00-0036924,Michael Carter,RB,ARI,4.0,0.0,6.0,0.0,56.8,71.0,66.0,24.5,41.5,7.5,TEN,0.1,1.0,0.058823529411764705,0.0,29.124999999999996,18.3
2025,5,00-0036945,Justin Fields,QB,NYJ,62.0,86.0,100.0,26.0,67.8,73.0,80.0,25.0,48.5,1.5,DAL,20.88,28.0,0.26526251526251526,2.3333333333333335,28.42,21.92
2025,5,00-0036963,Amon-Ra St. Brown,WR,DET,68.0,99.0,35.0,100.0,78.4,100.0,50.0,30.0,49.5,10.5,CIN,28.633333333333336,9.333333333333334,0.34907203907203904,2.6666666666666665,35.050000000000004,18.0
2025,5,00-0036971,Trevor Lawrence,QB,JAC,91.0,61.0,50.0,74.0,82.2,52.0,35.0,21.0,45.5,-3.5,KC,14.893333333333333,41.333333333333336,0.1253858024691358,6.666666666666667,16.405,30.24
2025,5,00-0036972,Mac Jones,QB,SF,96.0,80.0,56.0,56.0,89.0,33.0,37.0,17.5,43.5,-8.5,LA,19.51,43.5,0.14038461538461539,5.0,16.985,22.18
2025,5,00-0036973,Travis Etienne,RB,JAC,70.0,62.0,67.0,58.0,87.2,52.0,53.0,21.0,45.5,-3.5,KC,16.0,18.666666666666668,0.6667350088183421,2.3333333333333335,24.175,8.8
2025,5,00-0036988,Josh Palmer,WR,BUF,17.0,15.0,10.0,33.0,61.0,92.0,45.0,28.5,49.5,7.5,NE,4.233333333333333,2.3333333333333335,0.09780022446689113,0.6666666666666666,32.575,5.6
2025,5,00-0036997,Javonte Williams,RB,DAL,79.0,76.0,75.0,58.0,81.5,65.0,44.0,23.5,48.5,-1.5,NYJ,19.400000000000002,21.0,0.7464290095869043,2.3333333333333335,20.724999999999998,26.9
2025,5,00-0037004,Hunter Long,TE,JAC,21.0,40.0,8.0,50.0,64.5,52.0,32.0,21.0,45.5,-3.5,KC,7.366666666666667,2.3333333333333335,0.08365079365079364,1.0,7.1,1.3
2025,5,00-0037005,Tommy Tremble,TE,CAR,39.0,43.0,13.0,50.0,45.0,54.0,67.0,21.5,44.5,-1.5,MIA,7.933333333333334,4.333333333333333,0.129979035639413,1.0,16.625,1.7
2025,5,00-0037085,Tyler Badie,RB,DEN,6.0,8.0,5.0,0.0,32.8,49.0,53.0,20.5,44.5,-3.5,PHI,2.0999999999999996,1.6666666666666667,0.05198412698412699,0.0,23.875,2.6
2025,5,00-0037086,Grant Calcaterra,TE,PHI,12.0,8.0,6.0,0.0,37.1,68.0,36.0,24.0,44.5,3.5,DEN,1.4000000000000001,1.3333333333333333,0.059523809523809514,0.0,8.15,3.8
2025,5,00-0037093,Dareke Young,WR,SEA,2.0,3.0,2.0,0.0,31.2,68.0,31.0,24.0,44.5,3.5,TB,0.7333333333333334,0.3333333333333333,0.016666666666666666,0.0,25.950000000000003,4.6
2025,5,00-0037112,Jake Tonges,TE,SF,39.0,47.0,12.0,0.0,69.7,33.0,53.0,17.5,43.5,-8.5,LA,8.666666666666666,4.333333333333333,0.12109167991520935,0.0,12.75,17.1
2025,5,00-0037157,Bam Knight,RB,ARI,0.0,0.0,0.0,0.0,56.8,71.0,66.0,24.5,41.5,7.5,TEN,0.0,0.0,0.0,0.0,29.124999999999996,9.4
2025,5,00-0037197,Isiah Pacheco,RB,KC,41.0,29.0,38.0,25.0,74.7,71.0,36.0,24.5,45.5,3.5,JAC,7.5,11.0,0.38125315776177854,1.0,17.55,8.6
2025,5,00-0037239,Chris Olave,WR,NO,73.0,44.0,29.0,67.0,80.6,54.0,65.0,21.5,41.5,1.5,NYG,12.700000000000001,10.0,0.2918603538976567,1.3333333333333333,41.725,12.9
2025,5,00-0037240,Jameson Williams,WR,DET,39.0,36.0,20.0,0.0,54.5,100.0,50.0,30.0,49.5,10.5,CIN,10.266666666666667,5.333333333333333,0.204241505620816,0.0,35.050000000000004,2.0
2025,5,00-0037247,George Pickens,WR,DAL,71.0,80.0,22.0,100.0,80.7,65.0,44.0,23.5,48.5,-1.5,NYJ,23.0,9.666666666666666,0.22236535394430135,2.6666666666666665,32.3,13.7
2025,5,00-0037248,James Cook,RB,BUF,87.0,91.0,74.0,100.0,90.1,92.0,43.0,28.5,49.5,7.5,NE,23.266666666666666,23.333333333333332,0.7375016965520841,4.333333333333333,20.3,4.9
2025,5,00-0037256,Rachaad White,RB,TB,36.0,33.0,31.0,25.0,64.4,49.0,46.0,20.5,44.5,-3.5,SEA,8.533333333333333,9.666666666666666,0.3098016100044498,1.0,21.2,23.1
2025,5,00-0037258,Dameon Pierce,RB,HOU,15.0,2.0,15.0,25.0,56.8,57.0,80.0,22.0,41.5,2.5,BAL,0.5,4.0,0.14814814814814814,1.0,34.375,2.1
2025,5,00-0037261,Khalil Shakir,WR,BUF,27.0,40.0,15.0,33.0,60.8,92.0,45.0,28.5,49.5,7.5,NE,11.533333333333333,3.6666666666666665,0.15180695847362516,0.6666666666666666,32.575,11.0
2025,5,00-0037267,Jerome Ford,RB,CLE,24.0,22.0,21.0,0.0,40.6,25.0,49.0,16.0,35.5,-3.5,MIN,5.566666666666666,6.333333333333333,0.21330976753023623,0.0,22.45,5.8
2025,5,00-0037282,James Mitchell,TE,CAR,18.0,20.0,6.0,0.0,56.8,54.0,67.0,21.5,44.5,-1.5,MIA,3.7,2.0,0.0625,0.0,16.625,2.1
2025,5,00-0037291,Jalen Nailor,WR,MIN,34.0,23.0,18.0,100.0,87.0,44.0,42.0,19.5,35.5,3.5,CLE,6.666666666666667,4.666666666666667,0.18055555555555558,2.0,31.1,7.2
2025,5,00-0037340,Zaire Mitchell-Paden,TE,BAL,9.0,0.0,4.0,50.0,56.8,44.0,39.0,19.5,41.5,-2.5,HOU,0.0,1.0,0.03571428571428571,1.0,8.950000000000001,1.3
2025,5,00-0037348,Tanner Conner,TE,MIA,18.0,11.0,7.0,33.0,31.9,62.0,63.0,23.0,44.5,1.5,CAR,2.1,2.0,0.06617903169627308,0.6666666666666666,15.375,3.6
2025,5,00-0037524,Tay Martin,WR,WSH,7.0,8.0,4.0,0.0,56.8,60.0,29.0,22.5,47.5,-2.5,LAC,2.4,1.0,0.041666666666666664,0.0,25.25,1.9
2025,5,00-0037525,Jordan Mason,RB,MIN,59.0,51.0,67.0,50.0,69.1,44.0,28.0,19.5,35.5,3.5,CLE,13.199999999999998,15.666666666666666,0.6680329856900316,2.0,14.600000000000001,14.6
2025,5,00-0037545,Rashid Shaheed,WR,NO,44.0,38.0,18.0,67.0,82.2,54.0,65.0,21.5,41.5,1.5,NYG,10.866666666666665,6.0,0.18407460545193688,1.3333333333333333,41.725,21.4
2025,5,00-0037594,Julius Chestnut,RB,TEN,8.0,4.0,9.0,25.0,66.8,30.0,49.0,17.0,41.5,-7.5,ARI,0.9333333333333335,2.0,0.09374281113411548,1.0,22.6,0.3
2025,5,00-0037617,Hassan Haskins,RB,LAC,0.0,0.0,0.0,0.0,56.8,73.0,41.0,25.0,47.5,2.5,WSH,0.0,0.0,0.0,0.0,19.6,2.5
2025,5,00-0037666,Jalen Tolbert,WR,DAL,39.0,22.0,12.0,50.0,73.2,65.0,44.0,23.5,48.5,-1.5,NYJ,6.366666666666667,5.333333333333333,0.12372715004293951,1.0,32.3,0.0
2025,5,00-0037740,Garrett Wilson,WR,NYJ,71.0,62.0,35.0,33.0,77.2,73.0,80.0,25.0,48.5,1.5,DAL,17.866666666666664,9.666666666666666,0.3495590828924162,0.6666666666666666,48.975,19.1
2025,5,00-0037741,Jahan Dotson,WR,PHI,10.0,4.0,5.0,17.0,34.0,68.0,33.0,24.0,44.5,3.5,DEN,1.0333333333333332,1.3333333333333333,0.049206349206349205,0.3333333333333333,27.1,3.4
2025,5,00-0037744,Trey McBride,TE,ARI,79.0,75.0,26.0,50.0,88.5,71.0,42.0,24.5,41.5,7.5,TEN,13.766666666666666,8.666666666666666,0.2634313725490196,1.0,9.625,9.1
2025,5,00-0037745,Velus Jones Jr.,WR,NO,0.0,0.0,0.0,0.0,56.8,54.0,65.0,21.5,41.5,1.5,NYG,0.0,0.0,0.0,0.0,41.725,0.0
2025,5,00-0037746,Brian Robinson,RB,SF,18.0,9.0,19.0,17.0,74.4,33.0,20.0,17.5,43.5,-8.5,LA,2.4000000000000004,4.666666666666667,0.18870986370986373,0.6666666666666666,11.425,1.2
2025,5,00-0037805,Jeremy Ruckert,TE,NYJ,12.0,26.0,6.0,17.0,66.3,73.0,47.0,25.0,48.5,1.5,DAL,4.8,1.3333333333333333,0.059964726631393295,0.3333333333333333,11.05,6.8
2025,5,00-0037809,Chig Okonkwo,TE,TEN,45.0,37.0,17.0,0.0,66.3,30.0,59.0,17.0,41.5,-7.5,ARI,6.833333333333333,5.0,0.166817919313588,0.0,14.4,8.8
2025,5,00-0037840,Kyren Williams,RB,LA,74.0,54.0,69.0,50.0,83.0,79.0,39.0,26.0,43.5,8.5,SF,13.866666666666667,19.666666666666668,0.6928567937438905,2.0,18.825,33.1
2025,5,00-0038041,Jake Ferguson,TE,DAL,100.0,100.0,24.0,50.0,82.7,65.0,54.0,23.5,48.5,-1.5,NYJ,18.333333333333332,11.0,0.24438719175561277,1.0,13.0,23.9
2025,5,00-0038046,Charlie Kolar,TE,BAL,27.0,23.0,11.0,0.0,56.8,44.0,39.0,19.5,41.5,-2.5,HOU,4.2,3.0,0.10714285714285714,0.0,8.950000000000001,2.0
2025,5,00-0038090,Skyy Moore,WR,SF,5.0,2.0,2.0,0.0,35.8,33.0,50.0,17.5,43.5,-8.5,LA,0.6666666666666666,0.6666666666666666,0.01881293057763646,0.0,34.725,0.1
2025,5,00-0038104,Tyquan Thornton,WR,KC,39.0,46.0,16.0,50.0,62.0,71.0,48.0,24.5,45.5,3.5,JAC,13.366666666666667,5.333333333333333,0.16223316912972086,1.0,34.15,12.0
2025,5,00-0038115,Daniel Bellinger,TE,NYG,6.0,7.0,3.0,0.0,37.0,46.0,52.0,20.0,41.5,-1.5,NO,1.3,0.6666666666666666,0.02777777777777778,0.0,12.45,9.2
2025,5,00-0038117,Wan'Dale Robinson,WR,NYG,46.0,42.0,21.0,50.0,53.8,46.0,44.0,20.0,41.5,-1.5,NO,12.066666666666668,6.333333333333333,0.2111111111111111,1.0,32.25,8.2
2025,5,00-0038120,Breece Hall,RB,NYJ,60.0,40.0,63.0,8.0,77.5,73.0,58.0,25.0,48.5,1.5,DAL,10.366666666666667,16.0,0.6346675868414998,0.3333333333333333,25.925,19.5
2025,5,00-0038129,Cade Otton,TE,TB,33.0,17.0,10.0,17.0,68.4,49.0,71.0,20.5,44.5,-3.5,SEA,3.1333333333333333,3.6666666666666665,0.10455840455840455,0.3333333333333333,17.65,12.1
2025,5,00-0038134,Kenneth Walker III,RB,SEA,65.0,63.0,55.0,75.0,85.9,68.0,44.0,24.0,44.5,3.5,TB,16.266666666666666,17.333333333333332,0.54754938548042,3.0,20.775,9.6
2025,5,00-0038359,Xavier Smith,WR,LA,0.0,0.0,0.0,0.0,56.8,79.0,24.0,26.0,43.5,8.5,SF,0.0,0.0,0.0,0.0,22.75,0.0
2025,5,00-0038440,Zavier Scott,RB,MIN,36.0,44.0,30.0,0.0,72.8,44.0,28.0,19.5,35.5,3.5,CLE,11.2,9.5,0.29510368663594466,0.0,14.600000000000001,1.8
2025,5,00-0038492,Jason Brownlee,WR,KC,7.0,0.0,3.0,50.0,56.8,71.0,48.0,24.5,45.5,3.5,JAC,0.0,1.0,0.02631578947368421,1.0,34.15,0.0
2025,5,00-0038519,Nikko Remigio,WR,KC,5.0,5.0,2.0,0.0,34.0,71.0,48.0,24.5,45.5,3.5,JAC,1.4000000000000001,0.6666666666666666,0.023399014778325122,0.0,34.15,0.0
2025,5,00-0038543,Jaxon Smith-Njigba,WR,SEA,59.0,60.0,31.0,33.0,83.2,68.0,31.0,24.0,44.5,3.5,TB,17.3,8.0,0.30912698412698414,0.6666666666666666,25.950000000000003,27.2
2025,5,00-0038544,Quentin Johnston,WR,LAC,73.0,63.0,28.0,50.0,80.3,73.0,50.0,25.0,47.5,2.5,WSH,18.2,10.0,0.2830240496907164,1.0,35.05,8.9
2025,5,00-0038547,Luke Schoonmaker,TE,DAL,15.0,8.0,4.0,0.0,56.5,65.0,54.0,23.5,48.5,-1.5,NYJ,1.4333333333333333,1.6666666666666667,0.037940130045393206,0.0,13.0,1.3
2025,5,00-0038551,Kendre Miller,RB,NO,32.0,26.0,28.0,42.0,64.1,54.0,60.0,21.5,41.5,1.5,NYG,6.7,8.666666666666666,0.27588253006713076,1.6666666666666667,26.575,5.9
2025,5,00-0038555,Tank Bigsby,RB,PHI,6.0,2.0,5.0,8.0,31.2,68.0,41.0,24.0,44.5,3.5,DEN,0.39999999999999997,1.6666666666666667,0.052083333333333336,0.3333333333333333,19.45,0.0
2025,5,00-0038559,Michael Wilson,WR,ARI,24.0,16.0,10.0,17.0,54.2,71.0,58.0,24.5,41.5,7.5,TEN,4.7,3.3333333333333335,0.09627450980392156,0.3333333333333333,38.7,3.6
2025,5,00-0038563,Tre Tucker,WR,LV,56.0,58.0,26.0,50.0,51.7,45.0,63.0,19.75,46.5,-7.0,IND,16.666666666666668,7.666666666666667,0.25741394621838415,1.0,41.05,11.1
2025,5,00-0038564,Cameron Latu,TE,PHI,0.0,0.0,0.0,0.0,56.8,68.0,36.0,24.0,44.5,3.5,DEN,0.0,0.0,0.0,0.0,8.15,0.0
2025,5,00-0038576,Charlie Jones,WR,CIN,0.0,0.0,0.0,0.0,56.8,44.0,42.0,19.5,49.5,-10.5,DET,0.0,0.0,0.0,0.0,31.125,0.0
2025,5,00-0038597,Chase Brown,RB,CIN,59.0,32.0,83.0,42.0,81.7,44.0,42.0,19.5,49.5,-10.5,DET,8.200000000000001,15.666666666666666,0.8274907946590573,1.6666666666666667,19.75,11.8
2025,5,00-0038606,Parker Washington,WR,JAC,46.0,23.0,19.0,33.0,44.6,52.0,36.0,21.0,45.5,-3.5,KC,6.633333333333333,6.333333333333333,0.1865542328042328,0.6666666666666666,28.5,9.6
2025,5,00-0038608,Kayshon Boutte,WR,NE,17.0,19.0,10.0,33.0,60.5,52.0,37.0,21.0,49.5,-7.5,BUF,5.3999999999999995,2.3333333333333335,0.10109406081273091,0.6666666666666666,28.700000000000003,7.3
2025,5,00-0038611,Chris Rodriguez Jr.,RB,WSH,34.0,19.0,33.0,50.0,84.8,60.0,28.0,22.5,47.5,-2.5,LAC,4.9,9.0,0.33096590909090906,2.0,14.375,0.7
2025,5,00-0038618,Xavier Hutchinson,WR,HOU,22.0,15.0,11.0,0.0,91.5,57.0,58.0,22.0,41.5,2.5,BAL,4.4,3.0,0.10697032436162872,0.0,38.525,16.8
2025,5,00-0038619,Andrei Iosivas,WR,CIN,26.0,10.0,11.0,0.0,68.8,44.0,42.0,19.5,49.5,-10.5,DET,2.95,3.5,0.11420014094432698,0.0,31.125,13.2
2025,5,00-0038621,DeMario Douglas,WR,NE,34.0,15.0,13.0,50.0,48.7,52.0,37.0,21.0,49.5,-7.5,BUF,4.233333333333333,4.666666666666667,0.13115942028985508,1.0,28.700000000000003,3.7
2025,5,00-0038643,Brayden Willis,TE,SF,3.0,0.0,1.0,0.0,41.8,33.0,53.0,17.5,43.5,-8.5,LA,0.0,0.3333333333333333,0.009009009009009009,0.0,12.75,0.0
2025,5,00-0038679,Tyrell Shavers,WR,BUF,10.0,5.0,5.0,0.0,35.8,92.0,45.0,28.5,49.5,7.5,NE,1.4666666666666668,1.3333333333333333,0.05135802469135803,0.0,32.575,0.0
2025,5,00-0038705,Emari Demercado,RB,ARI,9.0,13.0,9.0,8.0,34.0,71.0,66.0,24.5,41.5,7.5,TEN,3.3666666666666667,2.3333333333333335,0.08949579831932775,0.3333333333333333,29.124999999999996,8.1
2025,5,00-0038720,Julian Hill,TE,MIA,9.0,8.0,4.0,33.0,31.2,62.0,63.0,23.0,44.5,1.5,CAR,1.4333333333333333,1.0,0.03676767676767677,0.6666666666666666,15.375,6.2
2025,5,00-0038738,Hunter Luepke,RB,DAL,4.0,1.0,3.0,0.0,31.2,65.0,44.0,23.5,48.5,-1.5,NYJ,0.3,1.0,0.032388663967611336,0.0,20.724999999999998,2.0
2025,5,00-0038752,Jake Bobo,WR,SEA,7.0,9.0,4.0,0.0,56.8,68.0,31.0,24.0,44.5,3.5,TB,2.7,1.0,0.041666666666666664,0.0,25.950000000000003,0.0
2025,5,00-0038783,Nate Adkins,TE,DEN,27.0,14.0,7.0,0.0,56.8,49.0,28.0,20.5,44.5,-3.5,PHI,2.5,3.0,0.07142857142857142,0.0,5.925,0.0
2025,5,00-0038840,Brycen Tremayne,WR,CAR,27.0,21.0,10.0,0.0,75.2,54.0,35.0,21.5,44.5,-1.5,MIA,5.966666666666666,3.6666666666666665,0.1008909853249476,0.0,28.075,1.9
2025,5,00-0038896,Jacob Saylors,RB,DET,2.0,1.0,2.0,0.0,31.2,100.0,71.0,30.0,49.5,10.5,CIN,0.3666666666666667,0.6666666666666666,0.022988505747126436,0.0,30.9,0.0
2025,5,00-0038933,Dalton Kincaid,TE,BUF,42.0,64.0,18.0,67.0,67.5,92.0,80.0,28.5,49.5,7.5,NE,11.700000000000001,4.666666666666667,0.1843771043771044,1.3333333333333333,20.066666666666666,16.8
2025,5,00-0038935,Brenton Strange,TE,JAC,58.0,50.0,21.0,0.0,77.1,52.0,32.0,21.0,45.5,-3.5,KC,9.1,6.333333333333333,0.20576719576719574,0.0,7.1,3.2
2025,5,00-0038951,Sean Tucker,RB,TB,0.0,0.0,0.0,0.0,56.8,49.0,46.0,20.5,44.5,-3.5,SEA,0.0,0.0,0.0,0.0,21.2,2.9
2025,5,00-0038976,Marvin Mims Jr.,WR,DEN,32.0,37.0,14.0,0.0,52.9,49.0,44.0,20.5,44.5,-3.5,PHI,10.766666666666666,4.333333333333333,0.13682129334303247,0.0,32.25,3.9
2025,5,00-0038994,Jordan Addison,WR,MIN,59.0,53.0,19.0,0.0,56.8,44.0,42.0,19.5,35.5,3.5,CLE,15.4,8.0,0.19047619047619047,0.0,31.1,15.1
2025,5,00-0038997,Josh Downs,WR,IND,39.0,27.0,17.0,33.0,70.0,83.0,60.0,26.75,46.5,7.0,LV,7.633333333333333,5.333333333333333,0.17289141414141415,0.6666666666666666,39.625,11.4
2025,5,00-0039040,De'Von Achane,RB,MIA,80.0,77.0,85.0,50.0,87.2,62.0,50.0,23.0,44.5,1.5,CAR,19.799999999999997,21.333333333333332,0.8481850765721733,2.0,23.025,16.6
2025,5,00-0039041,Elijah Higgins,TE,ARI,12.0,15.0,5.0,17.0,31.2,71.0,42.0,24.5,41.5,7.5,TEN,2.733333333333333,1.3333333333333333,0.04980392156862745,0.3333333333333333,9.625,3.0
2025,5,00-0039050,Payne Durham,TE,TB,3.0,0.0,1.0,0.0,41.8,49.0,71.0,20.5,44.5,-3.5,SEA,0.0,0.3333333333333333,0.009259259259259259,0.0,17.65,0.0
2025,5,00-0039064,Zay Flowers,WR,BAL,56.0,38.0,27.0,17.0,58.5,44.0,35.0,19.5,41.5,-2.5,HOU,10.866666666666667,7.666666666666667,0.2714285714285714,0.3333333333333333,27.85,12.2
2025,5,00-0039065,Sam LaPorta,TE,DET,36.0,36.0,15.0,17.0,94.4,100.0,65.0,30.0,49.5,10.5,CIN,6.599999999999999,4.0,0.15223443223443225,0.3333333333333333,15.925,20.2
2025,5,00-0039074,Davis Allen,TE,LA,9.0,18.0,3.0,17.0,69.2,79.0,62.0,26.0,43.5,8.5,SF,3.3666666666666667,1.0,0.0288510101010101,0.3333333333333333,15.100000000000001,4.4
2025,5,00-0039075,Puka Nacua,WR,LA,100.0,100.0,39.0,50.0,83.1,79.0,24.0,26.0,43.5,8.5,SF,28.8,13.666666666666666,0.39435117302052786,1.0,22.75,24.5
2025,5,00-0039139,Jahmyr Gibbs,RB,DET,75.0,83.0,64.0,100.0,80.9,100.0,71.0,30.0,49.5,10.5,CIN,21.333333333333332,20.0,0.6380336118811618,5.666666666666667,30.9,16.7
2025,5,00-0039150,Bryce Young,QB,CAR,84.0,65.0,28.0,93.0,71.4,54.0,73.0,21.5,44.5,-1.5,MIA,15.753333333333332,38.0,0.06921470342522974,8.333333333333334,26.485,16.02
2025,5,00-0039163,C.J. Stroud,QB,HOU,75.0,66.0,71.0,37.0,89.5,57.0,63.0,22.0,41.5,2.5,BAL,15.920000000000002,34.0,0.17844611528822055,3.3333333333333335,23.990000000000002,28.76
2025,5,00-0039164,Anthony Richardson,QB,IND,9.0,-0.0,57.0,0.0,56.8,83.0,44.0,26.75,46.5,7.0,LV,-0.1,4.0,0.14285714285714285,0.0,18.655,2.26
2025,5,00-0039165,Zach Charbonnet,RB,SEA,51.0,31.0,47.0,83.0,71.1,68.0,44.0,24.0,44.5,3.5,TB,8.033333333333333,13.666666666666666,0.46832343901309414,3.3333333333333335,20.775,11.8
2025,5,00-0039299,George Holani,RB,SEA,15.0,8.0,13.0,0.0,31.2,68.0,44.0,24.0,44.5,3.5,TB,2.066666666666667,4.0,0.13434343434343435,0.0,20.775,0.0
2025,5,00-0039342,Xavier Legette,WR,CAR,59.0,8.0,20.0,100.0,69.2,54.0,35.0,21.5,44.5,-1.5,MIA,2.4,8.0,0.20472866405747997,2.0,28.075,11.1
2025,5,00-0039355,Luke McCaffrey,WR,WSH,17.0,32.0,11.0,33.0,57.8,60.0,29.0,22.5,47.5,-2.5,LAC,9.2,2.3333333333333335,0.10555555555555556,0.6666666666666666,25.25,6.0
2025,5,00-0039363,Isaac Guerendo,RB,SF,0.0,0.0,0.0,0.0,56.8,33.0,20.0,17.5,43.5,-8.5,LA,0.0,0.0,0.0,0.0,11.425,0.0
2025,5,00-0039376,Spencer Rattler,QB,NO,82.0,68.0,51.0,67.0,87.5,54.0,41.0,21.5,41.5,1.5,NYG,16.44666666666667,37.333333333333336,0.1279593318809005,6.0,17.985,16.1
2025,5,00-0039379,Jamari Thrash,WR,CLE,12.0,7.0,5.0,0.0,58.6,25.0,22.0,16.0,35.5,-3.5,MIN,1.9333333333333336,1.6666666666666667,0.04731658923732094,0.0,21.85,3.2
2025,5,00-0039391,Kimani Vidal,RB,LAC,0.0,0.0,0.0,0.0,56.8,73.0,41.0,25.0,47.5,2.5,WSH,0.0,0.0,0.0,0.0,19.6,2.9
2025,5,00-0039407,Dylan Laube,RB,LV,8.0,5.0,6.0,0.0,31.2,45.0,38.0,19.75,46.5,-7.0,IND,1.3,2.0,0.06356384069562364,0.0,18.35,0.0
2025,5,00-0039410,Ryan Flournoy,WR,DAL,15.0,10.0,5.0,0.0,38.7,65.0,44.0,23.5,48.5,-1.5,NYJ,2.9,2.0,0.05309164519690835,0.0,32.3,18.4
2025,5,00-0039424,Devaughn Vele,WR,NO,11.0,17.0,4.0,50.0,66.1,54.0,65.0,21.5,41.5,1.5,NYG,4.8,1.5,0.0390961262553802,1.0,41.725,3.3
2025,5,00-0039530,Brevyn Spann-Ford,TE,DAL,6.0,2.0,2.0,0.0,34.8,65.0,54.0,23.5,48.5,-1.5,NYJ,0.43333333333333335,0.6666666666666666,0.016511266511266512,0.0,13.0,0.0
2025,5,00-0039589,Kameron Johnson,WR,TB,0.0,0.0,0.0,0.0,56.8,49.0,26.0,20.5,44.5,-3.5,SEA,0.0,0.0,0.0,0.0,23.65,0.2
2025,5,00-0039686,Colson Yankoff,TE,WSH,0.0,0.0,0.0,0.0,56.8,60.0,44.0,22.5,47.5,-2.5,LAC,0.0,0.0,0.0,0.0,10.15,0.0
2025,5,00-0039732,Bo Nix,QB,DEN,84.0,87.0,89.0,59.0,82.0,49.0,38.0,20.5,44.5,-3.5,PHI,21.133333333333333,38.0,0.2227048477048477,5.333333333333333,17.15,15.88
2025,5,00-0039737,Tip Reiman,TE,ARI,18.0,13.0,6.0,0.0,69.5,71.0,42.0,24.5,41.5,7.5,TEN,2.4,2.0,0.06135902636916836,0.0,9.625,0.0
2025,5,00-0039738,Blake Corum,RB,LA,32.0,25.0,30.0,33.0,67.7,79.0,39.0,26.0,43.5,8.5,SF,6.433333333333333,8.666666666666666,0.30140612076095946,1.3333333333333333,18.825,1.3
2025,5,00-0039746,Will Shipley,RB,PHI,8.0,5.0,6.0,0.0,40.2,68.0,41.0,24.0,44.5,3.5,DEN,1.3,2.0,0.06030701754385964,0.0,19.45,1.4
2025,5,00-0039751,Jordan Whittington,WR,LA,20.0,13.0,8.0,17.0,53.9,79.0,24.0,26.0,43.5,8.5,SF,3.766666666666667,2.6666666666666665,0.080975073313783,0.3333333333333333,22.75,5.3
2025,5,00-0039792,Devontez Walker,WR,BAL,7.0,24.0,4.0,17.0,31.2,44.0,35.0,19.5,41.5,-2.5,HOU,7.0,1.0,0.03571428571428571,0.3333333333333333,27.85,0.0
2025,5,00-0039793,AJ Barner,TE,SEA,24.0,48.0,10.0,33.0,62.6,68.0,49.0,24.0,44.5,3.5,TB,8.766666666666667,2.6666666666666665,0.10316091954022988,0.6666666666666666,11.725000000000001,24.3
2025,5,00-0039796,Rasheen Ali,RB,BAL,0.0,0.0,0.0,0.0,56.8,44.0,43.0,19.5,41.5,-2.5,HOU,0.0,0.0,0.0,0.0,20.35,0.0
2025,5,00-0039798,Isaiah Davis,RB,NYJ,10.0,8.0,11.0,8.0,32.1,73.0,58.0,25.0,48.5,1.5,DAL,2.1,2.6666666666666665,0.10802469135802469,0.3333333333333333,25.925,6.3
2025,5,00-0039816,Anthony Gould,WR,IND,0.0,0.0,0.0,0.0,56.8,83.0,60.0,26.75,46.5,7.0,LV,0.0,0.0,0.0,0.0,39.625,0.0
2025,5,00-0039847,Theo Johnson,TE,NYG,36.0,37.0,15.0,67.0,59.4,46.0,52.0,20.0,41.5,-1.5,NO,6.7,4.0,0.14722222222222223,1.3333333333333333,12.45,21.3
2025,5,00-0039849,Marvin Harrison Jr.,WR,ARI,51.0,36.0,21.0,50.0,66.3,71.0,58.0,24.5,41.5,7.5,TEN,10.233333333333333,7.0,0.2088235294117647,1.0,38.7,13.8
2025,5,00-0039851,Drake Maye,QB,NE,71.0,100.0,92.0,67.0,86.2,52.0,42.0,21.0,49.5,-7.5,BUF,24.246666666666666,32.333333333333336,0.2298850574712644,6.0,18.115,12.12
2025,5,00-0039868,Troy Franklin,WR,DEN,54.0,42.0,24.0,100.0,58.5,49.0,44.0,20.5,44.5,-3.5,PHI,12.1,7.333333333333333,0.235351966873706,2.0,32.25,6.5
2025,5,00-0039875,Ray Davis,RB,BUF,14.0,4.0,9.0,8.0,31.2,92.0,43.0,28.5,49.5,7.5,NE,0.8999999999999999,3.6666666666666665,0.09252978753947745,0.3333333333333333,20.3,0.1
2025,5,00-0039880,Malik Washington,WR,MIA,41.0,16.0,23.0,17.0,79.2,62.0,20.0,23.0,44.5,1.5,CAR,4.6000000000000005,5.666666666666667,0.22756598240469206,0.3333333333333333,20.9,4.0
2025,5,00-0039890,Adonai Mitchell,WR,IND,24.0,19.0,11.0,0.0,59.0,83.0,60.0,26.75,46.5,7.0,LV,5.533333333333334,3.3333333333333335,0.10873737373737374,0.0,39.625,0.0
2025,5,00-0039893,Brian Thomas Jr.,WR,JAC,63.0,31.0,27.0,50.0,80.0,52.0,36.0,21.0,45.5,-3.5,KC,9.0,8.666666666666666,0.27359126984126986,1.0,28.5,12.0
2025,5,00-0039894,Xavier Worthy,WR,KC,44.0,30.0,19.0,0.0,35.3,71.0,48.0,24.5,45.5,3.5,JAC,8.55,6.0,0.18810537372843872,0.0,34.15,11.1
2025,5,00-0039901,Keon Coleman,WR,BUF,27.0,21.0,15.0,17.0,85.7,92.0,45.0,28.5,49.5,7.5,NE,6.033333333333334,3.6666666666666665,0.14998877665544333,0.3333333333333333,32.575,12.3
2025,5,00-0039910,Jayden Daniels,QB,WSH,99.0,78.0,100.0,56.0,94.2,60.0,38.0,22.5,47.5,-2.5,LAC,18.91,45.0,0.3560855263157895,5.0,17.200000000000003,17.14
2025,5,00-0039915,Ladd McConkey,WR,LAC,44.0,23.0,17.0,17.0,76.0,73.0,50.0,25.0,47.5,2.5,WSH,6.666666666666667,6.0,0.1676343009676343,0.3333333333333333,35.05,14.9
2025,5,00-0040075,LaJohntay Wester,WR,BAL,0.0,0.0,0.0,0.0,56.8,44.0,35.0,19.5,41.5,-2.5,HOU,0.0,0.0,0.0,0.0,27.85,0.0
2025,5,00-0040078,Brashard Smith,RB,KC,16.0,11.0,14.0,0.0,43.8,71.0,36.0,24.5,45.5,3.5,JAC,2.6999999999999997,4.333333333333333,0.13741000378931412,0.0,17.55,6.6
2025,5,00-0040122,Ashton Jeanty,RB,LV,69.0,64.0,69.0,75.0,64.2,45.0,38.0,19.75,46.5,-7.0,IND,16.4,18.333333333333332,0.6855109454055244,3.0,18.35,15.9
2025,5,00-0040124,Tetairoa McMillan,WR,CAR,63.0,39.0,26.0,50.0,80.9,54.0,35.0,21.5,44.5,-1.5,MIA,11.333333333333334,8.666666666666666,0.2573375262054507,1.0,28.075,13.3
2025,5,00-0040128,Tyler Warren,TE,IND,64.0,67.0,24.0,17.0,79.0,83.0,33.0,26.75,46.5,7.0,LV,12.333333333333334,7.0,0.24203643578643577,0.3333333333333333,7.175,14.4
2025,5,00-0040129,Emeka Egbuka,WR,TB,63.0,55.0,26.0,50.0,83.8,49.0,26.0,20.5,44.5,-3.5,SEA,15.833333333333334,8.666666666666666,0.25505943609391885,1.0,23.65,29.3
2025,5,00-0040130,Jayden Higgins,WR,HOU,7.0,17.0,4.0,0.0,71.9,57.0,58.0,22.0,41.5,2.5,BAL,4.8999999999999995,1.0,0.03565677478720957,0.0,38.525,7.2
2025,5,00-0040134,Pat Bryant,WR,DEN,15.0,7.0,6.0,25.0,43.9,49.0,44.0,20.5,44.5,-3.5,PHI,1.9,2.0,0.06190476190476191,0.5,32.25,0.0
2025,5,00-0040138,Jaylin Noel,WR,HOU,7.0,3.0,3.0,0.0,35.0,57.0,58.0,22.0,41.5,2.5,BAL,0.7999999999999999,1.0,0.030687830687830684,0.0,38.525,9.8
2025,5,00-0040154,Tai Felton,WR,MIN,2.0,2.0,1.0,0.0,31.2,44.0,42.0,19.5,35.5,3.5,CLE,0.6333333333333333,0.3333333333333333,0.013888888888888888,0.0,31.1,0.0
2025,5,00-0040162,Dylan Sampson,RB,CLE,12.0,14.0,12.0,0.0,33.2,25.0,49.0,16.0,35.5,-3.5,MIN,3.6333333333333333,3.3333333333333335,0.12468976473859557,0.0,22.45,1.2
2025,5,00-0040164,Jaylin Lane,WR,WSH,22.0,7.0,11.0,17.0,65.2,60.0,29.0,22.5,47.5,-2.5,LAC,1.9333333333333333,3.0,0.11203703703703705,0.3333333333333333,25.25,2.6
2025,5,00-0040170,Elic Ayomanor,WR,TEN,44.0,41.0,21.0,50.0,77.3,30.0,47.0,17.0,41.5,-7.5,ARI,11.933333333333335,6.0,0.21498501223771416,1.0,33.425000000000004,3.8
2025,5,00-0040179,DJ Giddens,RB,IND,18.0,6.0,12.0,17.0,31.2,83.0,37.0,26.75,46.5,7.0,LV,1.4666666666666666,4.666666666666667,0.122005772005772,0.6666666666666666,18.0,2.2
2025,5,00-0040184,KeAndre Lambert-Smith,WR,LAC,2.0,0.0,1.0,0.0,41.8,73.0,50.0,25.0,47.5,2.5,WSH,0.0,0.3333333333333333,0.00980392156862745,0.0,35.05,0.0
2025,5,00-0040187,Mitchell Evans,TE,CAR,18.0,27.0,6.0,17.0,35.1,54.0,67.0,21.5,44.5,-1.5,MIA,5.033333333333334,2.0,0.06184486373165618,0.3333333333333333,16.625,7.4
2025,5,00-0040189,Oronde Gadsden II,TE,LAC,45.0,36.0,12.0,50.0,65.3,73.0,61.0,25.0,47.5,2.5,WSH,6.6,5.0,0.11831831831831832,1.0,14.825,2.4
2025,5,00-0040198,Ollie Gordon II,RB,MIA,22.0,17.0,23.0,50.0,44.9,62.0,50.0,23.0,44.5,1.5,CAR,4.366666666666667,6.0,0.23118279569892472,2.0,23.025,-0.2
2025,5,00-0040237,Tez Johnson,WR,TB,10.0,3.0,4.0,0.0,58.2,49.0,26.0,20.5,44.5,-3.5,SEA,0.7666666666666666,1.3333333333333333,0.0439728853521957,0.0,23.65,9.9
2025,5,00-0040238,LeQuint Allen Jr.,RB,JAC,5.0,6.0,5.0,8.0,67.5,52.0,53.0,21.0,45.5,-3.5,KC,1.633333333333333,1.3333333333333333,0.047283950617283944,0.3333333333333333,24.175,0.0
2025,5,00-0040242,Jacory Croskey-Merritt,RB,WSH,29.0,25.0,31.0,17.0,69.4,60.0,28.0,22.5,47.5,-2.5,LAC,6.5,7.666666666666667,0.31419900762006026,0.6666666666666666,14.375,29.0
2025,5,00-0040432,Beaux Collins,WR,NYG,0.0,0.0,0.0,0.0,56.8,46.0,44.0,20.0,41.5,-1.5,NO,0.0,0.0,0.0,0.0,32.25,1.7
2025,5,00-0040494,Max Brosmer,QB,MIN,9.0,5.0,0.0,0.0,56.8,44.0,32.0,19.5,35.5,3.5,CLE,1.16,4.0,0.0,0.0,15.59,-0.1
2025,5,00-0040506,Myles Price,WR,MIN,0.0,0.0,0.0,0.0,56.8,44.0,42.0,19.5,35.5,3.5,CLE,0.0,0.0,0.0,0.0,31.1,0.0
2025,5,00-0040581,Dont'e Thornton Jr.,WR,LV,24.0,9.0,11.0,17.0,59.5,45.0,63.0,19.75,46.5,-7.0,IND,2.6333333333333333,3.3333333333333335,0.11372380132070055,0.3333333333333333,41.05,0.0
2025,5,00-0040582,Arian Smith,WR,NYJ,12.0,3.0,7.0,0.0,33.4,73.0,80.0,25.0,48.5,1.5,DAL,1.0,1.6666666666666667,0.06666666666666667,0.0,48.975,2.4
2025,5,00-0040583,Woody Marks,RB,HOU,42.0,50.0,41.0,17.0,42.5,57.0,80.0,22.0,41.5,2.5,BAL,12.866666666666667,11.333333333333334,0.41233458041238363,0.6666666666666666,34.375,2.4
2025,5,00-0040584,Gunnar Helm,TE,TEN,18.0,20.0,7.0,0.0,66.7,30.0,59.0,17.0,41.5,-7.5,ARI,3.6,2.0,0.06540989467315678,0.0,14.4,7.4
2025,5,00-0040644,Trevor Etienne,RB,CAR,10.0,6.0,9.0,17.0,31.2,54.0,51.0,21.5,44.5,-1.5,MIA,1.5,2.6666666666666665,0.08962264150943396,0.6666666666666666,23.3,3.9
2025,5,00-0040648,Tory Horton,WR,SEA,24.0,29.0,14.0,17.0,65.2,68.0,31.0,24.0,44.5,3.5,TB,8.466666666666667,3.3333333333333335,0.13888888888888887,0.3333333333333333,25.950000000000003,12.9
2025,5,00-0040663,Harold Fannin Jr.,TE,CLE,48.0,36.0,15.0,17.0,76.5,25.0,46.0,16.0,35.5,-3.5,MIN,6.6000000000000005,5.333333333333333,0.1534862815948421,0.3333333333333333,10.85,11.3
2025,5,00-0040666,Omarion Hampton,RB,LAC,66.0,73.0,76.0,50.0,59.8,73.0,41.0,25.0,47.5,2.5,WSH,18.633333333333333,17.666666666666668,0.7580351413684747,2.0,19.6,13.0
2025,5,00-0040669,Isaac TeSlaa,WR,DET,10.0,14.0,5.0,17.0,51.4,100.0,50.0,30.0,49.5,10.5,CIN,4.066666666666667,1.3333333333333333,0.046317717370348954,0.3333333333333333,35.050000000000004,8.2
2025,5,00-0040673,Jalen Milroe,QB,SEA,2.0,1.0,14.0,0.0,79.3,68.0,48.0,24.0,44.5,3.5,TB,0.2,1.0,0.034382284382284384,0.0,19.77,0.0
2025,5,00-0040676,Cam Ward,QB,TEN,78.0,44.0,53.0,41.0,84.2,30.0,38.0,17.0,41.5,-7.5,ARI,10.76,35.333333333333336,0.13179734918865352,3.6666666666666665,17.03,10.0
2025,5,00-0040691,Jaxson Dart,QB,NYG,24.0,27.0,43.0,30.0,31.2,46.0,55.0,20.0,41.5,-1.5,NO,6.613333333333334,10.666666666666666,0.10758377425044091,2.6666666666666665,21.615000000000002,21.58
2025,5,00-0040704,Dillon Gabriel,QB,CLE,4.0,10.0,0.0,11.0,48.9,25.0,23.0,16.0,35.5,-3.5,MIN,2.38,2.0,0.0,1.0,13.05,16.1
2025,5,00-0040705,Chimere Dike,WR,TEN,34.0,7.0,17.0,83.0,39.9,30.0,47.0,17.0,41.5,-7.5,ARI,1.9666666666666668,4.666666666666667,0.16612417854064584,1.6666666666666667,33.425000000000004,3.7
2025,5,00-0040715,Cam Skattebo,RB,NYG,74.0,64.0,64.0,100.0,75.1,46.0,54.0,20.0,41.5,-1.5,NO,16.333333333333332,19.666666666666668,0.6436948853615521,4.666666666666667,24.375,16.4
2025,5,00-0040719,Bhayshul Tuten,RB,JAC,27.0,35.0,27.0,17.0,64.8,52.0,53.0,21.0,45.5,-3.5,KC,8.9,7.333333333333333,0.26540564373897707,0.6666666666666666,24.175,2.1
2025,5,00-0040729,Jack Bech,WR,LV,5.0,6.0,2.0,0.0,36.6,45.0,63.0,19.75,46.5,-7.0,IND,1.7666666666666666,0.6666666666666666,0.02244668911335578,0.0,41.05,5.7
2025,5,00-0040730,RJ Harvey,RB,DEN,39.0,36.0,33.0,25.0,43.0,49.0,53.0,20.5,44.5,-3.5,PHI,9.266666666666666,10.333333333333334,0.3326996250909295,1.0,23.875,6.0
2025,5,00-0040734,TreVeyon Henderson,RB,NE,35.0,34.0,34.0,25.0,66.9,52.0,49.0,21.0,49.5,-7.5,BUF,8.766666666666666,9.333333333333334,0.33735828164349196,1.0,22.424999999999997,4.7
2025,5,00-0040736,Mason Taylor,TE,NYJ,45.0,34.0,18.0,17.0,56.0,73.0,47.0,25.0,48.5,1.5,DAL,6.266666666666667,5.0,0.17530864197530863,0.3333333333333333,11.05,15.7
2025,5,00-0040739,Elijah Arroyo,TE,SEA,24.0,21.0,11.0,50.0,50.9,68.0,49.0,24.0,44.5,3.5,TB,3.8333333333333335,2.6666666666666665,0.10555555555555556,1.0,11.725000000000001,2.0
2025,5,00-0040782,Isaiah Bond,WR,CLE,34.0,17.0,14.0,17.0,67.2,25.0,22.0,16.0,35.5,-3.5,MIN,4.966666666666667,4.666666666666667,0.14003195513238556,0.3333333333333333,21.85,4.9
2025,5,00-0040784,Quinshon Judkins,RB,CLE,72.0,63.0,81.0,58.0,76.0,25.0,49.0,16.0,35.5,-3.5,MIN,16.033333333333335,19.333333333333332,0.8110031479689034,2.3333333333333335,22.45,13.8
2025,6,00-0023459,Aaron Rodgers,QB,PIT,61.0,53.0,41.0,48.0,92.7,58.0,35.0,21.5,37.5,5.5,CLE,12.96,28.666666666666668,0.10286935286935288,4.666666666666667,15.4,17.5
2025,6,00-0026158,Joe Flacco,QB,CIN,85.0,35.0,21.0,38.0,82.9,25.0,41.0,15.25,44.5,-14.0,GB,8.566666666666668,39.666666666666664,0.052188552188552194,3.6666666666666665,16.81,16.76
2025,6,00-0026498,Matthew Stafford,QB,LA,90.0,97.0,29.0,66.0,85.5,79.0,73.0,25.25,43.5,7.0,BAL,23.599999999999998,42.0,0.07211538461538462,6.333333333333333,25.188,11.34
2025,6,00-0029263,Russell Wilson,QB,NYG,59.0,57.0,44.0,52.0,37.3,33.0,41.0,16.75,40.5,-7.0,PHI,13.906666666666666,27.333333333333332,0.10934744268077601,5.0,16.896,0.0
2025,6,00-0030061,Zach Ertz,TE,WSH,27.0,18.0,13.0,33.0,49.0,91.0,57.0,27.5,49.5,5.5,CHI,3.633333333333333,2.6666666666666665,0.12560386473429952,0.6666666666666666,13.924999999999999,16.3
2025,6,00-0030279,Keenan Allen,WR,LAC,63.0,47.0,24.0,100.0,78.0,75.0,42.0,24.5,45.5,3.5,MIA,13.0,9.0,0.23829454454454455,2.0,29.080000000000002,6.7
2025,6,00-0030506,Travis Kelce,TE,KC,67.0,57.0,18.0,67.0,74.8,88.0,51.0,27.0,51.5,2.5,DET,11.833333333333334,6.666666666666667,0.18095238095238098,1.3333333333333333,12.14,13.8
2025,6,00-0030564,DeAndre Hopkins,WR,BAL,12.0,11.0,7.0,0.0,54.8,41.0,55.0,18.25,43.5,-7.0,LA,2.9666666666666663,1.6666666666666667,0.06825396825396825,0.0,34.4,4.0
2025,6,00-0030565,Geno Smith,QB,LV,68.0,68.0,43.0,69.0,81.2,64.0,40.0,22.5,41.5,3.5,TEN,16.58666666666667,31.666666666666668,0.10682027649769583,6.666666666666667,16.720000000000002,10.66
2025,6,00-0031236,Brandin Cooks,WR,NO,23.0,15.0,10.0,17.0,58.3,58.0,54.0,21.5,46.5,-3.5,NE,4.033333333333334,3.3333333333333335,0.10473642800944138,0.3333333333333333,33.96,3.1
2025,6,00-0031381,Davante Adams,WR,LA,58.0,53.0,21.0,83.0,86.0,79.0,75.0,25.25,43.5,7.0,BAL,14.666666666666666,8.333333333333334,0.21051822573561704,1.6666666666666667,42.86,7.9
2025,6,00-0031588,Stefon Diggs,WR,NE,51.0,55.0,31.0,50.0,55.6,77.0,42.0,25.0,46.5,3.5,NO,15.333333333333334,7.333333333333333,0.3078898225957049,1.0,29.0,5.8
2025,6,00-0031610,Darren Waller,TE,MIA,45.0,88.0,16.0,75.0,94.3,56.0,37.0,21.0,45.5,-3.5,LAC,18.25,4.5,0.15575757575757576,1.5,8.5,9.2
2025,6,00-0031687,Raheem Mostert,RB,LV,20.0,20.0,23.0,25.0,66.4,64.0,76.0,22.5,41.5,3.5,TEN,5.25,6.0,0.22951612903225807,1.0,30.459999999999997,-0.4
2025,6,00-0032104,Ameer Abdullah,RB,IND,7.0,25.0,8.0,50.0,56.8,91.0,44.0,27.5,46.5,8.5,ARI,6.6,2.0,0.08,2.0,21.78,2.6
2025,6,00-0032211,Tyler Lockett,WR,TEN,28.0,11.0,13.0,0.0,66.8,45.0,64.0,19.0,41.5,-3.5,LV,3.1,4.0,0.13322273680329946,0.0,38.46,1.0
2025,6,00-0032385,Sterling Shepard,WR,TB,37.0,33.0,17.0,33.0,78.3,77.0,41.0,25.0,46.5,3.5,SF,9.299999999999999,5.333333333333333,0.17045203359858532,0.6666666666666666,28.76,7.1
2025,6,00-0032392,Austin Hooper,TE,NE,23.0,24.0,9.0,0.0,70.8,77.0,65.0,25.0,46.5,3.5,NO,5.0,2.3333333333333335,0.09086388178459788,0.0,16.06,1.5
2025,6,00-0032398,Chris Moore,WR,WSH,16.0,6.0,11.0,17.0,47.8,91.0,51.0,27.5,49.5,5.5,CHI,1.8,2.3333333333333335,0.10834797247840726,0.3333333333333333,32.775,13.6
2025,6,00-0032464,Kalif Raymond,WR,DET,12.0,6.0,7.0,17.0,33.5,75.0,39.0,24.5,51.5,-2.5,KC,1.5666666666666664,1.6666666666666667,0.06564102564102564,0.3333333333333333,27.82,0.0
2025,6,00-0032764,Derrick Henry,RB,BAL,44.0,38.0,69.0,67.0,83.2,41.0,20.0,18.25,43.5,-7.0,LA,9.933333333333334,13.333333333333334,0.6924517175291168,2.6666666666666665,14.959999999999999,14.0
2025,6,00-0032775,Demarcus Robinson,WR,SF,31.0,18.0,11.0,25.0,59.6,58.0,49.0,21.5,46.5,-3.5,TB,4.95,4.5,0.10895721925133689,0.5,32.08,6.4
2025,6,00-0033077,Dak Prescott,QB,DAL,84.0,100.0,37.0,72.0,84.2,79.0,40.0,25.25,47.5,3.0,CAR,24.426666666666666,39.0,0.09328028293545536,7.0,16.644,22.34
2025,6,00-0033090,Hunter Henry,TE,NE,57.0,76.0,19.0,100.0,49.1,77.0,65.0,25.0,46.5,3.5,NO,15.833333333333334,5.666666666666667,0.18868658574540928,2.0,16.06,5.7
2025,6,00-0033106,Jared Goff,QB,DET,60.0,68.0,22.0,52.0,86.4,75.0,50.0,24.5,51.5,-2.5,KC,16.506666666666668,28.0,0.05528973950026581,5.0,19.172,16.82
2025,6,00-0033110,Tyler Higbee,TE,LA,37.0,20.0,10.0,33.0,56.0,79.0,62.0,25.25,43.5,7.0,BAL,4.066666666666666,3.6666666666666665,0.10353535353535354,0.6666666666666666,15.1,14.0
2025,6,00-0033119,Jacoby Brissett,QB,ARI,2.0,0.0,9.0,0.0,67.5,45.0,41.0,19.0,46.5,-8.5,IND,0.1,1.0,0.022727272727272728,0.0,16.872,22.7
2025,6,00-0033217,Mo Alie-Cox,TE,IND,10.0,12.0,3.0,25.0,89.3,91.0,60.0,27.5,46.5,8.5,ARI,2.4,1.0,0.03239289446185998,0.5,14.760000000000002,2.6
2025,6,00-0033246,Johnny Mundt,TE,JAC,10.0,5.0,4.0,0.0,70.4,67.0,67.0,23.0,47.5,-1.5,SEA,1.1333333333333333,1.0,0.03774410774410774,0.0,16.54,2.4
2025,6,00-0033280,Christian McCaffrey,RB,SF,100.0,100.0,100.0,100.0,93.3,58.0,41.0,21.5,46.5,-3.5,TB,26.0,30.333333333333332,1.0597712016829666,4.0,20.9,24.1
2025,6,00-0033307,Kendrick Bourne,WR,SF,49.0,42.0,18.0,17.0,52.8,58.0,49.0,21.5,46.5,-3.5,TB,11.566666666666665,7.0,0.1766030736618972,0.3333333333333333,32.08,19.2
2025,6,00-0033357,Taysom Hill,TE,NO,60.0,3.0,20.0,0.0,56.8,58.0,80.0,21.5,46.5,-3.5,NE,0.66,6.0,0.2,0.0,20.125,6.1
2025,6,00-0033375,Tim Patrick,WR,JAC,7.0,4.0,4.0,0.0,67.2,67.0,45.0,23.0,47.5,-1.5,SEA,1.1666666666666667,1.0,0.03774410774410774,0.0,30.3,9.6
2025,6,00-0033526,Samaje Perine,RB,CIN,13.0,9.0,20.0,0.0,51.7,25.0,34.0,15.25,44.5,-14.0,GB,2.466666666666667,4.0,0.20086580086580086,0.0,18.8,5.2
2025,6,00-0033555,Mack Hollins,WR,NE,16.0,26.0,9.0,33.0,76.2,77.0,42.0,25.0,46.5,3.5,NO,7.300000000000001,2.3333333333333335,0.08563038742066875,0.6666666666666666,29.0,4.8
2025,6,00-0033572,Jamal Agnew,WR,ATL,0.0,0.0,0.0,0.0,56.8,67.0,44.0,23.0,49.5,-3.5,BUF,0.0,0.0,0.0,0.0,30.080000000000002,0.0
2025,6,00-0033576,Eric Saubert,TE,SEA,3.0,4.0,2.0,17.0,31.2,75.0,54.0,24.5,47.5,1.5,JAC,0.7333333333333334,0.3333333333333333,0.016666666666666666,0.3333333333333333,13.0,0.0
2025,6,00-0033662,Cooper Rush,QB,BAL,26.0,12.0,19.0,3.0,39.9,41.0,45.0,18.25,43.5,-7.0,LA,2.9466666666666668,12.0,0.047619047619047616,0.3333333333333333,18.024,2.88
2025,6,00-0033857,JuJu Smith-Schuster,WR,KC,30.0,32.0,12.0,100.0,68.2,88.0,57.0,27.0,51.5,2.5,DET,8.933333333333334,4.333333333333333,0.12023809523809524,2.0,35.58,8.7
2025,6,00-0033858,Jonnu Smith,TE,PIT,33.0,24.0,14.0,0.0,82.6,58.0,50.0,21.5,37.5,5.5,CLE,4.866666666666667,3.3333333333333335,0.13535353535353534,0.0,11.940000000000001,5.8
2025,6,00-0033873,Patrick Mahomes,QB,KC,93.0,94.0,77.0,100.0,86.0,88.0,50.0,27.0,51.5,2.5,DET,23.06,43.333333333333336,0.1920995670995671,9.666666666666666,19.220000000000002,31.48
2025,6,00-0033881,Evan Engram,TE,DEN,50.0,36.0,13.0,50.0,58.0,80.0,63.0,25.5,43.5,7.5,NYJ,7.466666666666668,5.0,0.13333333333333333,1.0,15.440000000000001,9.9
2025,6,00-0033885,David Njoku,TE,CLE,63.0,50.0,20.0,67.0,57.3,29.0,65.0,16.0,37.5,-5.5,PIT,10.266666666666667,6.333333333333333,0.19607843137254902,1.3333333333333333,16.05,5.8
2025,6,00-0033891,Zay Jones,WR,ARI,16.0,10.0,7.0,0.0,64.2,45.0,63.0,19.0,46.5,-8.5,IND,2.9,2.3333333333333335,0.0742393509127789,0.0,38.019999999999996,12.9
2025,6,00-0033906,Alvin Kamara,RB,NO,59.0,35.0,61.0,25.0,79.9,58.0,29.0,21.5,46.5,-3.5,NE,9.1,18.0,0.6056128929410737,1.0,17.44,12.6
2025,6,00-0033908,Cooper Kupp,WR,SEA,40.0,28.0,21.0,33.0,68.5,75.0,55.0,24.5,47.5,1.5,JAC,7.866666666666667,5.666666666666667,0.20767973856209151,0.6666666666666666,34.44,12.0
2025,6,00-0033923,Kareem Hunt,RB,KC,36.0,46.0,39.0,67.0,74.9,88.0,35.0,27.0,51.5,2.5,DET,11.933333333333332,11.0,0.3879058441558441,2.6666666666666665,19.14,4.4
2025,6,00-0033943,Josh Reynolds,WR,NYJ,21.0,12.0,10.0,33.0,58.9,40.0,39.0,18.0,43.5,-7.5,DEN,3.233333333333333,3.0,0.10405643738977072,0.6666666666666666,28.1,5.5
2025,6,00-0033955,Jeremy McNichols,RB,WSH,12.0,23.0,14.0,8.0,58.5,91.0,77.0,27.5,49.5,5.5,CHI,5.966666666666666,3.6666666666666665,0.14063774389861347,0.3333333333333333,30.85,6.5
2025,6,00-0034159,Will Dissly,TE,LAC,10.0,11.0,3.0,0.0,88.6,75.0,63.0,24.5,45.5,3.5,MIA,2.25,1.0,0.0332244008714597,0.0,15.540000000000001,3.8
2025,6,00-0034272,Marquez Valdes-Scantling,WR,SF,12.0,5.0,4.0,0.0,47.7,58.0,49.0,21.5,46.5,-3.5,TB,1.2666666666666666,1.6666666666666667,0.04074529074529074,0.0,32.08,4.2
2025,6,00-0034348,Courtland Sutton,WR,DEN,56.0,73.0,26.0,17.0,82.1,80.0,49.0,25.5,43.5,7.5,NYJ,20.266666666666666,8.0,0.2561536691971475,0.3333333333333333,32.260000000000005,2.7
2025,6,00-0034351,Dallas Goedert,TE,PHI,50.0,66.0,16.0,50.0,61.1,71.0,43.0,23.75,40.5,7.0,NYG,13.633333333333335,5.0,0.15885885885885886,1.0,10.052000000000001,26.0
2025,6,00-0034365,Ian Thomas,TE,LV,10.0,8.0,3.0,0.0,31.2,64.0,43.0,22.5,41.5,3.5,TEN,1.6666666666666667,1.0,0.027777777777777776,0.0,10.12,1.4
2025,6,00-0034753,Mark Andrews,TE,BAL,57.0,67.0,21.0,17.0,59.0,41.0,58.0,18.25,43.5,-7.0,LA,13.766666666666666,5.666666666666667,0.21031746031746032,0.3333333333333333,13.98,6.6
2025,6,00-0034771,Mason Rudolph,QB,PIT,4.0,2.0,0.0,0.0,56.8,58.0,35.0,21.5,37.5,5.5,CLE,0.48,2.0,0.0,0.0,15.4,0.0
2025,6,00-0034827,DJ Moore,WR,CHI,44.0,36.0,20.0,33.0,83.5,61.0,56.0,22.0,49.5,-5.5,WSH,10.066666666666668,6.333333333333333,0.2009089250468561,0.6666666666666666,34.96,8.2
2025,6,00-0034837,Calvin Ridley,WR,TEN,47.0,32.0,20.0,17.0,55.2,45.0,64.0,19.0,41.5,-3.5,LV,8.933333333333334,6.666666666666667,0.20219580194004746,0.3333333333333333,38.46,2.8
2025,6,00-0034844,Saquon Barkley,RB,PHI,60.0,57.0,75.0,67.0,77.8,71.0,54.0,23.75,40.5,7.0,NYG,14.9,18.333333333333332,0.7464796174473594,2.6666666666666665,24.339999999999996,8.7
2025,6,00-0034854,KhaDarel Hodge,WR,ATL,7.0,0.0,2.0,0.0,56.8,67.0,44.0,23.0,49.5,-3.5,BUF,0.0,1.0,0.023809523809523808,0.0,30.080000000000002,0.0
2025,6,00-0034855,Baker Mayfield,QB,TB,81.0,86.0,54.0,66.0,90.7,77.0,39.0,25.0,46.5,3.5,SF,21.080000000000002,37.666666666666664,0.13430115635997988,6.333333333333333,16.492,19.64
2025,6,00-0034857,Josh Allen,QB,BUF,72.0,100.0,90.0,72.0,91.6,85.0,33.0,26.5,49.5,3.5,ATL,24.433333333333334,33.666666666666664,0.22574765857811832,7.0,14.795,19.4
2025,6,00-0034869,Sam Darnold,QB,SEA,56.0,85.0,4.0,48.0,79.7,75.0,60.0,24.5,47.5,1.5,JAC,20.813333333333333,26.333333333333332,0.009523809523809523,4.666666666666667,21.936,20.0
2025,6,00-0034960,Jakobi Meyers,WR,LV,40.0,28.0,22.0,33.0,79.9,64.0,58.0,22.5,41.5,3.5,TEN,7.833333333333333,5.666666666666667,0.2216049382716049,0.6666666666666666,35.64,7.9
2025,6,00-0034975,Justice Hill,RB,BAL,18.0,49.0,22.0,8.0,40.5,41.0,20.0,18.25,43.5,-7.0,LA,12.800000000000002,5.333333333333333,0.22398643667993512,0.3333333333333333,14.959999999999999,9.4
2025,6,00-0034983,Hunter Renfrow,WR,CAR,21.0,9.0,11.0,17.0,75.8,62.0,80.0,22.25,47.5,-3.0,DAL,2.4333333333333336,3.0,0.11342592592592593,0.3333333333333333,44.92,1.7
2025,6,00-0035021,Ashton Dulin,WR,IND,16.0,12.0,8.0,0.0,31.2,91.0,49.0,27.5,46.5,8.5,ARI,3.4333333333333336,2.3333333333333335,0.0818452380952381,0.0,32.18,0.0
2025,6,00-0035208,Olamide Zaccheaus,WR,CHI,40.0,24.0,18.0,50.0,84.8,61.0,56.0,22.0,49.5,-5.5,WSH,6.599999999999999,5.666666666666667,0.17751958556556258,1.0,34.96,4.8
2025,6,00-0035250,Devin Singletary,RB,NYG,21.0,9.0,19.0,8.0,74.3,33.0,52.0,16.75,40.5,-7.0,PHI,2.433333333333333,6.333333333333333,0.19099780594033466,0.3333333333333333,23.9,1.0
2025,6,00-0035261,Tony Pollard,RB,TEN,59.0,53.0,80.0,42.0,88.2,45.0,46.0,19.0,41.5,-3.5,LV,13.766666666666666,18.0,0.7953087358458202,1.6666666666666667,22.080000000000002,6.7
2025,6,00-0035500,Greg Dortch,WR,ARI,26.0,17.0,12.0,50.0,61.0,45.0,63.0,19.0,46.5,-8.5,IND,4.633333333333334,3.6666666666666665,0.11500933706816059,1.0,38.019999999999996,9.9
2025,6,00-0035537,Ty Johnson,RB,BUF,9.0,5.0,10.0,8.0,42.8,85.0,21.0,26.5,49.5,3.5,ATL,1.3666666666666665,2.6666666666666665,0.09513356747552149,0.3333333333333333,15.175,2.6
2025,6,00-0035567,Craig Reynolds,RB,DET,3.0,1.0,3.0,0.0,31.2,75.0,44.0,24.5,51.5,-2.5,KC,0.13333333333333333,1.0,0.03333333333333333,0.0,21.520000000000003,0.0
2025,6,00-0035602,Alex Bachman,WR,LV,7.0,3.0,3.0,0.0,70.5,64.0,58.0,22.5,41.5,3.5,TEN,0.95,1.0,0.02904040404040404,0.0,35.64,0.0
2025,6,00-0035631,Drew Sample,TE,CIN,20.0,20.0,6.0,17.0,46.5,25.0,69.0,15.25,44.5,-14.0,GB,4.2,2.0,0.06229874776386404,0.3333333333333333,17.075,0.8
2025,6,00-0035640,DK Metcalf,WR,PIT,35.0,56.0,20.0,50.0,80.0,58.0,52.0,21.5,37.5,5.5,CLE,15.6,5.0,0.20303030303030303,1.0,33.2,19.5
2025,6,00-0035644,Noah Fant,TE,CIN,47.0,42.0,17.0,17.0,78.3,25.0,69.0,15.25,44.5,-14.0,GB,8.666666666666666,4.666666666666667,0.16757408415649064,0.3333333333333333,17.075,6.7
2025,6,00-0035645,Gunner Olszewski,WR,NYG,0.0,0.0,0.0,0.0,56.8,33.0,49.0,16.75,40.5,-7.0,PHI,0.0,0.0,0.0,0.0,31.96,0.0
2025,6,00-0035662,Marquise Brown,WR,KC,44.0,36.0,17.0,33.0,83.1,88.0,57.0,27.0,51.5,2.5,DET,9.933333333333334,6.333333333333333,0.1714285714285714,0.6666666666666666,35.58,20.5
2025,6,00-0035676,A.J. Brown,WR,PHI,63.0,42.0,31.0,50.0,67.0,71.0,71.0,23.75,40.5,7.0,NYG,11.633333333333333,9.0,0.30818318318318316,1.0,41.2,14.0
2025,6,00-0035685,David Montgomery,RB,DET,46.0,63.0,43.0,92.0,60.7,75.0,44.0,24.5,51.5,-2.5,KC,16.273333333333337,14.0,0.43117621535202216,3.6666666666666665,21.520000000000003,8.1
2025,6,00-0035689,Dawson Knox,TE,BUF,27.0,12.0,10.0,17.0,42.0,85.0,20.0,26.5,49.5,3.5,ATL,2.466666666666667,2.6666666666666665,0.10404040404040404,0.3333333333333333,3.7249999999999996,8.9
2025,6,00-0035700,Josh Jacobs,RB,GB,81.0,75.0,79.0,100.0,79.1,100.0,80.0,29.25,44.5,14.0,CIN,19.5,24.666666666666668,0.7941594128690902,5.666666666666667,31.704,32.0
2025,6,00-0035710,Daniel Jones,QB,IND,66.0,64.0,31.0,41.0,93.5,91.0,36.0,27.5,46.5,8.5,ARI,15.626666666666667,31.0,0.07682539682539682,4.0,15.624,24.48
2025,6,00-0035719,Deebo Samuel Sr.,WR,WSH,60.0,58.0,38.0,50.0,65.8,91.0,51.0,27.5,49.5,5.5,CHI,16.2,8.666666666666666,0.3750137241985068,1.0,32.775,5.4
2025,6,00-0036040,Juwan Johnson,TE,NO,50.0,33.0,15.0,33.0,66.0,58.0,80.0,21.5,46.5,-3.5,NE,6.866666666666667,5.0,0.1480514030946761,0.6666666666666666,20.125,3.5
2025,6,00-0036139,Rico Dowdle,RB,CAR,53.0,61.0,53.0,67.0,49.6,62.0,59.0,22.25,47.5,-3.0,DAL,15.733333333333334,16.0,0.5315255731922398,2.6666666666666665,25.9,33.9
2025,6,00-0036158,J.K. Dobbins,RB,DEN,56.0,54.0,60.0,50.0,84.8,80.0,47.0,25.5,43.5,7.5,NYJ,14.066666666666668,17.0,0.6030238312847008,2.0,22.5,4.0
2025,6,00-0036182,Nick Westbrook-Ikhine,WR,MIA,9.0,6.0,5.0,0.0,31.2,56.0,37.0,21.0,45.5,-3.5,LAC,1.6333333333333335,1.3333333333333333,0.04666666666666667,0.0,27.020000000000003,0.0
2025,6,00-0036212,Tua Tagovailoa,QB,MIA,72.0,73.0,33.0,66.0,88.5,56.0,42.0,21.0,45.5,-3.5,LAC,17.753333333333334,33.666666666666664,0.08273425499231951,6.333333333333333,17.188,12.6
2025,6,00-0036223,Jonathan Taylor,RB,IND,70.0,99.0,85.0,100.0,85.4,91.0,44.0,27.5,46.5,8.5,ARI,25.666666666666668,21.333333333333332,0.8487499999999999,5.333333333333333,21.78,23.7
2025,6,00-0036252,Michael Pittman,WR,IND,51.0,59.0,25.0,100.0,83.5,91.0,49.0,27.5,46.5,8.5,ARI,16.433333333333334,7.333333333333333,0.2508333333333333,2.3333333333333335,32.18,4.0
2025,6,00-0036259,Jauan Jennings,WR,SF,44.0,33.0,18.0,83.0,51.8,58.0,49.0,21.5,46.5,-3.5,TB,9.299999999999999,6.333333333333333,0.18138910969793323,1.6666666666666667,32.08,1.7
2025,6,00-0036264,Jordan Love,QB,GB,78.0,85.0,42.0,59.0,82.3,100.0,57.0,29.25,44.5,14.0,CIN,20.76,36.333333333333336,0.10491551459293395,5.666666666666667,21.156,16.96
2025,6,00-0036265,AJ Dillon,RB,PHI,9.0,6.0,12.0,17.0,80.5,71.0,54.0,23.75,40.5,7.0,NYG,1.5999999999999999,2.6666666666666665,0.12227588982807198,0.6666666666666666,24.339999999999996,4.0
2025,6,00-0036275,D'Andre Swift,RB,CHI,57.0,55.0,61.0,67.0,87.9,61.0,36.0,22.0,49.5,-5.5,WSH,14.233333333333334,17.333333333333332,0.610538248469283,2.6666666666666665,19.360000000000003,25.5
2025,6,00-0036290,Cole Kmet,TE,CHI,40.0,33.0,12.0,50.0,52.2,61.0,55.0,22.0,49.5,-5.5,WSH,6.833333333333333,4.0,0.11544011544011544,1.0,13.34,1.0
2025,6,00-0036331,Devin Duvernay,WR,CHI,0.0,0.0,0.0,0.0,56.8,61.0,56.0,22.0,49.5,-5.5,WSH,0.0,0.0,0.0,0.0,34.96,0.0
2025,6,00-0036355,Justin Herbert,QB,LAC,89.0,65.0,40.0,55.0,91.9,75.0,70.0,24.5,45.5,3.5,MIA,15.920000000000002,41.333333333333336,0.09883326549993217,5.333333333333333,24.392000000000003,18.76
2025,6,00-0036389,Jalen Hurts,QB,PHI,81.0,95.0,100.0,72.0,87.5,71.0,44.0,23.75,40.5,7.0,NYG,23.313333333333333,38.0,0.2684913652655588,7.0,17.607999999999997,22.62
2025,6,00-0036407,Jerry Jeudy,WR,CLE,44.0,17.0,19.0,33.0,68.1,29.0,60.0,16.0,37.5,-5.5,PIT,4.666666666666667,6.333333333333333,0.1924019607843137,0.6666666666666666,36.625,9.3
2025,6,00-0036410,Tee Higgins,WR,CIN,35.0,24.0,17.0,50.0,58.2,25.0,50.0,15.25,44.5,-14.0,GB,6.633333333333333,5.0,0.17488344988344987,1.0,32.325,11.2
2025,6,00-0036415,Van Jefferson,WR,TEN,9.0,8.0,5.0,0.0,72.4,45.0,64.0,19.0,41.5,-3.5,LV,2.1333333333333333,1.3333333333333333,0.04580205153590188,0.0,38.46,11.5
2025,6,00-0036425,DeeJay Dallas,RB,CAR,0.0,0.0,0.0,0.0,56.8,62.0,59.0,22.25,47.5,-3.0,DAL,0.0,0.0,0.0,0.0,25.9,0.0
2025,6,00-0036427,Tyler Johnson,WR,NYJ,14.0,12.0,8.0,0.0,56.7,40.0,39.0,18.0,43.5,-7.5,DEN,3.4333333333333336,2.0,0.07619047619047618,0.0,28.1,0.0
2025,6,00-0036550,Rashod Bateman,WR,BAL,28.0,25.0,16.0,17.0,45.4,41.0,55.0,18.25,43.5,-7.0,LA,6.8999999999999995,4.0,0.15555555555555556,0.3333333333333333,34.4,1.8
2025,6,00-0036613,Jaylen Waddle,WR,MIA,49.0,55.0,23.0,83.0,75.7,56.0,37.0,21.0,45.5,-3.5,LAC,15.233333333333334,7.0,0.23151515151515153,1.6666666666666667,27.020000000000003,15.82
2025,6,00-0036620,Dee Eskridge,WR,MIA,2.0,2.0,1.0,0.0,31.2,56.0,37.0,21.0,45.5,-3.5,LAC,0.6,0.3333333333333333,0.011111111111111112,0.0,27.020000000000003,0.0
2025,6,00-0036626,Dyami Brown,WR,JAC,35.0,29.0,17.0,83.0,51.8,67.0,45.0,23.0,47.5,-1.5,SEA,7.933333333333334,5.0,0.16739618406285073,1.6666666666666667,30.3,4.0
2025,6,00-0036630,Tylan Wallace,WR,BAL,12.0,15.0,6.0,33.0,57.5,41.0,55.0,18.25,43.5,-7.0,LA,4.3,1.6666666666666667,0.05793650793650793,0.6666666666666666,34.4,0.0
2025,6,00-0036637,Noah Gray,TE,KC,40.0,11.0,12.0,17.0,46.4,88.0,51.0,27.0,51.5,2.5,DET,2.3000000000000003,4.0,0.12413793103448277,0.3333333333333333,12.14,4.5
2025,6,00-0036646,Simi Fehoko,WR,ARI,0.0,0.0,0.0,0.0,56.8,45.0,63.0,19.0,46.5,-8.5,IND,0.0,0.0,0.0,0.0,38.019999999999996,0.0
2025,6,00-0036825,Feleipe Franks,TE,ATL,0.0,0.0,0.0,0.0,56.8,67.0,27.0,23.0,49.5,-3.5,BUF,0.0,0.0,0.0,0.0,5.659999999999999,0.2
2025,6,00-0036842,Kene Nwangwu,RB,NYJ,0.0,0.0,0.0,0.0,56.8,40.0,37.0,18.0,43.5,-7.5,DEN,0.0,0.0,0.0,0.0,19.64,0.0
2025,6,00-0036862,Ben Skowronek,WR,PIT,2.0,0.0,2.0,17.0,41.8,58.0,52.0,21.5,37.5,5.5,CLE,0.0,0.3333333333333333,0.015151515151515152,0.3333333333333333,33.2,0.0
2025,6,00-0036875,Rhamondre Stevenson,RB,NE,29.0,39.0,33.0,50.0,71.7,77.0,50.0,25.0,46.5,3.5,NO,10.133333333333333,8.666666666666666,0.3266810381414844,2.0,23.46,1.8
2025,6,00-0036887,Luke Farrell,TE,SF,23.0,25.0,6.0,33.0,66.4,58.0,60.0,21.5,46.5,-3.5,TB,5.1000000000000005,2.3333333333333335,0.06178638531579708,0.6666666666666666,14.64,0.0
2025,6,00-0036894,Pat Freiermuth,TE,PIT,33.0,22.0,12.0,17.0,76.6,58.0,50.0,21.5,37.5,5.5,CLE,4.5,3.3333333333333335,0.12438174851967954,0.3333333333333333,11.940000000000001,2.1
2025,6,00-0036900,Ja'Marr Chase,WR,CIN,58.0,57.0,30.0,17.0,69.5,25.0,50.0,15.25,44.5,-14.0,GB,15.733333333333333,8.333333333333334,0.29734154734154733,0.3333333333333333,32.325,25.1
2025,6,00-0036912,DeVonta Smith,WR,PHI,49.0,53.0,22.0,83.0,58.7,71.0,71.0,23.75,40.5,7.0,NYG,14.766666666666666,7.0,0.21786786786786785,1.6666666666666667,41.2,8.9
2025,6,00-0036919,Kenny Gainwell,RB,PIT,44.0,61.0,52.0,67.0,42.8,58.0,24.0,21.5,37.5,5.5,CLE,15.866666666666667,13.333333333333334,0.5184537684537686,2.6666666666666665,16.016000000000002,9.6
2025,6,00-0036924,Michael Carter,RB,ARI,40.0,35.0,42.0,25.0,31.2,45.0,32.0,19.0,46.5,-8.5,IND,9.200000000000001,12.0,0.4230899256254226,1.0,18.3,8.4
2025,6,00-0036945,Justin Fields,QB,NYJ,74.0,75.0,100.0,48.0,64.3,40.0,29.0,18.0,43.5,-7.5,DEN,18.346666666666668,34.333333333333336,0.26875901875901875,4.666666666666667,13.764,4.9
2025,6,00-0036963,Amon-Ra St. Brown,WR,DET,56.0,78.0,33.0,67.0,88.2,75.0,39.0,24.5,51.5,-2.5,KC,21.566666666666666,8.0,0.32633221850613153,1.3333333333333333,27.82,13.7
2025,6,00-0036970,Kyle Pitts,TE,ATL,53.0,54.0,19.0,17.0,77.7,67.0,27.0,23.0,49.5,-3.5,BUF,11.200000000000001,5.333333333333333,0.1922481312725215,0.3333333333333333,5.659999999999999,4.8
2025,6,00-0036971,Trevor Lawrence,QB,JAC,82.0,71.0,92.0,62.0,76.2,67.0,47.0,23.0,47.5,-1.5,SEA,17.22666666666667,38.333333333333336,0.22889957264957264,6.0,18.432,19.22
2025,6,00-0036972,Mac Jones,QB,SF,100.0,83.0,54.0,55.0,88.6,58.0,59.0,21.5,46.5,-3.5,TB,20.400000000000002,46.666666666666664,0.13525641025641025,5.333333333333333,21.744,15.18
2025,6,00-0036973,Travis Etienne,RB,JAC,60.0,51.0,68.0,42.0,81.0,67.0,46.0,23.0,47.5,-1.5,SEA,13.299999999999999,18.333333333333332,0.6797762885262886,1.6666666666666667,22.16,9.5
2025,6,00-0036980,Elijah Moore,WR,BUF,19.0,20.0,9.0,0.0,41.8,85.0,41.0,26.5,49.5,3.5,ATL,5.599999999999999,2.6666666666666665,0.08863659201837497,0.0,28.775,0.0
2025,6,00-0036988,Josh Palmer,WR,BUF,14.0,14.0,8.0,33.0,60.8,85.0,41.0,26.5,49.5,3.5,ATL,3.8666666666666667,2.0,0.08002244668911335,0.6666666666666666,28.775,8.0
2025,6,00-0036997,Javonte Williams,RB,DAL,62.0,77.0,69.0,75.0,81.0,79.0,44.0,25.25,47.5,3.0,CAR,20.03333333333333,18.666666666666668,0.6949890702159305,3.0,21.7,8.4
2025,6,00-0037004,Hunter Long,TE,JAC,23.0,25.0,8.0,33.0,51.9,67.0,67.0,23.0,47.5,-1.5,SEA,5.266666666666667,2.3333333333333335,0.08292929292929292,0.6666666666666666,16.54,3.9
2025,6,00-0037005,Tommy Tremble,TE,CAR,40.0,33.0,14.0,50.0,38.0,62.0,55.0,22.25,47.5,-3.0,DAL,6.833333333333333,4.0,0.13580246913580246,1.0,13.34,7.9
2025,6,00-0037091,Bo Melton,WR,GB,0.0,0.0,0.0,0.0,56.8,100.0,53.0,29.25,44.5,14.0,CIN,0.0,0.0,0.0,0.0,33.68,0.3
2025,6,00-0037093,Dareke Young,WR,SEA,5.0,8.0,3.0,0.0,34.4,75.0,55.0,24.5,47.5,1.5,JAC,2.2666666666666666,0.6666666666666666,0.026470588235294117,0.0,34.44,0.0
2025,6,00-0037112,Jake Tonges,TE,SF,63.0,58.0,16.0,33.0,57.8,58.0,60.0,21.5,46.5,-3.5,TB,12.0,6.333333333333333,0.15937996820349762,0.6666666666666666,14.64,11.8
2025,6,00-0037157,Bam Knight,RB,ARI,5.0,12.0,6.0,17.0,31.2,45.0,32.0,19.0,46.5,-8.5,IND,3.1333333333333333,1.6666666666666667,0.05708812260536398,0.6666666666666666,18.3,12.4
2025,6,00-0037197,Isiah Pacheco,RB,KC,34.0,35.0,36.0,17.0,82.5,88.0,35.0,27.0,51.5,2.5,DET,9.066666666666666,10.333333333333334,0.36112012987012987,0.6666666666666666,19.14,6.1
2025,6,00-0037228,Jaylen Warren,RB,PIT,60.0,57.0,79.0,100.0,85.2,58.0,24.0,21.5,37.5,5.5,CLE,14.799999999999999,18.333333333333332,0.794666827425448,4.0,16.016000000000002,8.3
2025,6,00-0037238,Drake London,WR,ATL,51.0,52.0,26.0,17.0,63.8,67.0,44.0,23.0,49.5,-3.5,BUF,14.466666666666667,7.333333333333333,0.25673784210369577,0.3333333333333333,30.080000000000002,31.8
2025,6,00-0037239,Chris Olave,WR,NO,72.0,48.0,31.0,67.0,81.2,58.0,54.0,21.5,46.5,-3.5,NE,13.199999999999998,10.333333333333334,0.3121007081038552,1.3333333333333333,33.96,15.8
2025,6,00-0037240,Jameson Williams,WR,DET,33.0,17.0,18.0,0.0,50.5,75.0,39.0,24.5,51.5,-2.5,KC,4.666666666666667,4.666666666666667,0.18121622172596685,0.0,27.82,18.6
2025,6,00-0037247,George Pickens,WR,DAL,56.0,78.0,21.0,83.0,68.9,79.0,25.0,25.25,47.5,3.0,CAR,21.63333333333333,8.0,0.21229209387104123,1.6666666666666667,22.119999999999997,31.8
2025,6,00-0037248,James Cook,RB,BUF,70.0,62.0,74.0,83.0,73.8,85.0,21.0,26.5,49.5,3.5,ATL,16.066666666666666,21.333333333333332,0.7449025697588917,3.3333333333333335,15.175,8.7
2025,6,00-0037256,Rachaad White,RB,TB,38.0,44.0,42.0,42.0,48.2,77.0,45.0,25.0,46.5,3.5,SF,11.366666666666667,11.666666666666666,0.41628309148593123,1.6666666666666667,21.94,17.6
2025,6,00-0037261,Khalil Shakir,WR,BUF,44.0,52.0,24.0,83.0,74.7,85.0,41.0,26.5,49.5,3.5,ATL,14.466666666666667,6.333333333333333,0.2366345446805217,1.6666666666666667,28.775,6.3
2025,6,00-0037263,Tyler Allgeier,RB,ATL,40.0,35.0,33.0,67.0,49.6,67.0,49.0,23.0,49.5,-3.5,BUF,9.166666666666666,12.0,0.32752221299411116,2.6666666666666665,22.939999999999998,10.8
2025,6,00-0037267,Jerome Ford,RB,CLE,15.0,16.0,15.0,17.0,55.3,29.0,48.0,16.0,37.5,-5.5,PIT,4.033333333333333,4.666666666666667,0.1465368554829339,0.6666666666666666,22.675,8.0
2025,6,00-0037348,Tanner Conner,TE,MIA,13.0,10.0,4.0,17.0,37.1,56.0,37.0,21.0,45.5,-3.5,LAC,1.9666666666666668,1.3333333333333333,0.04040404040404041,0.3333333333333333,8.5,1.8
2025,6,00-0037545,Rashid Shaheed,WR,NO,42.0,47.0,19.0,33.0,76.4,58.0,54.0,21.5,46.5,-3.5,NE,12.933333333333332,6.0,0.1888184384690147,0.6666666666666666,33.96,6.8
2025,6,00-0037594,Julius Chestnut,RB,TEN,7.0,4.0,8.0,8.0,65.0,45.0,46.0,19.0,41.5,-3.5,LV,0.9666666666666667,2.0,0.08489467728598162,0.3333333333333333,22.080000000000002,0.0
2025,6,00-0037617,Hassan Haskins,RB,LAC,7.0,3.0,7.0,0.0,31.2,75.0,59.0,24.5,45.5,3.5,MIA,0.8333333333333334,2.0,0.07214506172839506,0.0,25.9,3.3
2025,6,00-0037664,Alec Pierce,WR,IND,30.0,31.0,15.0,33.0,75.9,91.0,49.0,27.5,46.5,8.5,ARI,8.700000000000001,4.333333333333333,0.15165447579240685,0.6666666666666666,32.18,6.8
2025,6,00-0037666,Jalen Tolbert,WR,DAL,30.0,19.0,11.0,50.0,45.4,79.0,25.0,25.25,47.5,3.0,CAR,5.166666666666667,4.333333333333333,0.10999088630667576,1.0,22.119999999999997,1.8
2025,6,00-0037740,Garrett Wilson,WR,NYJ,72.0,76.0,30.0,67.0,85.8,40.0,39.0,18.0,43.5,-7.5,DEN,21.23333333333333,10.333333333333334,0.3019400352733686,1.3333333333333333,28.1,4.3
2025,6,00-0037741,Jahan Dotson,WR,PHI,14.0,6.0,6.0,17.0,35.5,71.0,71.0,23.75,40.5,7.0,NYG,1.7,2.0,0.06036036036036036,0.3333333333333333,41.2,2.7
2025,6,00-0037744,Trey McBride,TE,ARI,87.0,59.0,25.0,67.0,84.3,45.0,48.0,19.0,46.5,-8.5,IND,12.199999999999998,8.666666666666666,0.24787581699346406,1.3333333333333333,11.26,21.2
2025,6,00-0037746,Brian Robinson,RB,SF,13.0,7.0,15.0,17.0,74.2,58.0,41.0,21.5,46.5,-3.5,TB,1.8333333333333333,4.0,0.15486111111111112,0.6666666666666666,20.9,3.8
2025,6,00-0037805,Jeremy Ruckert,TE,NYJ,20.0,28.0,6.0,17.0,58.7,40.0,41.0,18.0,43.5,-7.5,DEN,5.866666666666667,2.0,0.059964726631393295,0.3333333333333333,9.459999999999999,0.0
2025,6,00-0037809,Chig Okonkwo,TE,TEN,47.0,35.0,15.0,0.0,67.7,45.0,38.0,19.0,41.5,-3.5,LV,7.266666666666667,4.666666666666667,0.14734683532637496,0.0,8.620000000000001,10.6
2025,6,00-0037816,Romeo Doubs,WR,GB,35.0,55.0,16.0,67.0,53.0,100.0,53.0,29.25,44.5,14.0,CIN,15.366666666666665,5.0,0.16246913580246913,1.3333333333333333,33.68,10.5
2025,6,00-0037838,Isaiah Likely,TE,BAL,10.0,11.0,5.0,0.0,56.8,41.0,58.0,18.25,43.5,-7.0,LA,2.2,1.0,0.05,0.0,13.98,2.6
2025,6,00-0037840,Kyren Williams,RB,LA,70.0,83.0,81.0,58.0,76.4,79.0,78.0,25.25,43.5,7.0,BAL,21.566666666666666,21.333333333333332,0.8094872285264992,2.3333333333333335,31.119999999999997,16.7
2025,6,00-0038041,Jake Ferguson,TE,DAL,100.0,100.0,27.0,83.0,81.0,79.0,72.0,25.25,47.5,3.0,CAR,20.7,10.0,0.274606971975393,1.6666666666666667,18.02,12.3
2025,6,00-0038046,Charlie Kolar,TE,BAL,20.0,15.0,8.0,0.0,64.8,41.0,58.0,18.25,43.5,-7.0,LA,3.1,2.0,0.07857142857142857,0.0,13.98,0.0
2025,6,00-0038090,Skyy Moore,WR,SF,7.0,3.0,3.0,0.0,57.0,58.0,49.0,21.5,46.5,-3.5,TB,0.7000000000000001,1.0,0.02922959724430313,0.0,32.08,0.0
2025,6,00-0038117,Wan'Dale Robinson,WR,NYG,40.0,19.0,20.0,50.0,72.1,33.0,49.0,16.75,40.5,-7.0,PHI,5.3999999999999995,5.666666666666667,0.1991010904804008,1.0,31.96,20.4
2025,6,00-0038120,Breece Hall,RB,NYJ,59.0,57.0,68.0,17.0,81.5,40.0,37.0,18.0,43.5,-7.5,DEN,14.933333333333332,18.0,0.6801221322960455,0.6666666666666666,19.64,5.9
2025,6,00-0038129,Cade Otton,TE,TB,43.0,35.0,12.0,17.0,74.7,77.0,56.0,25.0,46.5,3.5,SF,7.166666666666667,4.333333333333333,0.12330840455840454,0.3333333333333333,13.580000000000002,10.1
2025,6,00-0038134,Kenneth Walker III,RB,SEA,54.0,51.0,56.0,67.0,81.3,75.0,41.0,24.5,47.5,1.5,JAC,13.200000000000001,16.333333333333332,0.5634835752482811,2.6666666666666665,20.82,4.7
2025,6,00-0038359,Xavier Smith,WR,LA,0.0,0.0,0.0,0.0,56.8,79.0,75.0,25.25,43.5,7.0,BAL,0.0,0.0,0.0,0.0,42.86,0.0
2025,6,00-0038393,Dontayvion Wicks,WR,GB,33.0,20.0,16.0,17.0,74.3,100.0,53.0,29.25,44.5,14.0,CIN,5.466666666666666,4.666666666666667,0.16444444444444442,0.3333333333333333,33.68,3.5
2025,6,00-0038454,Keaton Mitchell,RB,BAL,13.0,9.0,21.0,25.0,56.8,41.0,20.0,18.25,43.5,-7.0,LA,2.3,4.0,0.20789473684210524,1.0,14.959999999999999,0.0
2025,6,00-0038488,Brady Russell,RB,SEA,0.0,0.0,0.0,0.0,56.8,75.0,41.0,24.5,47.5,1.5,JAC,0.0,0.0,0.0,0.0,20.82,0.0
2025,6,00-0038492,Jason Brownlee,WR,KC,3.0,0.0,1.0,25.0,41.8,88.0,57.0,27.0,51.5,2.5,DET,0.0,0.5,0.013157894736842105,0.5,35.58,0.0
2025,6,00-0038519,Nikko Remigio,WR,KC,2.0,1.0,1.0,0.0,37.2,88.0,57.0,27.0,51.5,2.5,DET,0.3666666666666667,0.3333333333333333,0.011904761904761904,0.0,35.58,0.0
2025,6,00-0038542,Bijan Robinson,RB,ATL,75.0,82.0,72.0,50.0,84.5,67.0,49.0,23.0,49.5,-3.5,BUF,21.333333333333332,22.666666666666668,0.721841269561312,2.0,22.939999999999998,35.8
2025,6,00-0038543,Jaxon Smith-Njigba,WR,SEA,53.0,73.0,29.0,50.0,81.3,75.0,55.0,24.5,47.5,1.5,JAC,20.26666666666667,7.666666666666667,0.2862511671335201,1.0,34.44,30.2
2025,6,00-0038547,Luke Schoonmaker,TE,DAL,17.0,9.0,5.0,0.0,70.0,79.0,72.0,25.25,47.5,3.0,CAR,1.8666666666666665,1.6666666666666667,0.04892914103440419,0.0,18.02,1.8
2025,6,00-0038551,Kendre Miller,RB,NO,34.0,31.0,33.0,33.0,80.3,58.0,29.0,21.5,46.5,-3.5,NE,8.0,10.333333333333334,0.33238685222610187,1.3333333333333333,17.44,4.2
2025,6,00-0038555,Tank Bigsby,RB,PHI,0.0,0.0,0.0,0.0,56.8,71.0,54.0,23.75,40.5,7.0,NYG,0.0,0.0,0.0,0.0,24.339999999999996,0.0
2025,6,00-0038558,Darnell Washington,TE,PIT,20.0,12.0,8.0,50.0,44.0,58.0,50.0,21.5,37.5,5.5,CLE,2.5,2.0,0.08484848484848484,1.0,11.940000000000001,9.2
2025,6,00-0038559,Michael Wilson,WR,ARI,28.0,12.0,11.0,0.0,66.3,45.0,63.0,19.0,46.5,-8.5,IND,3.1999999999999997,4.0,0.11405228758169934,0.0,38.019999999999996,8.4
2025,6,00-0038563,Tre Tucker,WR,LV,49.0,67.0,25.0,50.0,51.0,64.0,58.0,22.5,41.5,3.5,TEN,18.733333333333334,7.0,0.24674347158218124,1.0,35.64,12.0
2025,6,00-0038564,Cameron Latu,TE,PHI,0.0,0.0,0.0,0.0,56.8,71.0,43.0,23.75,40.5,7.0,NYG,0.0,0.0,0.0,0.0,10.052000000000001,0.0
2025,6,00-0038576,Charlie Jones,WR,CIN,0.0,0.0,0.0,0.0,56.8,25.0,50.0,15.25,44.5,-14.0,GB,0.0,0.0,0.0,0.0,32.325,0.0
2025,6,00-0038590,Justin Shorter,TE,LV,0.0,0.0,0.0,0.0,56.8,64.0,43.0,22.5,41.5,3.5,TEN,0.0,0.0,0.0,0.0,10.12,0.0
2025,6,00-0038597,Chase Brown,RB,CIN,48.0,36.0,72.0,17.0,84.5,25.0,34.0,15.25,44.5,-14.0,GB,9.299999999999999,14.666666666666666,0.7238428238428237,0.6666666666666666,18.8,6.9
2025,6,00-0038606,Parker Washington,WR,JAC,40.0,20.0,18.0,50.0,42.2,67.0,45.0,23.0,47.5,-1.5,SEA,5.633333333333333,5.666666666666667,0.18438973063973063,1.0,30.3,4.9
2025,6,00-0038608,Kayshon Boutte,WR,NE,21.0,18.0,12.0,17.0,79.9,77.0,42.0,25.0,46.5,3.5,NO,4.966666666666666,3.0,0.1223155929038282,0.3333333333333333,29.0,26.3
2025,6,00-0038619,Andrei Iosivas,WR,CIN,33.0,23.0,13.0,17.0,49.7,25.0,50.0,15.25,44.5,-14.0,GB,6.366666666666666,4.666666666666667,0.13446676062955132,0.3333333333333333,32.325,1.5
2025,6,00-0038621,DeMario Douglas,WR,NE,21.0,10.0,10.0,17.0,65.0,77.0,42.0,25.0,46.5,3.5,NO,2.733333333333334,3.0,0.0965033356337704,0.3333333333333333,29.0,16.1
2025,6,00-0038643,Brayden Willis,TE,SF,0.0,0.0,0.0,0.0,56.8,58.0,60.0,21.5,46.5,-3.5,TB,0.0,0.0,0.0,0.0,14.64,0.0
2025,6,00-0038679,Tyrell Shavers,WR,BUF,7.0,5.0,4.0,0.0,31.2,85.0,41.0,26.5,49.5,3.5,ATL,1.4666666666666668,1.0,0.03580246913580246,0.0,28.775,5.7
2025,6,00-0038685,Chris Brooks,RB,GB,5.0,9.0,6.0,0.0,37.2,100.0,80.0,29.25,44.5,14.0,CIN,2.266666666666667,1.6666666666666667,0.05864197530864198,0.0,31.704,0.1
2025,6,00-0038705,Emari Demercado,RB,ARI,11.0,23.0,12.0,8.0,65.8,45.0,32.0,19.0,46.5,-8.5,IND,6.066666666666666,3.3333333333333335,0.1239785569400174,0.3333333333333333,18.3,0.1
2025,6,00-0038710,Blake Whiteheart,TE,CLE,5.0,0.0,1.0,0.0,41.8,29.0,65.0,16.0,37.5,-5.5,PIT,0.0,0.5,0.014705882352941176,0.0,16.05,1.0
2025,6,00-0038720,Julian Hill,TE,MIA,27.0,17.0,9.0,33.0,48.7,56.0,37.0,21.0,45.5,-3.5,LAC,3.5,2.6666666666666665,0.08727272727272728,0.6666666666666666,8.5,6.1
2025,6,00-0038738,Hunter Luepke,RB,DAL,3.0,3.0,3.0,0.0,31.2,79.0,44.0,25.25,47.5,3.0,CAR,0.8666666666666667,1.0,0.03349720454983613,0.0,21.7,8.7
2025,6,00-0038740,Jalen Moreno-Cropper,WR,DAL,0.0,0.0,0.0,0.0,56.8,79.0,25.0,25.25,47.5,3.0,CAR,0.0,0.0,0.0,0.0,22.119999999999997,0.0
2025,6,00-0038783,Nate Adkins,TE,DEN,20.0,6.0,5.0,0.0,47.5,80.0,63.0,25.5,43.5,7.5,NYJ,1.25,2.0,0.0496031746031746,0.0,15.440000000000001,10.3
2025,6,00-0038797,Emanuel Wilson,RB,GB,19.0,17.0,17.0,17.0,33.4,100.0,80.0,29.25,44.5,14.0,CIN,4.533333333333334,5.666666666666667,0.16848438300051205,0.6666666666666666,31.704,1.7
2025,6,00-0038824,Ryan Miller,WR,TB,7.0,11.0,3.0,17.0,69.5,77.0,41.0,25.0,46.5,3.5,SF,3.0,1.0,0.03186462324393358,0.3333333333333333,28.76,0.0
2025,6,00-0038938,Jalin Hyatt,WR,NYG,21.0,0.0,8.0,0.0,56.8,33.0,49.0,16.75,40.5,-7.0,PHI,0.0,3.0,0.07692307692307693,0.0,31.96,4.7
2025,6,00-0038951,Sean Tucker,RB,TB,7.0,4.0,7.0,8.0,31.2,77.0,45.0,25.0,46.5,3.5,SF,0.9666666666666667,2.0,0.07291666666666667,0.3333333333333333,21.94,8.5
2025,6,00-0038976,Marvin Mims Jr.,WR,DEN,40.0,31.0,17.0,0.0,62.6,80.0,49.0,25.5,43.5,7.5,NYJ,8.6,5.666666666666667,0.17280012932186847,0.0,32.260000000000005,4.8
2025,6,00-0038996,Tucker Kraft,TE,GB,53.0,66.0,19.0,67.0,66.4,100.0,74.0,29.25,44.5,14.0,CIN,13.633333333333333,5.333333333333333,0.18604938271604934,1.3333333333333333,18.560000000000002,12.3
2025,6,00-0038997,Josh Downs,WR,IND,37.0,28.0,18.0,0.0,68.8,91.0,49.0,27.5,46.5,8.5,ARI,7.733333333333334,5.333333333333333,0.18097222222222223,0.0,32.18,16.2
2025,6,00-0039021,Roschon Johnson,RB,CHI,0.0,0.0,0.0,0.0,56.8,61.0,36.0,22.0,49.5,-5.5,WSH,0.0,0.0,0.0,0.0,19.360000000000003,0.6
2025,6,00-0039032,Tyjae Spears,RB,TEN,13.0,5.0,17.0,0.0,56.8,45.0,46.0,19.0,41.5,-3.5,LV,1.4,4.0,0.16666666666666666,0.0,22.080000000000002,9.0
2025,6,00-0039040,De'Von Achane,RB,MIA,66.0,64.0,80.0,67.0,92.0,56.0,31.0,21.0,45.5,-3.5,LAC,16.599999999999998,20.0,0.8014318298189265,2.6666666666666665,18.0,31.0
2025,6,00-0039041,Elijah Higgins,TE,ARI,10.0,8.0,3.0,0.0,31.9,45.0,48.0,19.0,46.5,-8.5,IND,1.5666666666666667,1.0,0.03202614379084967,0.0,11.26,5.4
2025,6,00-0039064,Zay Flowers,WR,BAL,37.0,36.0,21.0,33.0,64.0,41.0,55.0,18.25,43.5,-7.0,LA,9.966666666666667,5.333333333333333,0.2079365079365079,0.6666666666666666,34.4,10.6
2025,6,00-0039065,Sam LaPorta,TE,DET,47.0,55.0,19.0,33.0,69.1,75.0,32.0,24.5,51.5,-2.5,KC,11.466666666666667,4.666666666666667,0.19157190635451504,0.6666666666666666,6.92,16.5
2025,6,00-0039066,Michael Mayer,TE,LV,23.0,17.0,7.0,17.0,44.4,64.0,43.0,22.5,41.5,3.5,TEN,3.5666666666666664,2.3333333333333335,0.06825359538537833,0.3333333333333333,10.12,16.0
2025,6,00-0039074,Davis Allen,TE,LA,13.0,11.0,3.0,0.0,59.8,79.0,62.0,25.25,43.5,7.0,BAL,2.2333333333333334,1.3333333333333333,0.032927097057531836,0.0,15.1,1.7
2025,6,00-0039075,Puka Nacua,WR,LA,100.0,100.0,37.0,67.0,83.9,79.0,75.0,25.25,43.5,7.0,BAL,27.766666666666666,14.333333333333334,0.374224361426325,1.3333333333333333,42.86,4.8
2025,6,00-0039139,Jahmyr Gibbs,RB,DET,65.0,79.0,62.0,100.0,78.5,75.0,44.0,24.5,51.5,-2.5,KC,20.433333333333334,19.666666666666668,0.6191836212920409,5.666666666666667,21.520000000000003,7.5
2025,6,00-0039144,Luke Musgrave,TE,GB,13.0,13.0,5.0,0.0,58.6,100.0,74.0,29.25,44.5,14.0,CIN,2.733333333333334,1.3333333333333333,0.04910213243546577,0.0,18.560000000000002,1.7
2025,6,00-0039150,Bryce Young,QB,CAR,64.0,52.0,26.0,55.0,87.6,62.0,80.0,22.25,47.5,-3.0,DAL,12.653333333333334,30.0,0.06537698412698412,5.333333333333333,27.119999999999997,20.46
2025,6,00-0039165,Zach Charbonnet,RB,SEA,44.0,32.0,48.0,75.0,70.5,75.0,41.0,24.5,47.5,1.5,JAC,8.4,13.333333333333334,0.4840851283041953,3.0,20.82,4.7
2025,6,00-0039299,George Holani,RB,SEA,13.0,8.0,13.0,0.0,31.2,75.0,41.0,24.5,47.5,1.5,JAC,2.066666666666667,4.0,0.13434343434343435,0.0,20.82,0.0
2025,6,00-0039342,Xavier Legette,WR,CAR,44.0,19.0,17.0,83.0,54.5,62.0,80.0,22.25,47.5,-3.0,DAL,5.3,6.333333333333333,0.173522813075357,1.6666666666666667,44.92,3.1
2025,6,00-0039355,Luke McCaffrey,WR,WSH,19.0,37.0,13.0,33.0,76.8,91.0,51.0,27.5,49.5,5.5,CHI,10.233333333333334,2.6666666666666665,0.12620772946859904,0.6666666666666666,32.775,10.3
2025,6,00-0039376,Spencer Rattler,QB,NO,79.0,60.0,60.0,66.0,92.9,58.0,48.0,21.5,46.5,-3.5,NE,14.586666666666666,37.0,0.15018155410312273,6.333333333333333,18.756,11.08
2025,6,00-0039379,Jamari Thrash,WR,CLE,12.0,9.0,5.0,0.0,59.4,29.0,60.0,16.0,37.5,-5.5,PIT,2.466666666666667,1.6666666666666667,0.049796747967479675,0.0,36.625,3.3
2025,6,00-0039384,Tyrone Tracy Jr.,RB,NYG,38.0,26.0,44.0,0.0,78.9,33.0,52.0,16.75,40.5,-7.0,PHI,6.733333333333333,11.666666666666666,0.43779570201671647,0.0,23.9,0.6
2025,6,00-0039391,Kimani Vidal,RB,LAC,8.0,6.0,9.0,38.0,31.2,75.0,59.0,24.5,45.5,3.5,MIA,1.45,2.5,0.08969907407407407,1.5,25.9,22.8
2025,6,00-0039394,Casey Washington,WR,ATL,31.0,17.0,13.0,0.0,74.2,67.0,44.0,23.0,49.5,-3.5,BUF,4.6,4.5,0.1291208791208791,0.0,30.080000000000002,0.0
2025,6,00-0039407,Dylan Laube,RB,LV,4.0,0.0,5.0,0.0,31.2,64.0,76.0,22.5,41.5,3.5,TEN,0.06666666666666667,1.3333333333333333,0.0480599647266314,0.0,30.459999999999997,0.0
2025,6,00-0039410,Ryan Flournoy,WR,DAL,40.0,33.0,18.0,0.0,37.6,79.0,25.0,25.25,47.5,3.0,CAR,9.033333333333333,5.666666666666667,0.18322300808689196,0.0,22.119999999999997,6.3
2025,6,00-0039451,Isaiah Williams,WR,NYJ,0.0,0.0,0.0,0.0,56.8,40.0,39.0,18.0,43.5,-7.5,DEN,0.0,0.0,0.0,0.0,28.1,0.0
2025,6,00-0039530,Brevyn Spann-Ford,TE,DAL,3.0,2.0,1.0,0.0,31.2,79.0,72.0,25.25,47.5,3.0,CAR,0.43333333333333335,0.3333333333333333,0.006410256410256411,0.0,18.02,1.2
2025,6,00-0039589,Kameron Johnson,WR,TB,2.0,0.0,1.0,0.0,37.2,77.0,41.0,25.0,46.5,3.5,SF,0.06666666666666667,0.3333333333333333,0.013888888888888888,0.0,28.76,16.4
2025,6,00-0039648,David Martin-Robinson,TE,TEN,0.0,0.0,0.0,0.0,56.8,45.0,38.0,19.0,41.5,-3.5,LV,0.0,0.0,0.0,0.0,8.620000000000001,7.1
2025,6,00-0039686,Colson Yankoff,TE,WSH,0.0,0.0,0.0,0.0,56.8,91.0,57.0,27.5,49.5,5.5,CHI,0.0,0.0,0.0,0.0,13.924999999999999,0.0
2025,6,00-0039732,Bo Nix,QB,DEN,88.0,78.0,87.0,52.0,81.2,80.0,53.0,25.5,43.5,7.5,NYJ,19.013333333333332,41.0,0.21675246675246673,5.0,20.028,13.36
2025,6,00-0039738,Blake Corum,RB,LA,26.0,13.0,27.0,8.0,56.5,79.0,78.0,25.25,43.5,7.0,BAL,3.4,8.0,0.27006554105081454,0.3333333333333333,31.119999999999997,2.3
2025,6,00-0039739,Roman Wilson,WR,PIT,14.0,6.0,7.0,0.0,56.8,58.0,52.0,21.5,37.5,5.5,CLE,1.7,2.0,0.06666666666666667,0.0,33.2,2.2
2025,6,00-0039746,Will Shipley,RB,PHI,8.0,5.0,9.0,0.0,45.0,71.0,54.0,23.75,40.5,7.0,NYG,1.3333333333333333,2.3333333333333335,0.08852572668362142,0.0,24.339999999999996,0.0
2025,6,00-0039751,Jordan Whittington,WR,LA,21.0,12.0,8.0,0.0,59.3,79.0,75.0,25.25,43.5,7.0,BAL,3.466666666666667,3.0,0.08188087041523227,0.0,42.86,5.3
2025,6,00-0039754,Devin Culp,TE,TB,0.0,0.0,0.0,0.0,56.8,77.0,56.0,25.0,46.5,3.5,SF,0.0,0.0,0.0,0.0,13.580000000000002,0.0
2025,6,00-0039793,AJ Barner,TE,SEA,37.0,64.0,13.0,67.0,46.1,75.0,54.0,24.5,47.5,1.5,JAC,13.266666666666666,3.6666666666666665,0.12696078431372548,1.3333333333333333,13.0,10.1
2025,6,00-0039796,Rasheen Ali,RB,BAL,0.0,0.0,0.0,0.0,56.8,41.0,20.0,18.25,43.5,-7.0,LA,0.0,0.0,0.0,0.0,14.959999999999999,0.0
2025,6,00-0039798,Isaiah Davis,RB,NYJ,11.0,14.0,11.0,8.0,36.4,40.0,37.0,18.0,43.5,-7.5,DEN,3.6666666666666665,3.3333333333333335,0.10730319063652398,0.3333333333333333,19.64,1.1
2025,6,00-0039816,Anthony Gould,WR,IND,0.0,0.0,0.0,0.0,56.8,91.0,49.0,27.5,46.5,8.5,ARI,0.0,0.0,0.0,0.0,32.18,0.0
2025,6,00-0039847,Theo Johnson,TE,NYG,47.0,55.0,17.0,100.0,52.4,33.0,35.0,16.75,40.5,-7.0,PHI,11.333333333333334,4.666666666666667,0.16538461538461538,2.0,7.82,4.7
2025,6,00-0039849,Marvin Harrison Jr.,WR,ARI,49.0,48.0,20.0,17.0,73.9,45.0,63.0,19.0,46.5,-8.5,IND,13.266666666666667,7.0,0.1977124183006536,0.3333333333333333,38.019999999999996,5.2
2025,6,00-0039851,Drake Maye,QB,NE,69.0,80.0,64.0,62.0,79.4,77.0,59.0,25.0,46.5,3.5,NO,19.52,32.333333333333336,0.16039707419017765,6.0,21.607999999999997,25.24
2025,6,00-0039868,Troy Franklin,WR,DEN,40.0,23.0,17.0,83.0,72.2,80.0,49.0,25.5,43.5,7.5,NYJ,6.266666666666667,5.666666666666667,0.16775937428111343,1.6666666666666667,32.260000000000005,5.1
2025,6,00-0039875,Ray Davis,RB,BUF,4.0,1.0,5.0,8.0,44.8,85.0,21.0,26.5,49.5,3.5,ATL,0.13333333333333333,1.3333333333333333,0.04575085142613878,0.3333333333333333,15.175,9.9
2025,6,00-0039880,Malik Washington,WR,MIA,40.0,17.0,19.0,50.0,84.6,56.0,37.0,21.0,45.5,-3.5,LAC,4.766666666666667,5.666666666666667,0.18918214402085373,1.0,27.020000000000003,6.3
2025,6,00-0039893,Brian Thomas Jr.,WR,JAC,47.0,36.0,25.0,17.0,84.0,67.0,45.0,23.0,47.5,-1.5,SEA,10.033333333333333,6.666666666666667,0.2502146464646465,0.3333333333333333,30.3,23.0
2025,6,00-0039894,Xavier Worthy,WR,KC,51.0,34.0,22.0,17.0,45.9,88.0,57.0,27.0,51.5,2.5,DET,9.4,7.333333333333333,0.21555509763714095,0.3333333333333333,35.58,10.6
2025,6,00-0039901,Keon Coleman,WR,BUF,35.0,30.0,19.0,33.0,74.1,85.0,41.0,26.5,49.5,3.5,ATL,8.266666666666667,5.0,0.1877665544332211,0.6666666666666666,28.775,4.1
2025,6,00-0039910,Jayden Daniels,QB,WSH,89.0,75.0,100.0,59.0,91.7,91.0,60.0,27.5,49.5,5.5,CHI,18.320000000000004,41.333333333333336,0.3326284461152882,5.666666666666667,21.91,25.64
2025,6,00-0039915,Ladd McConkey,WR,LAC,47.0,30.0,18.0,50.0,72.2,75.0,42.0,24.5,45.5,3.5,MIA,8.366666666666667,6.666666666666667,0.17882257257257259,1.0,29.080000000000002,23.0
2025,6,00-0039917,Michael Penix Jr.,QB,ATL,64.0,46.0,29.0,38.0,70.2,67.0,41.0,23.0,49.5,-3.5,BUF,11.266666666666666,30.0,0.07356855182942139,3.6666666666666665,16.916,14.6
2025,6,00-0039918,Caleb Williams,QB,CHI,81.0,84.0,89.0,86.0,82.8,61.0,50.0,22.0,49.5,-5.5,WSH,20.62666666666667,37.666666666666664,0.22176376199364708,8.333333333333334,19.256,20.38
2025,6,00-0039919,Rome Odunze,WR,CHI,60.0,77.0,27.0,100.0,77.4,61.0,56.0,22.0,49.5,-5.5,WSH,21.299999999999997,8.666666666666666,0.26851851851851855,2.0,34.96,5.2
2025,6,00-0040009,Savion Williams,WR,GB,19.0,9.0,8.0,17.0,44.8,100.0,53.0,29.25,44.5,14.0,CIN,2.5333333333333337,2.6666666666666665,0.08102918586789554,0.3333333333333333,33.68,0.3
2025,6,00-0040075,LaJohntay Wester,WR,BAL,0.0,0.0,0.0,0.0,56.8,41.0,55.0,18.25,43.5,-7.0,LA,0.0,0.0,0.0,0.0,34.4,0.0
2025,6,00-0040078,Brashard Smith,RB,KC,16.0,19.0,15.0,8.0,59.9,88.0,35.0,27.0,51.5,2.5,DET,4.833333333333333,5.0,0.15324675324675321,0.3333333333333333,19.14,5.1
2025,6,00-0040122,Ashton Jeanty,RB,LV,67.0,74.0,71.0,75.0,72.0,64.0,76.0,22.5,41.5,3.5,TEN,19.23333333333333,20.333333333333332,0.7130022188086703,3.0,30.459999999999997,16.6
2025,6,00-0040124,Tetairoa McMillan,WR,CAR,56.0,38.0,29.0,50.0,89.2,62.0,80.0,22.25,47.5,-3.0,DAL,10.433333333333334,8.0,0.29320987654320985,1.0,44.92,17.9
2025,6,00-0040126,Colston Loveland,TE,CHI,20.0,12.0,7.0,0.0,52.1,61.0,55.0,22.0,49.5,-5.5,WSH,2.433333333333333,2.0,0.06542313895255071,0.0,13.34,3.1
2025,6,00-0040128,Tyler Warren,TE,IND,57.0,64.0,21.0,33.0,74.2,91.0,60.0,27.5,46.5,8.5,ARI,13.166666666666666,5.666666666666667,0.20535714285714288,0.6666666666666666,14.760000000000002,18.3
2025,6,00-0040129,Emeka Egbuka,WR,TB,60.0,77.0,26.0,67.0,81.3,77.0,41.0,25.0,46.5,3.5,SF,21.3,8.666666666666666,0.2631612879457707,1.3333333333333333,28.76,4.4
2025,6,00-0040131,Kyle Williams,WR,NE,7.0,5.0,3.0,0.0,56.9,77.0,42.0,25.0,46.5,3.5,NO,1.2666666666666668,1.0,0.028160919540229885,0.0,29.0,0.0
2025,6,00-0040134,Pat Bryant,WR,DEN,9.0,5.0,4.0,17.0,31.2,80.0,49.0,25.5,43.5,7.5,NYJ,1.2666666666666666,1.3333333333333333,0.04126984126984127,0.3333333333333333,32.260000000000005,4.2
2025,6,00-0040142,Kaleb Johnson,RB,PIT,10.0,3.0,12.0,17.0,32.2,58.0,24.0,21.5,37.5,5.5,CLE,0.7000000000000001,3.0,0.11911976911976911,0.6666666666666666,16.016000000000002,1.5
2025,6,00-0040162,Dylan Sampson,RB,CLE,7.0,2.0,7.0,0.0,54.5,29.0,48.0,16.0,37.5,-5.5,PIT,0.39999999999999997,2.0,0.07094346023009594,0.0,22.675,4.4
2025,6,00-0040164,Jaylin Lane,WR,WSH,16.0,9.0,11.0,17.0,72.4,91.0,51.0,27.5,49.5,5.5,CHI,2.4,2.3333333333333335,0.10768921095008051,0.3333333333333333,32.775,5.4
2025,6,00-0040170,Elic Ayomanor,WR,TEN,37.0,29.0,19.0,33.0,64.8,45.0,64.0,19.0,41.5,-3.5,LV,8.0,5.333333333333333,0.18650491924149215,0.6666666666666666,38.46,5.7
2025,6,00-0040184,KeAndre Lambert-Smith,WR,LAC,0.0,0.0,0.0,0.0,56.8,75.0,42.0,24.5,45.5,3.5,MIA,0.0,0.0,0.0,0.0,29.080000000000002,1.1
2025,6,00-0040187,Mitchell Evans,TE,CAR,20.0,33.0,7.0,33.0,46.3,62.0,55.0,22.25,47.5,-3.0,DAL,6.866666666666667,2.0,0.06790123456790123,0.6666666666666666,13.34,3.1
2025,6,00-0040189,Oronde Gadsden II,TE,LAC,37.0,25.0,9.0,33.0,46.1,75.0,63.0,24.5,45.5,3.5,MIA,5.2,3.6666666666666665,0.08929554554554554,0.6666666666666666,15.540000000000001,13.8
2025,6,00-0040198,Ollie Gordon II,RB,MIA,21.0,14.0,27.0,50.0,53.8,56.0,31.0,21.0,45.5,-3.5,LAC,3.5333333333333337,6.333333333333333,0.2692780337941628,2.0,18.0,1.2
2025,6,00-0040218,Jimmy Horn Jr.,WR,CAR,35.0,18.0,17.0,50.0,56.8,62.0,80.0,22.25,47.5,-3.0,DAL,5.1,5.0,0.1736111111111111,1.0,44.92,6.7
2025,6,00-0040236,Kyle Monangai,RB,CHI,23.0,12.0,25.0,25.0,71.6,61.0,36.0,22.0,49.5,-5.5,WSH,3.133333333333333,7.0,0.24887511381764252,1.0,19.360000000000003,5.4
2025,6,00-0040237,Tez Johnson,WR,TB,16.0,15.0,7.0,0.0,40.8,77.0,41.0,25.0,46.5,3.5,SF,4.066666666666666,2.3333333333333335,0.07452844090775125,0.0,28.76,11.5
2025,6,00-0040238,LeQuint Allen Jr.,RB,JAC,2.0,5.0,2.0,0.0,43.1,67.0,46.0,23.0,47.5,-1.5,SEA,1.2,0.6666666666666666,0.02259259259259259,0.0,22.16,2.2
2025,6,00-0040242,Jacory Croskey-Merritt,RB,WSH,37.0,60.0,43.0,33.0,63.2,91.0,77.0,27.5,49.5,5.5,CHI,15.600000000000001,11.333333333333334,0.4313424096032792,1.3333333333333333,30.85,7.8
2025,6,00-0040259,Gage Larvadain,WR,CLE,0.0,0.0,0.0,0.0,56.8,29.0,60.0,16.0,37.5,-5.5,PIT,0.0,0.0,0.0,0.0,36.625,4.2
2025,6,00-0040582,Arian Smith,WR,NYJ,14.0,6.0,7.0,0.0,63.0,40.0,39.0,18.0,43.5,-7.5,DEN,1.7999999999999998,2.0,0.0746031746031746,0.0,28.1,0.0
2025,6,00-0040584,Gunnar Helm,TE,TEN,30.0,25.0,9.0,17.0,59.9,45.0,38.0,19.0,41.5,-3.5,LV,5.1000000000000005,3.0,0.0889495633741158,0.3333333333333333,8.620000000000001,3.5
2025,6,00-0040586,Jaydon Blue,RB,DAL,13.0,3.0,14.0,0.0,56.8,79.0,44.0,25.25,47.5,3.0,CAR,0.7,4.0,0.13793103448275862,0.0,21.7,0.0
2025,6,00-0040644,Trevor Etienne,RB,CAR,13.0,9.0,14.0,25.0,36.2,62.0,59.0,22.25,47.5,-3.0,DAL,2.4,4.0,0.13734567901234568,1.0,25.9,1.7
2025,6,00-0040648,Tory Horton,WR,SEA,23.0,33.0,13.0,33.0,64.2,75.0,55.0,24.5,47.5,1.5,JAC,9.033333333333333,3.3333333333333335,0.13366013071895425,0.6666666666666666,34.44,0.0
2025,6,00-0040663,Harold Fannin Jr.,TE,CLE,50.0,34.0,15.0,33.0,72.8,29.0,65.0,16.0,37.5,-5.5,PIT,7.1000000000000005,5.0,0.1545025417574437,0.6666666666666666,16.05,15.1
2025,6,00-0040667,Matthew Golden,WR,GB,42.0,27.0,20.0,33.0,65.7,100.0,53.0,29.25,44.5,14.0,CIN,7.633333333333334,6.0,0.19758434317574103,0.6666666666666666,33.68,13.2
2025,6,00-0040676,Cam Ward,QB,TEN,81.0,42.0,60.0,34.0,82.5,45.0,48.0,19.0,41.5,-3.5,LV,10.159999999999998,37.666666666666664,0.1499597423510467,3.3333333333333335,18.712,12.88
2025,6,00-0040691,Jaxson Dart,QB,NYG,56.0,57.0,69.0,59.0,39.6,33.0,41.0,16.75,40.5,-7.0,PHI,13.906666666666666,26.0,0.17217052849236758,5.666666666666667,16.896,23.6
2025,6,00-0040704,Dillon Gabriel,QB,CLE,28.0,28.0,8.0,31.0,31.2,29.0,68.0,16.0,37.5,-5.5,PIT,6.953333333333333,13.0,0.020833333333333332,3.0,23.935,8.84
2025,6,00-0040705,Chimere Dike,WR,TEN,28.0,8.0,13.0,33.0,40.8,45.0,64.0,19.0,41.5,-3.5,LV,2.266666666666667,4.0,0.13176475708445018,0.6666666666666666,38.46,2.8
2025,6,00-0040715,Cam Skattebo,RB,NYG,74.0,66.0,68.0,92.0,79.8,33.0,52.0,16.75,40.5,-7.0,PHI,17.166666666666668,22.333333333333332,0.6763345636908854,3.6666666666666665,23.9,31.0
2025,6,00-0040719,Bhayshul Tuten,RB,JAC,19.0,17.0,21.0,25.0,67.8,67.0,46.0,23.0,47.5,-1.5,SEA,4.466666666666667,5.666666666666667,0.21402615902615904,1.0,22.16,4.8
2025,6,00-0040727,Tre Harris,WR,LAC,12.0,6.0,5.0,17.0,39.0,75.0,42.0,24.5,45.5,3.5,MIA,1.8,1.6666666666666667,0.05345345345345345,0.3333333333333333,29.080000000000002,6.7
2025,6,00-0040729,Jack Bech,WR,LV,14.0,9.0,6.0,17.0,31.2,64.0,58.0,22.5,41.5,3.5,TEN,2.566666666666667,2.0,0.05864197530864198,0.3333333333333333,35.64,0.0
2025,6,00-0040730,RJ Harvey,RB,DEN,34.0,39.0,32.0,25.0,45.5,80.0,47.0,25.5,43.5,7.5,NYJ,10.133333333333333,10.333333333333334,0.31642978382108816,1.0,22.5,6.5
2025,6,00-0040734,TreVeyon Henderson,RB,NE,35.0,32.0,40.0,25.0,75.0,77.0,50.0,25.0,46.5,3.5,NO,8.333333333333334,10.666666666666666,0.4005133923998021,1.0,23.46,4.6
2025,6,00-0040735,Luther Burden III,WR,CHI,19.0,27.0,9.0,50.0,54.5,61.0,56.0,22.0,49.5,-5.5,WSH,7.633333333333334,2.6666666666666665,0.08592907730838766,1.0,34.96,9.1
2025,6,00-0040736,Mason Taylor,TE,NYJ,83.0,53.0,24.0,50.0,73.0,40.0,41.0,18.0,43.5,-7.5,DEN,11.0,8.333333333333334,0.23880070546737212,1.0,9.459999999999999,1.2
2025,6,00-0040737,Terrance Ferguson,TE,LA,10.0,15.0,2.0,0.0,56.8,79.0,62.0,25.25,43.5,7.0,BAL,3.1,1.0,0.021739130434782608,0.0,15.1,0.0
2025,6,00-0040739,Elijah Arroyo,TE,SEA,20.0,14.0,8.0,33.0,35.1,75.0,54.0,24.5,47.5,1.5,JAC,2.8000000000000003,2.0,0.08202614379084967,0.6666666666666666,13.0,1.6
2025,6,00-0040782,Isaiah Bond,WR,CLE,40.0,21.0,17.0,33.0,74.9,29.0,60.0,16.0,37.5,-5.5,PIT,5.766666666666667,5.666666666666667,0.17340686274509806,0.6666666666666666,36.625,2.9
2025,6,00-0040784,Quinshon Judkins,RB,CLE,77.0,66.0,90.0,100.0,87.6,29.0,48.0,16.0,37.5,-5.5,PIT,17.266666666666666,23.333333333333332,0.8955144192179795,4.666666666666667,22.675,3.6
2025,7,00-0023459,Aaron Rodgers,QB,PIT,60.0,50.0,40.0,31.0,90.8,76.0,57.0,25.5,45.5,5.5,CIN,14.653333333333334,27.666666666666668,0.0989010989010989,3.6666666666666665,20.456666666666667,26.56
2025,7,00-0026158,Joe Flacco,QB,CIN,85.0,34.0,15.0,54.0,78.3,48.0,59.0,20.0,45.5,-5.5,PIT,9.9,39.333333333333336,0.037037037037037035,6.333333333333333,20.916,25.98
2025,7,00-0026498,Matthew Stafford,QB,LA,88.0,76.0,52.0,60.0,80.8,67.0,62.0,23.75,44.5,3.0,JAC,22.100000000000005,41.0,0.13008639910813824,7.0,21.613333333333333,27.38
2025,7,00-0027973,Andy Dalton,QB,CAR,8.0,11.0,7.0,9.0,36.5,43.0,51.0,19.0,39.5,-1.5,NYJ,3.1100000000000003,3.5,0.016666666666666666,1.0,18.916666666666668,2.2
2025,7,00-0028118,Tyrod Taylor,QB,NYJ,63.0,50.0,98.0,43.0,61.6,50.0,45.0,20.5,39.5,1.5,CAR,14.51,29.0,0.2453416149068323,5.0,17.593333333333334,6.14
2025,7,00-0030035,Adam Thielen,WR,MIN,19.0,10.0,9.0,17.0,58.4,50.0,53.0,20.5,43.5,-2.5,PHI,2.5666666666666664,2.3333333333333335,0.09126984126984126,0.3333333333333333,32.4,2.0
2025,7,00-0030061,Zach Ertz,TE,WSH,38.0,36.0,15.0,50.0,43.5,81.0,56.0,26.5,54.5,-1.5,DAL,6.8,3.6666666666666665,0.15338164251207728,1.0,12.950000000000001,12.7
2025,7,00-0030279,Keenan Allen,WR,LAC,64.0,33.0,22.0,67.0,85.0,76.0,68.0,25.5,48.5,2.5,IND,8.733333333333333,7.666666666666667,0.21821657183499288,1.3333333333333333,37.75,28.9
2025,7,00-0030506,Travis Kelce,TE,KC,69.0,75.0,20.0,67.0,79.7,94.0,46.0,29.0,44.5,13.5,LV,14.233333333333334,6.666666666666667,0.1976190476190476,1.3333333333333333,10.716666666666667,8.4
2025,7,00-0030565,Geno Smith,QB,LV,65.0,42.0,50.0,60.0,85.9,25.0,50.0,15.5,44.5,-13.5,KC,12.12,30.333333333333332,0.12467741935483871,7.0,18.779999999999998,2.78
2025,7,00-0031236,Brandin Cooks,WR,NO,17.0,12.0,8.0,17.0,46.6,45.0,55.0,19.5,43.5,-4.5,CHI,3.266666666666667,2.0,0.07690653432588916,0.3333333333333333,33.160000000000004,1.3
2025,7,00-0031381,Davante Adams,WR,LA,72.0,47.0,25.0,83.0,76.3,67.0,62.0,23.75,44.5,3.0,JAC,12.433333333333335,8.666666666666666,0.24509476031215163,1.6666666666666667,35.733333333333334,26.5
2025,7,00-0031408,Mike Evans,WR,TB,78.0,43.0,29.0,83.0,89.8,69.0,64.0,24.25,54.5,-6.0,DET,11.333333333333334,9.333333333333334,0.29418901660280966,1.6666666666666667,36.28333333333333,0.0
2025,7,00-0031588,Stefon Diggs,WR,NE,61.0,59.0,32.0,67.0,58.1,66.0,55.0,23.5,40.5,6.5,TEN,15.5,7.333333333333333,0.32177871148459386,1.3333333333333333,33.016666666666666,13.9
2025,7,00-0031610,Darren Waller,TE,MIA,41.0,81.0,14.0,67.0,79.9,28.0,55.0,16.0,34.5,-2.5,CLE,15.233333333333334,4.0,0.13832114245907348,1.3333333333333333,12.800000000000002,0.0
2025,7,00-0031687,Raheem Mostert,RB,LV,20.0,13.0,21.0,33.0,59.1,25.0,36.0,15.5,44.5,-13.5,KC,3.366666666666667,5.666666666666667,0.20509408602150536,1.3333333333333333,20.533333333333335,1.2
2025,7,00-0032104,Ameer Abdullah,RB,IND,7.0,17.0,8.0,25.0,76.8,63.0,35.0,23.0,48.5,-2.5,LAC,4.6,2.0,0.07518518518518519,1.0,20.366666666666667,3.7
2025,7,00-0032211,Tyler Lockett,WR,TEN,31.0,3.0,12.0,0.0,62.8,33.0,54.0,17.0,40.5,-6.5,NE,0.8666666666666667,3.6666666666666665,0.12341881523467202,0.0,32.583333333333336,3.8
2025,7,00-0032268,Marcus Mariota,QB,WSH,60.0,66.0,56.0,30.0,91.7,81.0,80.0,26.5,54.5,-1.5,DAL,19.26,28.0,0.13920454545454547,3.5,26.01,5.92
2025,7,00-0032385,Sterling Shepard,WR,TB,39.0,29.0,16.0,17.0,73.0,69.0,64.0,24.25,54.5,-6.0,DET,7.666666666666667,4.666666666666667,0.15645903010033443,0.3333333333333333,36.28333333333333,9.5
2025,7,00-0032392,Austin Hooper,TE,NE,17.0,17.0,6.0,0.0,61.8,66.0,49.0,23.5,40.5,6.5,TEN,3.233333333333333,1.6666666666666667,0.06127450980392157,0.0,11.333333333333334,9.1
2025,7,00-0032398,Chris Moore,WR,WSH,28.0,18.0,14.0,17.0,45.1,81.0,80.0,26.5,54.5,-1.5,DAL,4.833333333333333,3.3333333333333335,0.14075537988581469,0.3333333333333333,42.333333333333336,7.9
2025,7,00-0032464,Kalif Raymond,WR,DET,8.0,4.0,4.0,17.0,31.2,100.0,52.0,30.25,54.5,6.0,TB,1.0999999999999999,1.0,0.04,0.3333333333333333,31.983333333333334,4.7
2025,7,00-0032775,Demarcus Robinson,WR,SF,33.0,21.0,10.0,17.0,63.2,68.0,41.0,24.0,46.5,1.5,ATL,5.433333333333334,4.0,0.10041592394533572,0.3333333333333333,27.839999999999996,0.0
2025,7,00-0032950,Carson Wentz,QB,MIN,77.0,61.0,39.0,63.0,80.8,50.0,47.0,20.5,43.5,-2.5,PHI,17.753333333333334,35.666666666666664,0.09831697054698457,7.333333333333333,18.013333333333332,15.32
2025,7,00-0033077,Dak Prescott,QB,DAL,81.0,93.0,51.0,63.0,91.5,89.0,53.0,28.0,54.5,1.5,WSH,27.19333333333333,37.666666666666664,0.12836800223370096,7.333333333333333,19.44333333333333,23.26
2025,7,00-0033090,Hunter Henry,TE,NE,31.0,43.0,13.0,33.0,77.7,66.0,49.0,23.5,40.5,6.5,TEN,8.066666666666668,3.0,0.12850140056022408,0.6666666666666666,11.333333333333334,7.3
2025,7,00-0033106,Jared Goff,QB,DET,59.0,61.0,14.0,31.0,90.5,100.0,58.0,30.25,54.5,6.0,TB,17.886666666666667,27.333333333333332,0.03469477382520861,3.6666666666666665,20.650000000000002,14.34
2025,7,00-0033110,Tyler Higbee,TE,LA,38.0,33.0,11.0,33.0,54.2,67.0,55.0,23.75,44.5,3.0,JAC,6.166666666666667,3.6666666666666665,0.11315073815073816,0.6666666666666666,12.783333333333333,4.9
2025,7,00-0033119,Jacoby Brissett,QB,ARI,35.0,26.0,23.0,37.0,31.2,42.0,42.0,18.75,44.5,-7.0,GB,7.633333333333333,16.333333333333332,0.05681818181818182,4.333333333333333,16.8,21.76
2025,7,00-0033217,Mo Alie-Cox,TE,IND,14.0,13.0,4.0,17.0,74.3,63.0,43.0,23.0,48.5,-2.5,LAC,2.466666666666667,1.3333333333333333,0.04381748519679554,0.3333333333333333,9.933333333333332,1.6
2025,7,00-0033246,Johnny Mundt,TE,JAC,14.0,7.0,5.0,0.0,59.9,52.0,57.0,20.75,44.5,-3.0,LA,1.3666666666666665,1.3333333333333333,0.04753246753246754,0.0,13.183333333333332,1.9
2025,7,00-0033280,Christian McCaffrey,RB,SF,100.0,98.0,97.0,100.0,93.5,68.0,20.0,24.0,46.5,1.5,ATL,26.03333333333333,28.0,0.9729525648643295,4.0,16.380000000000003,39.1
2025,7,00-0033288,George Kittle,TE,SF,41.0,66.0,12.0,50.0,56.8,68.0,20.0,24.0,46.5,1.5,ATL,12.5,4.0,0.125,1.0,4.76,0.0
2025,7,00-0033307,Kendrick Bourne,WR,SF,67.0,58.0,21.0,33.0,61.1,68.0,41.0,24.0,46.5,1.5,ATL,15.366666666666667,8.0,0.2058823529411765,0.6666666666666666,27.839999999999996,3.4
2025,7,00-0033357,Taysom Hill,TE,NO,36.0,18.0,12.0,0.0,40.0,45.0,62.0,19.5,43.5,-4.5,CHI,3.38,3.5,0.12173913043478261,0.0,14.4,2.8
2025,7,00-0033375,Tim Patrick,WR,JAC,8.0,13.0,4.0,0.0,67.5,52.0,51.0,20.75,44.5,-3.0,LA,3.5,1.0,0.03800865800865801,0.0,31.399999999999995,3.2
2025,7,00-0033526,Samaje Perine,RB,CIN,20.0,13.0,29.0,0.0,50.9,48.0,39.0,20.0,45.5,-5.5,PIT,3.5000000000000004,5.666666666666667,0.28737373737373734,0.0,21.34,3.1
2025,7,00-0033555,Mack Hollins,WR,NE,22.0,24.0,10.0,17.0,73.4,66.0,55.0,23.5,40.5,6.5,TEN,6.3,2.6666666666666665,0.09831154684095861,0.3333333333333333,33.016666666666666,7.3
2025,7,00-0033572,Jamal Agnew,WR,ATL,0.0,0.0,0.0,0.0,56.8,61.0,48.0,22.5,46.5,-1.5,SF,0.0,0.0,0.0,0.0,30.53333333333333,0.0
2025,7,00-0033854,Dare Ogunbowale,RB,HOU,0.0,0.0,0.0,0.0,56.8,44.0,39.0,19.25,41.5,-3.0,SEA,0.0,0.0,0.0,0.0,21.216666666666665,0.0
2025,7,00-0033857,JuJu Smith-Schuster,WR,KC,33.0,33.0,12.0,83.0,65.5,94.0,63.0,29.0,44.5,13.5,LV,8.666666666666666,4.0,0.11785714285714284,1.6666666666666667,36.016666666666666,6.5
2025,7,00-0033858,Jonnu Smith,TE,PIT,38.0,24.0,15.0,0.0,80.2,76.0,77.0,25.5,45.5,5.5,CIN,4.566666666666666,3.6666666666666665,0.15043290043290042,0.0,17.8,11.8
2025,7,00-0033873,Patrick Mahomes,QB,KC,92.0,100.0,99.0,100.0,93.7,94.0,46.0,29.0,44.5,13.5,LV,29.166666666666668,42.666666666666664,0.24751828631138975,11.666666666666666,17.74,26.24
2025,7,00-0033881,Evan Engram,TE,DEN,69.0,53.0,20.0,50.0,84.8,66.0,55.0,23.5,39.5,7.5,NYG,10.033333333333333,6.666666666666667,0.20136752136752134,1.0,12.71,9.2
2025,7,00-0033891,Zay Jones,WR,ARI,39.0,26.0,13.0,17.0,52.8,42.0,56.0,18.75,44.5,-7.0,GB,6.733333333333333,4.666666666666667,0.13112116641528407,0.3333333333333333,33.42,8.7
2025,7,00-0033906,Alvin Kamara,RB,NO,58.0,42.0,58.0,50.0,86.4,45.0,63.0,19.5,43.5,-4.5,CHI,11.1,16.333333333333332,0.5761606084516736,2.0,27.54,5.9
2025,7,00-0033908,Cooper Kupp,WR,SEA,47.0,39.0,20.0,33.0,71.5,59.0,36.0,22.25,41.5,3.0,HOU,10.166666666666666,5.666666666666667,0.19934640522875816,0.6666666666666666,26.04,4.2
2025,7,00-0033923,Kareem Hunt,RB,KC,35.0,36.0,34.0,67.0,61.0,94.0,38.0,29.0,44.5,13.5,LV,9.6,9.666666666666666,0.3402046947305568,2.6666666666666665,21.01666666666667,1.8
2025,7,00-0033943,Josh Reynolds,WR,NYJ,25.0,14.0,12.0,33.0,57.3,50.0,34.0,20.5,39.5,1.5,CAR,3.8000000000000003,3.0,0.12310405643738977,0.6666666666666666,25.083333333333332,5.9
2025,7,00-0033949,Joshua Dobbs,QB,NE,9.0,0.0,41.0,0.0,56.8,66.0,38.0,23.5,40.5,6.5,TEN,-0.2,4.0,0.10344827586206896,0.0,15.71,0.28
2025,7,00-0033955,Jeremy McNichols,RB,WSH,15.0,13.0,18.0,8.0,61.9,81.0,63.0,26.5,54.5,-1.5,DAL,3.5333333333333337,4.333333333333333,0.17603200913158837,0.3333333333333333,27.51666666666667,6.5
2025,7,00-0034159,Will Dissly,TE,LAC,14.0,15.0,4.0,0.0,73.1,76.0,60.0,25.5,48.5,2.5,IND,2.766666666666667,1.3333333333333333,0.039693460230095935,0.0,13.816666666666668,0.0
2025,7,00-0034348,Courtland Sutton,WR,DEN,53.0,50.0,18.0,33.0,58.1,66.0,70.0,23.5,39.5,7.5,NYG,13.233333333333334,6.333333333333333,0.1786731786731787,0.6666666666666666,38.6,14.7
2025,7,00-0034351,Dallas Goedert,TE,PHI,83.0,100.0,25.0,83.0,70.8,63.0,64.0,23.0,43.5,2.5,MIN,18.866666666666664,8.0,0.2512199699699699,1.6666666666666667,14.680000000000001,4.8
2025,7,00-0034367,Nyheim Hines,RB,LAC,0.0,0.0,0.0,0.0,56.8,76.0,29.0,25.5,48.5,2.5,IND,0.0,0.0,0.0,0.0,18.733333333333334,0.0
2025,7,00-0034383,Dalton Schultz,TE,HOU,62.0,49.0,19.0,50.0,92.3,44.0,64.0,19.25,41.5,-3.0,SEA,9.299999999999999,6.0,0.191500256016385,1.0,14.833333333333334,18.8
2025,7,00-0034521,Allen Lazard,WR,NYJ,17.0,16.0,6.0,50.0,51.5,50.0,34.0,20.5,39.5,1.5,CAR,4.133333333333334,2.0,0.056790123456790124,1.0,25.083333333333332,3.6
2025,7,00-0034791,Nick Chubb,RB,HOU,48.0,34.0,46.0,17.0,85.2,44.0,39.0,19.25,41.5,-3.0,SEA,9.1,13.333333333333334,0.46441462078134405,0.6666666666666666,21.216666666666665,2.1
2025,7,00-0034827,DJ Moore,WR,CHI,56.0,37.0,22.0,33.0,83.0,68.0,55.0,24.0,43.5,4.5,NO,9.6,6.666666666666667,0.22246548683330292,0.6666666666666666,33.0,8.2
2025,7,00-0034844,Saquon Barkley,RB,PHI,56.0,55.0,70.0,33.0,77.0,63.0,42.0,23.0,43.5,2.5,MIN,14.633333333333335,15.666666666666666,0.6999518396695817,1.3333333333333333,22.119999999999997,5.2
2025,7,00-0034854,KhaDarel Hodge,WR,ATL,4.0,0.0,1.0,0.0,41.8,61.0,48.0,22.5,46.5,-1.5,SF,0.0,0.5,0.011904761904761904,0.0,30.53333333333333,0.0
2025,7,00-0034855,Baker Mayfield,QB,TB,76.0,74.0,53.0,37.0,89.0,69.0,61.0,24.25,54.5,-6.0,DET,21.72,35.333333333333336,0.13354700854700854,4.333333333333333,21.263333333333335,13.12
2025,7,00-0034867,Malik Turner,WR,SF,8.0,0.0,2.0,0.0,56.8,68.0,41.0,24.0,46.5,1.5,ATL,0.0,1.0,0.022727272727272728,0.0,27.839999999999996,0.0
2025,7,00-0034869,Sam Darnold,QB,SEA,66.0,75.0,24.0,37.0,86.2,59.0,20.0,22.25,41.5,3.0,HOU,21.906666666666666,30.666666666666668,0.06080586080586081,4.333333333333333,11.392000000000001,12.62
2025,7,00-0035208,Olamide Zaccheaus,WR,CHI,50.0,26.0,20.0,67.0,83.0,68.0,55.0,24.0,43.5,4.5,NO,6.833333333333333,6.0,0.1959800523018914,1.3333333333333333,33.0,2.9
2025,7,00-0035229,T.J. Hockenson,TE,MIN,59.0,59.0,18.0,67.0,80.5,50.0,31.0,20.5,43.5,-2.5,PHI,11.200000000000001,5.666666666666667,0.18183940242763774,1.3333333333333333,7.300000000000001,10.3
2025,7,00-0035249,Josh Oliver,TE,MIN,17.0,35.0,5.0,50.0,45.6,50.0,31.0,20.5,43.5,-2.5,PHI,6.566666666666666,1.6666666666666667,0.051237161531279184,1.0,7.300000000000001,1.9
2025,7,00-0035250,Devin Singletary,RB,NYG,21.0,9.0,17.0,8.0,66.5,28.0,24.0,16.0,39.5,-7.5,DEN,2.4,6.0,0.1672561155319776,0.3333333333333333,17.533333333333335,0.2
2025,7,00-0035261,Tony Pollard,RB,TEN,55.0,43.0,77.0,25.0,79.4,33.0,24.0,17.0,40.5,-6.5,NE,11.366666666666667,15.333333333333334,0.766039056959773,1.0,17.333333333333332,12.1
2025,7,00-0035289,Gardner Minshew,QB,KC,4.0,0.0,25.0,0.0,56.8,94.0,46.0,29.0,44.5,13.5,LV,-0.3,2.0,0.0625,0.0,17.74,-0.3
2025,7,00-0035298,Scott Miller,WR,PIT,8.0,0.0,5.0,50.0,56.8,76.0,54.0,25.5,45.5,5.5,CIN,0.0,1.0,0.045454545454545456,1.0,32.7,1.9
2025,7,00-0035406,Lil'Jordan Humphrey,WR,NYG,67.0,36.0,31.0,100.0,56.8,28.0,34.0,16.0,39.5,-7.5,DEN,9.5,8.0,0.3076923076923077,2.0,25.05,0.0
2025,7,00-0035500,Greg Dortch,WR,ARI,31.0,27.0,11.0,83.0,65.8,42.0,56.0,18.75,44.5,-7.0,GB,7.0,3.6666666666666665,0.10913775766716943,1.6666666666666667,33.42,2.5
2025,7,00-0035602,Alex Bachman,WR,LV,6.0,2.0,2.0,0.0,35.8,25.0,43.0,15.5,44.5,-13.5,KC,0.6333333333333333,0.6666666666666666,0.01936026936026936,0.0,28.566666666666666,0.0
2025,7,00-0035631,Drew Sample,TE,CIN,21.0,21.0,6.0,17.0,47.0,48.0,75.0,20.0,45.5,-5.5,PIT,3.9,2.0,0.06346153846153847,0.3333333333333333,17.22,0.0
2025,7,00-0035640,DK Metcalf,WR,PIT,50.0,70.0,24.0,33.0,74.5,76.0,54.0,25.5,45.5,5.5,CIN,18.433333333333334,6.0,0.24350649350649353,0.6666666666666666,32.7,8.0
2025,7,00-0035644,Noah Fant,TE,CIN,45.0,36.0,13.0,0.0,85.1,48.0,75.0,20.0,45.5,-5.5,PIT,6.7,4.333333333333333,0.12844364937388195,0.0,17.22,14.4
2025,7,00-0035645,Gunner Olszewski,WR,NYG,0.0,0.0,0.0,0.0,56.8,28.0,34.0,16.0,39.5,-7.5,DEN,0.0,0.0,0.0,0.0,25.05,0.0
2025,7,00-0035662,Marquise Brown,WR,KC,47.0,53.0,16.0,67.0,74.6,94.0,63.0,29.0,44.5,13.5,LV,14.033333333333333,5.666666666666667,0.1619047619047619,1.3333333333333333,36.016666666666666,9.4
2025,7,00-0035676,A.J. Brown,WR,PHI,72.0,33.0,29.0,33.0,74.8,63.0,20.0,23.0,43.5,2.5,MIN,8.666666666666666,8.666666666666666,0.29082207207207206,0.6666666666666666,20.02,28.1
2025,7,00-0035685,David Montgomery,RB,DET,42.0,34.0,40.0,75.0,49.5,100.0,42.0,30.25,54.5,6.0,TB,9.173333333333334,11.666666666666666,0.39575491715421746,3.0,22.066666666666666,5.9
2025,7,00-0035700,Josh Jacobs,RB,GB,88.0,95.0,78.0,100.0,83.5,77.0,44.0,25.75,44.5,7.0,ARI,25.36666666666667,24.666666666666668,0.7845246032342806,5.0,22.53333333333333,18.8
2025,7,00-0035710,Daniel Jones,QB,IND,71.0,63.0,36.0,51.0,87.3,63.0,41.0,23.0,48.5,-2.5,LAC,18.513333333333332,33.0,0.09093474426807761,6.0,16.423333333333336,20.22
2025,7,00-0036040,Juwan Johnson,TE,NO,31.0,23.0,11.0,17.0,78.5,45.0,62.0,19.5,43.5,-4.5,CHI,4.333333333333333,3.0,0.10865177832919769,0.3333333333333333,14.4,12.9
2025,7,00-0036139,Rico Dowdle,RB,CAR,86.0,88.0,75.0,50.0,58.9,43.0,36.0,19.0,39.5,-1.5,NYJ,23.433333333333334,24.0,0.7490485472941614,2.0,20.5,10.6
2025,7,00-0036158,J.K. Dobbins,RB,DEN,63.0,39.0,60.0,50.0,75.0,66.0,43.0,23.5,39.5,7.5,NYG,10.299999999999999,17.666666666666668,0.5989223289223289,2.0,22.400000000000002,9.0
2025,7,00-0036182,Nick Westbrook-Ikhine,WR,MIA,6.0,1.0,2.0,0.0,35.8,28.0,50.0,16.0,34.5,-2.5,CLE,0.3666666666666667,0.6666666666666666,0.02482758620689655,0.0,31.283333333333335,4.6
2025,7,00-0036212,Tua Tagovailoa,QB,MIA,71.0,58.0,29.0,54.0,86.6,28.0,38.0,16.0,34.5,-2.5,CLE,17.006666666666668,32.666666666666664,0.0727342549923195,6.333333333333333,15.75,4.6
2025,7,00-0036223,Jonathan Taylor,RB,IND,81.0,85.0,90.0,100.0,86.3,63.0,35.0,23.0,48.5,-2.5,LAC,22.63333333333333,22.666666666666668,0.896739417989418,5.333333333333333,20.366666666666667,34.2
2025,7,00-0036232,Harrison Bryant,TE,HOU,16.0,4.0,5.0,0.0,57.5,44.0,64.0,19.25,41.5,-3.0,SEA,0.75,1.5,0.05399719495091164,0.0,14.833333333333334,0.0
2025,7,00-0036244,Colby Parkinson,TE,LA,17.0,9.0,5.0,33.0,54.2,67.0,55.0,23.75,44.5,3.0,JAC,1.7,1.6666666666666667,0.04772256728778468,0.6666666666666666,12.783333333333333,7.7
2025,7,00-0036252,Michael Pittman,WR,IND,53.0,43.0,20.0,100.0,61.0,63.0,37.0,23.0,48.5,-2.5,LAC,11.333333333333334,6.333333333333333,0.2041666666666667,2.0,26.203333333333333,18.8
2025,7,00-0036259,Jauan Jennings,WR,SF,47.0,33.0,16.0,50.0,44.4,68.0,41.0,24.0,46.5,1.5,ATL,8.666666666666666,5.666666666666667,0.15708355414237768,1.0,27.839999999999996,7.1
2025,7,00-0036264,Jordan Love,QB,GB,78.0,67.0,57.0,37.0,80.7,77.0,43.0,25.75,44.5,7.0,ARI,19.453333333333333,36.0,0.14228925196667133,4.333333333333333,17.099999999999998,13.36
2025,7,00-0036275,D'Andre Swift,RB,CHI,64.0,65.0,64.0,67.0,83.0,68.0,36.0,24.0,43.5,4.5,NO,17.433333333333334,18.0,0.6394093348116335,2.6666666666666665,20.616666666666664,20.8
2025,7,00-0036290,Cole Kmet,TE,CHI,41.0,29.0,12.0,50.0,39.0,68.0,63.0,24.0,43.5,4.5,NO,5.533333333333334,4.0,0.11822660098522168,1.0,14.583333333333334,2.6
2025,7,00-0036309,Darnell Mooney,WR,ATL,44.0,19.0,17.0,33.0,46.5,61.0,48.0,22.5,46.5,-1.5,SF,4.966666666666667,5.333333333333333,0.1657434706215194,0.6666666666666666,30.53333333333333,9.8
2025,7,00-0036322,Justin Jefferson,WR,MIN,81.0,69.0,29.0,33.0,83.4,50.0,53.0,20.5,43.5,-2.5,PHI,18.133333333333336,9.666666666666666,0.2923669467787115,0.6666666666666666,32.4,12.9
2025,7,00-0036331,Devin Duvernay,WR,CHI,0.0,0.0,0.0,0.0,56.8,68.0,55.0,24.0,43.5,4.5,NO,0.0,0.0,0.0,0.0,33.0,0.0
2025,7,00-0036355,Justin Herbert,QB,LAC,82.0,57.0,35.0,51.0,92.3,76.0,46.0,25.5,48.5,2.5,IND,16.64,38.0,0.08835707502374168,6.0,17.843333333333334,31.9
2025,7,00-0036358,CeeDee Lamb,WR,DAL,100.0,73.0,30.0,25.0,88.8,89.0,57.0,28.0,54.5,1.5,WSH,19.1,12.0,0.30273892773892774,0.5,33.68333333333333,22.0
2025,7,00-0036389,Jalen Hurts,QB,PHI,81.0,70.0,100.0,51.0,93.1,63.0,29.0,23.0,43.5,2.5,MIN,20.506666666666668,37.666666666666664,0.2740469208211143,6.0,13.660000000000002,24.04
2025,7,00-0036407,Jerry Jeudy,WR,CLE,75.0,26.0,23.0,83.0,71.4,40.0,48.0,18.5,34.5,2.5,MIA,6.866666666666667,9.0,0.22528594771241828,1.6666666666666667,30.483333333333334,3.7
2025,7,00-0036410,Tee Higgins,WR,CIN,58.0,36.0,22.0,67.0,83.1,48.0,56.0,20.0,45.5,-5.5,PIT,9.533333333333333,7.0,0.2159090909090909,1.3333333333333333,33.239999999999995,21.6
2025,7,00-0036415,Van Jefferson,WR,TEN,22.0,19.0,8.0,17.0,31.2,33.0,54.0,17.0,40.5,-6.5,NE,4.966666666666667,2.6666666666666665,0.08312020460358056,0.3333333333333333,32.583333333333336,8.1
2025,7,00-0036427,Tyler Johnson,WR,NYJ,14.0,7.0,7.0,17.0,49.5,50.0,34.0,20.5,39.5,1.5,CAR,1.7333333333333334,1.6666666666666667,0.06666666666666667,0.3333333333333333,25.083333333333332,9.0
2025,7,00-0036429,Charlie Woerner,TE,ATL,10.0,3.0,2.0,0.0,56.8,61.0,56.0,22.5,46.5,-1.5,SF,0.5,1.0,0.024390243902439025,0.0,13.0,0.0
2025,7,00-0036554,Nico Collins,WR,HOU,64.0,66.0,24.0,33.0,74.2,44.0,53.0,19.25,41.5,-3.0,SEA,17.433333333333334,7.666666666666667,0.23714487424164843,0.6666666666666666,32.166666666666664,6.7
2025,7,00-0036555,Chuba Hubbard,RB,CAR,58.0,48.0,59.0,17.0,78.5,43.0,36.0,19.0,39.5,-1.5,NYJ,12.733333333333334,16.333333333333332,0.5940276201510065,0.6666666666666666,20.5,7.5
2025,7,00-0036613,Jaylen Waddle,WR,MIA,64.0,59.0,26.0,67.0,79.2,28.0,50.0,16.0,34.5,-2.5,CLE,15.54,7.666666666666667,0.26286311389759665,1.3333333333333333,31.283333333333335,2.5
2025,7,00-0036620,Dee Eskridge,WR,MIA,3.0,0.0,1.0,0.0,41.8,28.0,50.0,16.0,34.5,-2.5,CLE,0.0,0.3333333333333333,0.011494252873563218,0.0,31.283333333333335,6.5
2025,7,00-0036626,Dyami Brown,WR,JAC,36.0,13.0,15.0,33.0,79.0,52.0,51.0,20.75,44.5,-3.0,LA,3.4,4.333333333333333,0.1535467456520088,0.6666666666666666,31.399999999999995,7.0
2025,7,00-0036628,John Bates,TE,WSH,10.0,10.0,4.0,0.0,56.8,81.0,56.0,26.5,54.5,-1.5,DAL,1.9,1.0,0.043478260869565216,0.0,12.950000000000001,1.5
2025,7,00-0036637,Noah Gray,TE,KC,31.0,18.0,9.0,0.0,47.7,94.0,46.0,29.0,44.5,13.5,LV,3.4333333333333336,3.0,0.09047619047619047,0.0,10.716666666666667,3.8
2025,7,00-0036646,Simi Fehoko,WR,ARI,0.0,0.0,0.0,0.0,56.8,42.0,56.0,18.75,44.5,-7.0,GB,0.0,0.0,0.0,0.0,33.42,0.0
2025,7,00-0036741,Jack Stoll,TE,NO,14.0,21.0,4.0,17.0,31.4,45.0,62.0,19.5,43.5,-4.5,CHI,3.933333333333333,1.3333333333333333,0.037723577235772354,0.3333333333333333,14.4,0.0
2025,7,00-0036754,Brock Wright,TE,DET,21.0,37.0,8.0,33.0,38.0,100.0,61.0,30.25,54.5,6.0,TB,6.900000000000001,2.0,0.07919254658385093,0.6666666666666666,14.166666666666666,5.3
2025,7,00-0036842,Kene Nwangwu,RB,NYJ,0.0,0.0,0.0,0.0,56.8,50.0,37.0,20.5,39.5,1.5,CAR,0.0,0.0,0.0,0.0,20.933333333333334,0.0
2025,7,00-0036862,Ben Skowronek,WR,PIT,3.0,0.0,2.0,17.0,41.8,76.0,54.0,25.5,45.5,5.5,CIN,0.0,0.3333333333333333,0.015151515151515152,0.3333333333333333,32.7,0.0
2025,7,00-0036875,Rhamondre Stevenson,RB,NE,39.0,30.0,41.0,58.0,62.5,66.0,65.0,23.5,40.5,6.5,TEN,7.866666666666667,11.0,0.4066000839949018,2.3333333333333335,28.083333333333332,16.8
2025,7,00-0036887,Luke Farrell,TE,SF,14.0,10.0,3.0,17.0,35.5,68.0,20.0,24.0,46.5,1.5,ATL,1.9333333333333333,1.3333333333333333,0.034759358288770054,0.3333333333333333,4.76,2.1
2025,7,00-0036894,Pat Freiermuth,TE,PIT,28.0,17.0,10.0,17.0,54.2,76.0,77.0,25.5,45.5,5.5,CIN,3.266666666666667,2.6666666666666665,0.10180375180375179,0.3333333333333333,17.8,28.1
2025,7,00-0036900,Ja'Marr Chase,WR,CIN,86.0,78.0,33.0,50.0,74.2,48.0,56.0,20.0,45.5,-5.5,PIT,20.466666666666665,10.333333333333334,0.3253787878787879,1.0,33.239999999999995,38.1
2025,7,00-0036912,DeVonta Smith,WR,PHI,47.0,42.0,17.0,33.0,53.6,63.0,20.0,23.0,43.5,2.5,MIN,11.066666666666665,5.666666666666667,0.16995120120120122,0.6666666666666666,20.02,33.3
2025,7,00-0036919,Kenny Gainwell,RB,PIT,50.0,63.0,53.0,58.0,46.8,76.0,80.0,25.5,45.5,5.5,CIN,16.866666666666667,14.0,0.5263902763902765,2.3333333333333335,32.053333333333335,3.5
2025,7,00-0036924,Michael Carter,RB,ARI,45.0,34.0,45.0,25.0,37.0,42.0,24.0,18.75,44.5,-7.0,GB,8.933333333333335,12.666666666666666,0.4497949931519911,1.0,17.46,5.6
2025,7,00-0036945,Justin Fields,QB,NYJ,80.0,62.0,100.0,46.0,70.2,50.0,45.0,20.5,39.5,1.5,CAR,17.986666666666668,37.0,0.26466275659824046,5.333333333333333,17.593333333333334,4.04
2025,7,00-0036963,Amon-Ra St. Brown,WR,DET,75.0,73.0,36.0,67.0,82.0,100.0,52.0,30.25,54.5,6.0,TB,19.233333333333334,9.0,0.3617176596886742,1.3333333333333333,31.983333333333334,20.6
2025,7,00-0036970,Kyle Pitts,TE,ATL,52.0,54.0,16.0,50.0,71.8,61.0,56.0,22.5,46.5,-1.5,SF,10.233333333333334,5.0,0.1558938045956142,1.0,13.0,13.2
2025,7,00-0036971,Trevor Lawrence,QB,JAC,85.0,70.0,100.0,43.0,81.4,52.0,41.0,20.75,44.5,-3.0,LA,20.373333333333335,39.333333333333336,0.2537533738191633,5.0,16.603333333333335,17.64
2025,7,00-0036972,Mac Jones,QB,SF,100.0,60.0,54.0,40.0,88.4,68.0,38.0,24.0,46.5,1.5,ATL,17.54,46.333333333333336,0.1340909090909091,4.666666666666667,15.716,7.18
2025,7,00-0036973,Travis Etienne,RB,JAC,64.0,47.0,70.0,25.0,79.4,52.0,20.0,20.75,44.5,-3.0,LA,12.6,18.0,0.697180911194069,1.0,16.366666666666664,6.5
2025,7,00-0036997,Javonte Williams,RB,DAL,74.0,68.0,80.0,100.0,79.0,89.0,39.0,28.0,54.5,1.5,WSH,18.099999999999998,20.666666666666668,0.796945163658092,4.0,21.383333333333336,18.8
2025,7,00-0037004,Hunter Long,TE,JAC,24.0,29.0,8.0,33.0,53.1,52.0,57.0,20.75,44.5,-3.0,LA,5.5,2.3333333333333335,0.08372294372294371,0.6666666666666666,13.183333333333332,3.6
2025,7,00-0037005,Tommy Tremble,TE,CAR,48.0,44.0,17.0,33.0,51.3,43.0,70.0,19.0,39.5,-1.5,NYJ,8.266666666666666,4.666666666666667,0.1715167548500882,0.6666666666666666,16.233333333333334,1.0
2025,7,00-0037085,Tyler Badie,RB,DEN,5.0,6.0,3.0,0.0,42.8,66.0,43.0,23.5,39.5,7.5,NYG,1.5666666666666667,1.3333333333333333,0.03439153439153439,0.0,22.400000000000002,3.9
2025,7,00-0037091,Bo Melton,WR,GB,3.0,0.0,1.0,0.0,37.2,77.0,50.0,25.75,44.5,7.0,ARI,0.09999999999999999,0.3333333333333333,0.010101010101010102,0.0,31.316666666666666,0.0
2025,7,00-0037093,Dareke Young,WR,SEA,3.0,6.0,1.0,0.0,31.2,59.0,36.0,22.25,41.5,3.0,HOU,1.5333333333333332,0.3333333333333333,0.00980392156862745,0.0,26.04,0.0
2025,7,00-0037157,Bam Knight,RB,ARI,21.0,27.0,23.0,42.0,33.7,42.0,24.0,18.75,44.5,-7.0,GB,7.266666666666667,6.0,0.22695991747715882,1.6666666666666667,17.46,9.4
2025,7,00-0037197,Isiah Pacheco,RB,KC,42.0,34.0,41.0,42.0,77.8,94.0,38.0,29.0,44.5,13.5,LV,9.166666666666666,11.666666666666666,0.4061940214957456,1.6666666666666667,21.01666666666667,12.4
2025,7,00-0037228,Jaylen Warren,RB,PIT,65.0,48.0,74.0,75.0,77.0,76.0,80.0,25.5,45.5,5.5,CIN,12.933333333333332,18.333333333333332,0.743106893106893,3.0,32.053333333333335,19.8
2025,7,00-0037238,Drake London,WR,ATL,94.0,85.0,37.0,50.0,69.0,61.0,48.0,22.5,46.5,-1.5,SF,22.433333333333334,11.333333333333334,0.3652887893643204,1.0,30.53333333333333,8.2
2025,7,00-0037239,Chris Olave,WR,NO,75.0,50.0,33.0,67.0,83.0,45.0,55.0,19.5,43.5,-4.5,CHI,13.233333333333334,9.0,0.32648469809760133,1.3333333333333333,33.160000000000004,26.8
2025,7,00-0037240,Jameson Williams,WR,DET,50.0,33.0,23.0,0.0,45.1,100.0,52.0,30.25,54.5,6.0,TB,8.766666666666667,6.0,0.22917443635084814,0.0,31.983333333333334,0.0
2025,7,00-0037247,George Pickens,WR,DAL,72.0,100.0,25.0,50.0,69.8,89.0,57.0,28.0,54.5,1.5,WSH,26.3,8.666666666666666,0.25195341294412504,1.0,33.68333333333333,12.2
2025,7,00-0037256,Rachaad White,RB,TB,58.0,62.0,62.0,75.0,71.8,69.0,28.0,24.25,54.5,-6.0,DET,16.433333333333334,16.333333333333332,0.617196209587514,3.0,18.55,8.4
2025,7,00-0037263,Tyler Allgeier,RB,ATL,36.0,29.0,29.0,58.0,50.4,61.0,44.0,22.5,46.5,-1.5,SF,7.766666666666666,10.0,0.28981641520766827,2.3333333333333335,22.633333333333336,1.6
2025,7,00-0037267,Jerome Ford,RB,CLE,21.0,19.0,18.0,17.0,59.6,40.0,57.0,18.5,34.5,2.5,MIA,5.033333333333334,6.0,0.18330156136528686,0.6666666666666666,25.933333333333334,3.0
2025,7,00-0037291,Jalen Nailor,WR,MIN,39.0,27.0,15.0,83.0,88.2,50.0,53.0,20.5,43.5,-2.5,PHI,7.033333333333334,4.666666666666667,0.1548989160881744,1.6666666666666667,32.4,5.7
2025,7,00-0037292,Andrew Ogletree,TE,IND,0.0,0.0,0.0,0.0,56.8,63.0,43.0,23.0,48.5,-2.5,LAC,0.0,0.0,0.0,0.0,9.933333333333332,0.0
2025,7,00-0037306,John FitzPatrick,TE,GB,10.0,18.0,4.0,17.0,31.6,77.0,68.0,25.75,44.5,7.0,ARI,3.4666666666666663,1.0,0.04181818181818182,0.3333333333333333,15.783333333333333,1.6
2025,7,00-0037348,Tanner Conner,TE,MIA,10.0,10.0,3.0,0.0,31.6,28.0,55.0,16.0,34.5,-2.5,CLE,1.8,1.0,0.03169627307558342,0.0,12.800000000000002,3.8
2025,7,00-0037525,Jordan Mason,RB,MIN,62.0,60.0,69.0,67.0,80.9,50.0,54.0,20.5,43.5,-2.5,PHI,16.133333333333333,17.333333333333332,0.6901406846048377,2.6666666666666665,25.349999999999998,11.7
2025,7,00-0037545,Rashid Shaheed,WR,NO,50.0,47.0,22.0,17.0,74.4,45.0,55.0,19.5,43.5,-4.5,CHI,12.466666666666667,6.0,0.21696102758721358,0.3333333333333333,33.160000000000004,8.0
2025,7,00-0037594,Julius Chestnut,RB,TEN,5.0,0.0,6.0,0.0,35.4,33.0,24.0,17.0,40.5,-6.5,NE,0.09999999999999999,1.3333333333333333,0.05590917003960482,0.0,17.333333333333332,0.0
2025,7,00-0037617,Hassan Haskins,RB,LAC,15.0,7.0,16.0,8.0,38.0,76.0,29.0,25.5,48.5,2.5,IND,1.9333333333333333,4.333333333333333,0.16091699155295644,0.3333333333333333,18.733333333333334,2.5
2025,7,00-0037664,Alec Pierce,WR,IND,39.0,36.0,16.0,17.0,85.8,63.0,37.0,23.0,48.5,-2.5,LAC,9.433333333333334,4.666666666666667,0.16161616161616163,0.3333333333333333,26.203333333333333,14.8
2025,7,00-0037666,Jalen Tolbert,WR,DAL,22.0,15.0,7.0,0.0,31.2,89.0,57.0,28.0,54.5,1.5,WSH,3.966666666666667,2.6666666666666665,0.07434026242075777,0.0,33.68333333333333,2.6
2025,7,00-0037744,Trey McBride,TE,ARI,100.0,75.0,26.0,100.0,79.0,42.0,75.0,18.75,44.5,-7.0,GB,14.166666666666666,9.666666666666666,0.26346153846153847,2.3333333333333335,17.36,29.4
2025,7,00-0037746,Brian Robinson,RB,SF,15.0,9.0,15.0,8.0,61.9,68.0,20.0,24.0,46.5,1.5,ATL,2.3666666666666667,4.333333333333333,0.14930555555555555,0.3333333333333333,16.380000000000003,3.6
2025,7,00-0037801,KaVontae Turpin,WR,DAL,42.0,39.0,14.0,33.0,77.7,89.0,57.0,28.0,54.5,1.5,WSH,10.166666666666666,5.0,0.13675272096324728,0.6666666666666666,33.68333333333333,2.7
2025,7,00-0037805,Jeremy Ruckert,TE,NYJ,17.0,18.0,4.0,0.0,31.2,50.0,76.0,20.5,39.5,1.5,CAR,3.3666666666666667,1.6666666666666667,0.04409171075837742,0.0,17.566666666666666,0.0
2025,7,00-0037809,Chig Okonkwo,TE,TEN,48.0,37.0,15.0,17.0,68.4,33.0,80.0,17.0,40.5,-6.5,NE,6.933333333333333,4.666666666666667,0.14734683532637496,0.3333333333333333,18.4,0.0
2025,7,00-0037816,Romeo Doubs,WR,GB,53.0,57.0,22.0,67.0,49.3,77.0,50.0,25.75,44.5,7.0,ARI,14.933333333333332,6.333333333333333,0.2161253561253561,1.3333333333333333,31.316666666666666,13.2
2025,7,00-0037840,Kyren Williams,RB,LA,67.0,78.0,78.0,50.0,72.9,67.0,30.0,23.75,44.5,3.0,JAC,20.73333333333333,18.666666666666668,0.7781772575250837,2.0,18.916666666666668,8.5
2025,7,00-0038041,Jake Ferguson,TE,DAL,66.0,94.0,20.0,100.0,68.5,89.0,51.0,28.0,54.5,1.5,WSH,17.733333333333334,6.333333333333333,0.19795813062066933,2.0,11.799999999999999,21.9
2025,7,00-0038090,Skyy Moore,WR,SF,6.0,0.0,2.0,0.0,34.0,68.0,41.0,24.0,46.5,1.5,ATL,0.03333333333333333,0.6666666666666666,0.02022058823529412,0.0,27.839999999999996,2.5
2025,7,00-0038104,Tyquan Thornton,WR,KC,44.0,48.0,15.0,67.0,60.4,94.0,63.0,29.0,44.5,13.5,LV,12.733333333333334,5.333333333333333,0.14642857142857144,1.3333333333333333,36.016666666666666,4.9
2025,7,00-0038115,Daniel Bellinger,TE,NYG,21.0,23.0,6.0,17.0,40.7,28.0,35.0,16.0,39.5,-7.5,DEN,4.366666666666666,2.0,0.06196581196581197,0.3333333333333333,8.083333333333334,17.8
2025,7,00-0038117,Wan'Dale Robinson,WR,NYG,56.0,42.0,24.0,67.0,68.5,28.0,34.0,16.0,39.5,-7.5,DEN,11.0,6.666666666666667,0.24440023577954614,1.3333333333333333,25.05,15.5
2025,7,00-0038120,Breece Hall,RB,NYJ,73.0,52.0,73.0,17.0,80.0,50.0,37.0,20.5,39.5,1.5,CAR,13.833333333333334,20.333333333333332,0.7291036323294389,0.6666666666666666,20.933333333333334,7.2
2025,7,00-0038129,Cade Otton,TE,TB,52.0,46.0,17.0,0.0,72.8,69.0,57.0,24.25,54.5,-6.0,DET,8.7,5.0,0.17322788926049795,0.0,13.166666666666666,13.5
2025,7,00-0038134,Kenneth Walker III,RB,SEA,51.0,33.0,53.0,50.0,74.3,59.0,30.0,22.25,41.5,3.0,HOU,8.766666666666667,14.333333333333334,0.52729476405947,2.0,19.04,6.6
2025,7,00-0038359,Xavier Smith,WR,LA,0.0,0.0,0.0,0.0,56.8,67.0,62.0,23.75,44.5,3.0,JAC,0.0,0.0,0.0,0.0,35.733333333333334,3.5
2025,7,00-0038393,Dontayvion Wicks,WR,GB,28.0,15.0,12.0,17.0,82.6,77.0,50.0,25.75,44.5,7.0,ARI,3.8333333333333335,3.3333333333333335,0.11601139601139603,0.3333333333333333,31.316666666666666,1.5
2025,7,00-0038440,Zavier Scott,RB,MIN,29.0,30.0,27.0,0.0,57.5,50.0,54.0,20.5,43.5,-2.5,PHI,8.066666666666666,8.0,0.26919955920657185,0.0,25.349999999999998,1.6
2025,7,00-0038465,Malik Heath,WR,GB,6.0,8.0,2.0,0.0,35.4,77.0,50.0,25.75,44.5,7.0,ARI,2.1999999999999997,0.6666666666666666,0.021604938271604937,0.0,31.316666666666666,0.0
2025,7,00-0038488,Brady Russell,RB,SEA,0.0,0.0,0.0,0.0,56.8,59.0,30.0,22.25,41.5,3.0,HOU,0.0,0.0,0.0,0.0,19.04,0.0
2025,7,00-0038496,Xavier Gipson,WR,PHI,0.0,0.0,0.0,0.0,56.8,63.0,20.0,23.0,43.5,2.5,MIN,0.0,0.0,0.0,0.0,20.02,0.0
2025,7,00-0038519,Nikko Remigio,WR,KC,0.0,0.0,0.0,0.0,56.8,94.0,63.0,29.0,44.5,13.5,LV,0.0,0.0,0.0,0.0,36.016666666666666,0.0
2025,7,00-0038542,Bijan Robinson,RB,ATL,81.0,100.0,74.0,33.0,82.0,61.0,44.0,22.5,46.5,-1.5,SF,26.666666666666668,22.666666666666668,0.7383801742050554,1.3333333333333333,22.633333333333336,21.2
2025,7,00-0038543,Jaxon Smith-Njigba,WR,SEA,83.0,89.0,37.0,17.0,72.8,59.0,36.0,22.25,41.5,3.0,HOU,23.46666666666667,10.0,0.36680672268907566,0.3333333333333333,26.04,26.3
2025,7,00-0038544,Quentin Johnston,WR,LAC,75.0,60.0,24.0,50.0,66.4,76.0,68.0,25.5,48.5,2.5,IND,15.866666666666667,9.0,0.23779612946279616,1.0,37.75,11.0
2025,7,00-0038551,Kendre Miller,RB,NO,37.0,28.0,36.0,33.0,79.2,45.0,63.0,19.5,43.5,-4.5,CHI,7.533333333333334,10.333333333333334,0.3584694783440761,1.3333333333333333,27.54,0.7
2025,7,00-0038555,Tank Bigsby,RB,PHI,0.0,0.0,0.0,0.0,56.8,63.0,42.0,23.0,43.5,2.5,MIN,0.0,0.0,0.0,0.0,22.119999999999997,2.0
2025,7,00-0038558,Darnell Washington,TE,PIT,31.0,25.0,12.0,33.0,44.8,76.0,77.0,25.5,45.5,5.5,CIN,4.733333333333333,3.0,0.11608946608946609,0.6666666666666666,17.8,9.2
2025,7,00-0038559,Michael Wilson,WR,ARI,42.0,21.0,14.0,17.0,79.8,42.0,56.0,18.75,44.5,-7.0,GB,5.5,5.0,0.13717948717948716,0.3333333333333333,33.42,7.0
2025,7,00-0038563,Tre Tucker,WR,LV,44.0,35.0,20.0,33.0,72.7,25.0,43.0,15.5,44.5,-13.5,KC,9.1,5.333333333333333,0.19948517432388402,0.6666666666666666,28.566666666666666,8.3
2025,7,00-0038564,Cameron Latu,TE,PHI,0.0,0.0,0.0,0.0,56.8,63.0,64.0,23.0,43.5,2.5,MIN,0.0,0.0,0.0,0.0,14.680000000000001,0.0
2025,7,00-0038573,Derius Davis,WR,LAC,6.0,1.0,3.0,0.0,41.7,76.0,68.0,25.5,48.5,2.5,IND,0.16666666666666666,0.6666666666666666,0.025238095238095237,0.0,37.75,0.0
2025,7,00-0038576,Charlie Jones,WR,CIN,0.0,0.0,0.0,0.0,56.8,48.0,56.0,20.0,45.5,-5.5,PIT,0.0,0.0,0.0,0.0,33.239999999999995,0.0
2025,7,00-0038597,Chase Brown,RB,CIN,48.0,36.0,71.0,17.0,85.0,48.0,39.0,20.0,45.5,-5.5,PIT,9.6,13.333333333333334,0.7051767676767676,0.6666666666666666,21.34,12.0
2025,7,00-0038606,Parker Washington,WR,JAC,28.0,18.0,12.0,33.0,62.8,52.0,51.0,20.75,44.5,-3.0,LA,4.8,3.3333333333333335,0.12063311688311688,0.6666666666666666,31.399999999999995,10.2
2025,7,00-0038608,Kayshon Boutte,WR,NE,31.0,46.0,16.0,0.0,58.2,66.0,55.0,23.5,40.5,6.5,TEN,12.133333333333333,3.6666666666666665,0.16398225957049486,0.0,33.016666666666666,13.5
2025,7,00-0038611,Chris Rodriguez Jr.,RB,WSH,27.0,13.0,28.0,67.0,62.8,81.0,63.0,26.5,54.5,-1.5,DAL,3.5,7.666666666666667,0.2801677489177489,2.6666666666666665,27.51666666666667,7.2
2025,7,00-0038618,Xavier Hutchinson,WR,HOU,25.0,32.0,10.0,50.0,72.4,44.0,53.0,19.25,41.5,-3.0,SEA,8.366666666666667,3.0,0.0957501280081925,1.0,32.166666666666664,2.3
2025,7,00-0038619,Andrei Iosivas,WR,CIN,36.0,23.0,13.0,33.0,47.1,48.0,56.0,20.0,45.5,-5.5,PIT,6.133333333333333,4.333333333333333,0.12904040404040404,0.6666666666666666,33.239999999999995,7.9
2025,7,00-0038621,DeMario Douglas,WR,NE,33.0,29.0,14.0,17.0,61.7,66.0,55.0,23.5,40.5,6.5,TEN,7.5,4.0,0.13756613756613756,0.3333333333333333,33.016666666666666,4.7
2025,7,00-0038685,Chris Brooks,RB,GB,2.0,2.0,2.0,0.0,34.0,77.0,44.0,25.75,44.5,7.0,ARI,0.4000000000000001,0.6666666666666666,0.01936026936026936,0.0,22.53333333333333,0.0
2025,7,00-0038710,Blake Whiteheart,TE,CLE,7.0,2.0,2.0,0.0,35.0,40.0,69.0,18.5,34.5,2.5,MIA,0.3333333333333333,0.6666666666666666,0.016339869281045753,0.0,15.883333333333333,1.4
2025,7,00-0038720,Julian Hill,TE,MIA,34.0,27.0,11.0,50.0,72.2,28.0,55.0,16.0,34.5,-2.5,CLE,5.066666666666667,3.3333333333333335,0.11165447579240684,1.0,12.800000000000002,1.1
2025,7,00-0038738,Hunter Luepke,RB,DAL,6.0,14.0,5.0,0.0,46.8,89.0,39.0,28.0,54.5,1.5,WSH,3.766666666666666,1.6666666666666667,0.05310504768709103,0.0,21.383333333333336,1.3
2025,7,00-0038752,Jake Bobo,WR,SEA,4.0,5.0,2.0,0.0,31.2,59.0,36.0,22.25,41.5,3.0,HOU,1.35,0.5,0.020833333333333332,0.0,26.04,1.3
2025,7,00-0038783,Nate Adkins,TE,DEN,21.0,23.0,6.0,17.0,51.5,66.0,55.0,23.5,39.5,7.5,NYG,4.266666666666667,2.0,0.05870980870980871,0.3333333333333333,12.71,4.0
2025,7,00-0038797,Emanuel Wilson,RB,GB,25.0,19.0,21.0,17.0,51.9,77.0,44.0,25.75,44.5,7.0,ARI,5.1000000000000005,7.0,0.21160792612405518,0.6666666666666666,22.53333333333333,2.5
2025,7,00-0038824,Ryan Miller,WR,TB,6.0,11.0,2.0,17.0,35.5,69.0,64.0,24.25,54.5,-6.0,DET,3.0,0.6666666666666666,0.020753512132822477,0.3333333333333333,36.28333333333333,2.4
2025,7,00-0038840,Brycen Tremayne,WR,CAR,19.0,15.0,8.0,0.0,57.4,43.0,46.0,19.0,39.5,-1.5,NYJ,4.0,2.3333333333333335,0.08179012345679011,0.0,29.683333333333334,0.0
2025,7,00-0038896,Jacob Saylors,RB,DET,2.0,1.0,2.0,0.0,31.2,100.0,42.0,30.25,54.5,6.0,TB,0.3666666666666667,0.6666666666666666,0.022988505747126436,0.0,22.066666666666666,0.0
2025,7,00-0038938,Jalin Hyatt,WR,NYG,33.0,9.0,13.0,0.0,55.1,28.0,34.0,16.0,39.5,-7.5,DEN,2.35,4.0,0.13461538461538464,0.0,25.05,0.0
2025,7,00-0038951,Sean Tucker,RB,TB,14.0,14.0,15.0,17.0,34.0,69.0,28.0,24.25,54.5,-6.0,DET,3.8000000000000003,4.0,0.14983974358974358,0.6666666666666666,18.55,1.6
2025,7,00-0038976,Marvin Mims Jr.,WR,DEN,47.0,37.0,17.0,0.0,63.5,66.0,70.0,23.5,39.5,7.5,NYG,9.733333333333333,5.666666666666667,0.16662398662398661,0.0,38.6,15.8
2025,7,00-0038994,Jordan Addison,WR,MIN,58.0,58.0,18.0,50.0,93.9,50.0,53.0,20.5,43.5,-2.5,PHI,15.25,7.0,0.1834733893557423,1.0,32.4,21.8
2025,7,00-0038996,Tucker Kraft,TE,GB,38.0,51.0,13.0,50.0,73.7,77.0,68.0,25.75,44.5,7.0,ARI,9.6,3.6666666666666665,0.12527065527065528,1.0,15.783333333333333,16.8
2025,7,00-0039021,Roschon Johnson,RB,CHI,1.0,1.0,1.0,0.0,31.2,68.0,36.0,24.0,43.5,4.5,NO,0.19999999999999998,0.3333333333333333,0.012345679012345678,0.0,20.616666666666664,1.1
2025,7,00-0039032,Tyjae Spears,RB,TEN,23.0,20.0,31.0,0.0,55.7,33.0,24.0,17.0,40.5,-6.5,NE,5.2,6.5,0.30882352941176466,0.0,17.333333333333332,7.0
2025,7,00-0039040,De'Von Achane,RB,MIA,73.0,81.0,89.0,58.0,83.0,28.0,21.0,16.0,34.5,-2.5,CLE,21.566666666666666,20.333333333333332,0.8861549228178817,2.3333333333333335,16.580000000000002,12.8
2025,7,00-0039041,Elijah Higgins,TE,ARI,14.0,15.0,4.0,0.0,35.9,42.0,75.0,18.75,44.5,-7.0,GB,2.8000000000000003,1.3333333333333333,0.039316239316239315,0.0,17.36,1.3
2025,7,00-0039065,Sam LaPorta,TE,DET,55.0,77.0,21.0,33.0,76.4,100.0,61.0,30.25,54.5,6.0,TB,14.533333333333333,5.333333333333333,0.21436392914653782,0.6666666666666666,14.166666666666666,4.5
2025,7,00-0039066,Michael Mayer,TE,LV,34.0,33.0,13.0,17.0,31.6,25.0,37.0,15.5,44.5,-13.5,KC,6.3,3.3333333333333335,0.13391016104194398,0.3333333333333333,8.516666666666667,2.0
2025,7,00-0039074,Davis Allen,TE,LA,17.0,13.0,5.0,0.0,60.4,67.0,55.0,23.75,44.5,3.0,JAC,2.3666666666666667,1.6666666666666667,0.04846711259754738,0.0,12.783333333333333,1.4
2025,7,00-0039139,Jahmyr Gibbs,RB,DET,60.0,52.0,62.0,100.0,78.3,100.0,42.0,30.25,54.5,6.0,TB,13.966666666666669,16.666666666666668,0.6203462578475072,4.333333333333333,22.066666666666666,36.8
2025,7,00-0039150,Bryce Young,QB,CAR,66.0,53.0,28.0,40.0,85.7,43.0,51.0,19.0,39.5,-1.5,NYJ,15.593333333333334,30.666666666666668,0.06947055137844611,4.666666666666667,18.916666666666668,10.52
2025,7,00-0039163,C.J. Stroud,QB,HOU,73.0,70.0,47.0,34.0,81.2,44.0,49.0,19.25,41.5,-3.0,SEA,20.513333333333332,34.0,0.11837168679273942,4.0,18.563333333333333,15.66
2025,7,00-0039165,Zach Charbonnet,RB,SEA,45.0,36.0,48.0,100.0,81.0,59.0,30.0,22.25,41.5,3.0,HOU,9.633333333333333,12.666666666666666,0.4794063779357897,4.333333333333333,19.04,19.5
2025,7,00-0039299,George Holani,RB,SEA,0.0,0.0,0.0,0.0,56.8,59.0,30.0,22.25,41.5,3.0,HOU,0.0,0.0,0.0,0.0,19.04,0.0
2025,7,00-0039342,Xavier Legette,WR,CAR,39.0,19.0,14.0,67.0,47.5,43.0,46.0,19.0,39.5,-1.5,NYJ,5.0,4.666666666666667,0.1366413938409966,1.3333333333333333,29.683333333333334,24.2
2025,7,00-0039355,Luke McCaffrey,WR,WSH,17.0,33.0,8.0,33.0,70.9,81.0,80.0,26.5,54.5,-1.5,DAL,8.799999999999999,2.0,0.08454106280193237,0.6666666666666666,42.333333333333336,0.0
2025,7,00-0039356,Ja'Tavion Sanders,TE,CAR,48.0,36.0,11.0,83.0,51.5,43.0,70.0,19.0,39.5,-1.5,NYJ,6.733333333333333,4.666666666666667,0.1137933160685658,1.6666666666666667,16.233333333333334,0.0
2025,7,00-0039363,Isaac Guerendo,RB,SF,0.0,0.0,0.0,0.0,56.8,68.0,20.0,24.0,46.5,1.5,ATL,0.0,0.0,0.0,0.0,16.380000000000003,0.0
2025,7,00-0039376,Spencer Rattler,QB,NO,72.0,47.0,73.0,49.0,91.1,45.0,66.0,19.5,43.5,-4.5,CHI,13.706666666666665,33.333333333333336,0.183461210571185,5.666666666666667,22.656,18.52
2025,7,00-0039379,Jamari Thrash,WR,CLE,19.0,12.0,6.0,17.0,75.7,40.0,48.0,18.5,34.5,2.5,MIA,3.0666666666666664,2.3333333333333335,0.06127450980392157,0.3333333333333333,30.483333333333334,3.3
2025,7,00-0039384,Tyrone Tracy Jr.,RB,NYG,29.0,19.0,27.0,8.0,58.0,28.0,24.0,16.0,39.5,-7.5,DEN,5.1000000000000005,8.0,0.2749728666395333,0.3333333333333333,17.533333333333335,10.6
2025,7,00-0039391,Kimani Vidal,RB,LAC,32.0,32.0,33.0,75.0,31.2,76.0,29.0,25.5,48.5,2.5,IND,8.566666666666666,9.0,0.33488710201429495,3.0,18.733333333333334,7.5
2025,7,00-0039394,Casey Washington,WR,ATL,31.0,12.0,11.0,0.0,51.5,61.0,48.0,22.5,46.5,-1.5,SF,3.0666666666666664,3.6666666666666665,0.10758596242467211,0.0,30.53333333333333,2.7
2025,7,00-0039407,Dylan Laube,RB,LV,0.0,0.0,0.0,0.0,56.8,25.0,36.0,15.5,44.5,-13.5,KC,0.0,0.0,0.0,0.0,20.533333333333335,1.4
2025,7,00-0039410,Ryan Flournoy,WR,DAL,58.0,37.0,24.0,17.0,51.1,89.0,57.0,28.0,54.5,1.5,WSH,9.766666666666666,7.0,0.23686312442050672,0.3333333333333333,33.68333333333333,0.0
2025,7,00-0039451,Isaiah Williams,WR,NYJ,0.0,0.0,0.0,0.0,56.8,50.0,34.0,20.5,39.5,1.5,CAR,0.0,0.0,0.0,0.0,25.083333333333332,0.0
2025,7,00-0039521,Xavier Weaver,WR,ARI,8.0,0.0,2.0,0.0,56.8,42.0,56.0,18.75,44.5,-7.0,GB,0.0,1.0,0.025,0.0,33.42,0.0
2025,7,00-0039530,Brevyn Spann-Ford,TE,DAL,3.0,2.0,1.0,0.0,31.2,89.0,51.0,28.0,54.5,1.5,WSH,0.39999999999999997,0.3333333333333333,0.00980392156862745,0.0,11.799999999999999,0.0
2025,7,00-0039589,Kameron Johnson,WR,TB,14.0,21.0,7.0,0.0,31.2,69.0,64.0,24.25,54.5,-6.0,DET,5.533333333333332,1.6666666666666667,0.07185990338164251,0.0,36.28333333333333,0.0
2025,7,00-0039623,Mason Tipton,WR,NO,0.0,0.0,0.0,0.0,56.8,45.0,55.0,19.5,43.5,-4.5,CHI,0.0,0.0,0.0,0.0,33.160000000000004,0.0
2025,7,00-0039686,Colson Yankoff,TE,WSH,0.0,0.0,0.0,0.0,56.8,81.0,56.0,26.5,54.5,-1.5,DAL,0.0,0.0,0.0,0.0,12.950000000000001,0.0
2025,7,00-0039732,Bo Nix,QB,DEN,90.0,65.0,63.0,46.0,83.2,66.0,49.0,23.5,39.5,7.5,NYG,18.993333333333336,41.666666666666664,0.15643500643500644,5.333333333333333,18.44333333333333,35.96
2025,7,00-0039738,Blake Corum,RB,LA,25.0,9.0,26.0,8.0,55.8,67.0,30.0,23.75,44.5,3.0,JAC,2.4,7.0,0.2565078037904125,0.3333333333333333,18.916666666666668,5.3
2025,7,00-0039739,Roman Wilson,WR,PIT,12.0,7.0,5.0,0.0,78.8,76.0,54.0,25.5,45.5,5.5,CIN,1.9500000000000002,1.5,0.05119047619047619,0.0,32.7,3.7
2025,7,00-0039746,Will Shipley,RB,PHI,5.0,2.0,6.0,0.0,31.2,63.0,42.0,23.0,43.5,2.5,MIN,0.4666666666666666,1.3333333333333333,0.062209937209937206,0.0,22.119999999999997,1.7
2025,7,00-0039751,Jordan Whittington,WR,LA,22.0,16.0,8.0,0.0,57.6,67.0,62.0,23.75,44.5,3.0,JAC,4.1,2.6666666666666665,0.08135451505016723,0.0,35.733333333333334,2.9
2025,7,00-0039793,AJ Barner,TE,SEA,45.0,82.0,15.0,67.0,67.0,59.0,39.0,22.25,41.5,3.0,HOU,15.533333333333331,4.333333333333333,0.15196078431372548,1.3333333333333333,9.1,1.9
2025,7,00-0039798,Isaiah Davis,RB,NYJ,15.0,15.0,15.0,8.0,66.5,50.0,37.0,20.5,39.5,1.5,CAR,4.033333333333333,4.333333333333333,0.15103078920283222,0.3333333333333333,20.933333333333334,5.2
2025,7,00-0039816,Anthony Gould,WR,IND,0.0,0.0,0.0,0.0,56.8,63.0,37.0,23.0,48.5,-2.5,LAC,0.0,0.0,0.0,0.0,26.203333333333333,1.3
2025,7,00-0039847,Theo Johnson,TE,NYG,55.0,65.0,19.0,83.0,68.5,28.0,35.0,16.0,39.5,-7.5,DEN,12.233333333333334,5.333333333333333,0.19444444444444445,1.6666666666666667,8.083333333333334,15.6
2025,7,00-0039849,Marvin Harrison Jr.,WR,ARI,47.0,48.0,16.0,17.0,56.0,42.0,56.0,18.75,44.5,-7.0,GB,12.533333333333333,5.666666666666667,0.15598290598290598,0.3333333333333333,33.42,7.8
2025,7,00-0039851,Drake Maye,QB,NE,63.0,69.0,71.0,40.0,80.4,66.0,38.0,23.5,40.5,6.5,TEN,20.19333333333333,29.333333333333332,0.17671149762362223,4.666666666666667,15.71,23.08
2025,7,00-0039868,Troy Franklin,WR,DEN,50.0,27.0,17.0,67.0,80.4,66.0,70.0,23.5,39.5,7.5,NYG,7.033333333333334,6.0,0.1744037444037444,1.3333333333333333,38.6,10.9
2025,7,00-0039880,Malik Washington,WR,MIA,44.0,18.0,19.0,67.0,85.8,28.0,50.0,16.0,34.5,-2.5,CLE,4.8,5.333333333333333,0.1861483578836193,1.3333333333333333,31.283333333333335,8.0
2025,7,00-0039890,Adonai Mitchell,WR,IND,19.0,16.0,8.0,0.0,46.0,63.0,37.0,23.0,48.5,-2.5,LAC,4.2,2.3333333333333335,0.07944444444444444,0.0,26.203333333333333,1.8
2025,7,00-0039893,Brian Thomas Jr.,WR,JAC,67.0,58.0,29.0,17.0,80.2,52.0,51.0,20.75,44.5,-3.0,LA,15.200000000000001,8.0,0.2898971861471861,0.3333333333333333,31.399999999999995,6.1
2025,7,00-0039894,Xavier Worthy,WR,KC,69.0,49.0,25.0,50.0,78.8,94.0,63.0,29.0,44.5,13.5,LV,12.933333333333335,8.333333333333334,0.24628862516793548,1.0,36.016666666666666,7.8
2025,7,00-0039910,Jayden Daniels,QB,WSH,86.0,69.0,100.0,40.0,86.9,81.0,80.0,26.5,54.5,-1.5,DAL,20.16,39.666666666666664,0.325571994502385,4.666666666666667,26.01,19.74
2025,7,00-0039915,Ladd McConkey,WR,LAC,61.0,51.0,21.0,83.0,68.4,76.0,68.0,25.5,48.5,2.5,IND,13.333333333333334,7.333333333333333,0.20591808914177334,1.6666666666666667,37.75,15.7
2025,7,00-0039917,Michael Penix Jr.,QB,ATL,73.0,49.0,34.0,26.0,81.7,61.0,43.0,22.5,46.5,-1.5,SF,14.366666666666667,34.0,0.08585487661574619,3.0,17.016666666666666,14.24
2025,7,00-0039918,Caleb Williams,QB,CHI,80.0,72.0,84.0,71.0,83.0,68.0,64.0,24.0,43.5,4.5,NO,21.093333333333334,37.0,0.20941808298130138,8.333333333333334,22.213333333333335,6.68
2025,7,00-0039919,Rome Odunze,WR,CHI,56.0,47.0,21.0,67.0,75.8,68.0,55.0,24.0,43.5,4.5,NO,12.433333333333332,6.666666666666667,0.2148786717752235,1.3333333333333333,33.0,5.1
2025,7,00-0039920,Malachi Corley,WR,CLE,8.0,4.0,3.0,0.0,56.8,40.0,48.0,18.5,34.5,2.5,MIA,1.1,1.0,0.03125,0.0,30.483333333333334,3.7
2025,7,00-0040009,Savion Williams,WR,GB,19.0,7.0,7.0,17.0,39.4,77.0,50.0,25.75,44.5,7.0,ARI,1.8333333333333337,2.3333333333333335,0.06890797374668342,0.3333333333333333,31.316666666666666,0.0
2025,7,00-0040078,Brashard Smith,RB,KC,19.0,23.0,17.0,8.0,68.5,94.0,38.0,29.0,44.5,13.5,LV,6.099999999999999,5.333333333333333,0.1675324675324675,0.3333333333333333,21.01666666666667,13.1
2025,7,00-0040122,Ashton Jeanty,RB,LV,85.0,85.0,81.0,92.0,80.0,25.0,36.0,15.5,44.5,-13.5,KC,22.666666666666668,23.666666666666668,0.810810660367112,3.6666666666666665,20.533333333333335,4.4
2025,7,00-0040124,Tetairoa McMillan,WR,CAR,58.0,52.0,26.0,67.0,83.2,43.0,46.0,19.0,39.5,-1.5,NYJ,13.799999999999999,7.0,0.26146384479717816,1.3333333333333333,29.683333333333334,6.3
2025,7,00-0040126,Colston Loveland,TE,CHI,24.0,13.0,8.0,17.0,52.9,68.0,63.0,24.0,43.5,4.5,NO,2.4,2.3333333333333335,0.08029805443598546,0.3333333333333333,14.583333333333334,5.4
2025,7,00-0040128,Tyler Warren,TE,IND,72.0,90.0,24.0,83.0,79.3,63.0,43.0,23.0,48.5,-2.5,LAC,17.0,7.0,0.2386904761904762,1.6666666666666667,9.933333333333332,16.9
2025,7,00-0040129,Emeka Egbuka,WR,TB,61.0,68.0,23.0,50.0,64.4,69.0,64.0,24.25,54.5,-6.0,DET,17.933333333333334,7.333333333333333,0.22917827945001856,1.0,36.28333333333333,9.8
2025,7,00-0040130,Jayden Higgins,WR,HOU,17.0,23.0,6.0,0.0,44.3,44.0,53.0,19.25,41.5,-3.0,SEA,6.033333333333334,2.0,0.06417477385219321,0.0,32.166666666666664,0.0
2025,7,00-0040131,Kyle Williams,WR,NE,11.0,2.0,5.0,0.0,44.8,66.0,55.0,23.5,40.5,6.5,TEN,0.5333333333333333,1.3333333333333333,0.04853128991060026,0.0,33.016666666666666,0.0
2025,7,00-0040134,Pat Bryant,WR,DEN,8.0,5.0,3.0,33.0,31.2,66.0,70.0,23.5,39.5,7.5,NYG,1.4000000000000001,1.0,0.033577533577533576,0.6666666666666666,38.6,1.6
2025,7,00-0040138,Jaylin Noel,WR,HOU,19.0,15.0,7.0,17.0,43.8,44.0,53.0,19.25,41.5,-3.0,SEA,4.066666666666667,2.3333333333333335,0.07304690530496982,0.3333333333333333,32.166666666666664,11.7
2025,7,00-0040154,Tai Felton,WR,MIN,3.0,2.0,1.0,0.0,31.2,50.0,53.0,20.5,43.5,-2.5,PHI,0.6333333333333333,0.3333333333333333,0.013888888888888888,0.0,32.4,0.0
2025,7,00-0040162,Dylan Sampson,RB,CLE,12.0,7.0,13.0,0.0,44.1,40.0,57.0,18.5,34.5,2.5,MIA,1.8,3.3333333333333335,0.12529502541757445,0.0,25.933333333333334,2.7
2025,7,00-0040164,Jaylin Lane,WR,WSH,22.0,15.0,11.0,0.0,79.9,81.0,80.0,26.5,54.5,-1.5,DAL,3.9333333333333336,2.6666666666666665,0.10918263986286426,0.0,42.333333333333336,9.0
2025,7,00-0040170,Elic Ayomanor,WR,TEN,44.0,20.0,19.0,0.0,76.0,33.0,54.0,17.0,40.5,-6.5,NE,5.3,5.333333333333333,0.18650491924149215,0.0,32.583333333333336,4.9
2025,7,00-0040187,Mitchell Evans,TE,CAR,21.0,39.0,7.0,33.0,50.6,43.0,70.0,19.0,39.5,-1.5,NYJ,7.266666666666667,2.0,0.06988536155202822,0.6666666666666666,16.233333333333334,4.4
2025,7,00-0040189,Oronde Gadsden II,TE,LAC,41.0,35.0,11.0,50.0,36.1,76.0,60.0,25.5,48.5,2.5,IND,6.6000000000000005,4.0,0.10761913229018492,1.0,13.816666666666668,29.4
2025,7,00-0040198,Ollie Gordon II,RB,MIA,15.0,2.0,19.0,25.0,52.2,28.0,21.0,16.0,34.5,-2.5,CLE,0.6666666666666666,4.333333333333333,0.19410562000105935,1.0,16.580000000000002,2.3
2025,7,00-0040202,Devin Neal,RB,NO,7.0,3.0,9.0,0.0,56.8,45.0,63.0,19.5,43.5,-4.5,CHI,0.9,2.0,0.09090909090909091,0.0,27.54,0.1
2025,7,00-0040208,Tahj Brooks,RB,CIN,6.0,2.0,8.0,0.0,31.2,48.0,39.0,20.0,45.5,-5.5,PIT,0.5666666666666667,1.6666666666666667,0.07936507936507936,0.0,21.34,0.0
2025,7,00-0040218,Jimmy Horn Jr.,WR,CAR,33.0,22.0,15.0,25.0,85.2,43.0,46.0,19.0,39.5,-1.5,NYJ,5.9,4.0,0.1475824979114453,0.5,29.683333333333334,2.5
2025,7,00-0040236,Kyle Monangai,RB,CHI,20.0,13.0,21.0,25.0,74.8,68.0,36.0,24.0,43.5,4.5,NO,3.4,5.666666666666667,0.2053749783634841,1.0,20.616666666666664,17.4
2025,7,00-0040237,Tez Johnson,WR,TB,25.0,30.0,11.0,0.0,63.1,69.0,64.0,24.25,54.5,-6.0,DET,7.8999999999999995,3.0,0.10651244890375326,0.0,36.28333333333333,15.8
2025,7,00-0040238,LeQuint Allen Jr.,RB,JAC,5.0,5.0,5.0,0.0,34.0,52.0,20.0,20.75,44.5,-3.0,LA,1.3,1.3333333333333333,0.049924812030075184,0.0,16.366666666666664,1.4
2025,7,00-0040242,Jacory Croskey-Merritt,RB,WSH,51.0,56.0,53.0,25.0,62.9,81.0,63.0,26.5,54.5,-1.5,DAL,14.833333333333334,14.333333333333334,0.5261751455650473,1.0,27.51666666666667,4.2
2025,7,00-0040259,Gage Larvadain,WR,CLE,17.0,8.0,4.0,0.0,31.2,40.0,48.0,18.5,34.5,2.5,MIA,2.1,2.0,0.0392156862745098,0.0,30.483333333333334,0.0
2025,7,00-0040432,Beaux Collins,WR,NYG,12.0,3.0,4.0,0.0,31.2,28.0,34.0,16.0,39.5,-7.5,DEN,0.85,1.5,0.038461538461538464,0.0,25.05,0.0
2025,7,00-0040506,Myles Price,WR,MIN,0.0,0.0,0.0,0.0,56.8,50.0,53.0,20.5,43.5,-2.5,PHI,0.0,0.0,0.0,0.0,32.4,0.0
2025,7,00-0040534,Ke'Shawn Williams,WR,PIT,0.0,0.0,0.0,0.0,56.8,76.0,54.0,25.5,45.5,5.5,CIN,0.0,0.0,0.0,0.0,32.7,0.0
2025,7,00-0040563,Efton Chism III,WR,NE,0.0,0.0,0.0,0.0,56.8,66.0,55.0,23.5,40.5,6.5,TEN,0.0,0.0,0.0,0.0,33.016666666666666,0.0
2025,7,00-0040581,Dont'e Thornton Jr.,WR,LV,22.0,6.0,10.0,17.0,53.4,25.0,43.0,15.5,44.5,-13.5,KC,1.6333333333333335,2.6666666666666665,0.10123456790123457,0.3333333333333333,28.566666666666666,0.0
2025,7,00-0040582,Arian Smith,WR,NYJ,11.0,6.0,5.0,0.0,56.5,50.0,34.0,20.5,39.5,1.5,CAR,1.5333333333333332,1.3333333333333333,0.049206349206349205,0.0,25.083333333333332,1.0
2025,7,00-0040583,Woody Marks,RB,HOU,45.0,44.0,43.0,33.0,49.0,44.0,39.0,19.25,41.5,-3.0,SEA,11.633333333333333,12.666666666666666,0.4266700067209405,1.3333333333333333,21.216666666666665,12.5
2025,7,00-0040584,Gunnar Helm,TE,TEN,31.0,23.0,9.0,33.0,56.8,33.0,80.0,17.0,40.5,-6.5,NE,4.366666666666667,3.0,0.08894956337411582,0.6666666666666666,18.4,7.6
2025,7,00-0040586,Jaydon Blue,RB,DAL,12.0,1.0,15.0,0.0,65.7,89.0,39.0,28.0,54.5,1.5,WSH,0.35,3.5,0.14791288566243194,0.0,21.383333333333336,4.4
2025,7,00-0040590,Konata Mumpfield,WR,LA,17.0,6.0,8.0,0.0,56.8,67.0,62.0,23.75,44.5,3.0,JAC,1.7,2.0,0.07692307692307693,0.0,35.733333333333334,7.5
2025,7,00-0040644,Trevor Etienne,RB,CAR,18.0,11.0,16.0,33.0,68.9,43.0,36.0,19.0,39.5,-1.5,NYJ,2.966666666666667,5.0,0.1636614684860299,1.3333333333333333,20.5,0.0
2025,7,00-0040648,Tory Horton,WR,SEA,19.0,19.0,8.0,17.0,47.8,59.0,36.0,22.25,41.5,3.0,HOU,4.966666666666667,2.3333333333333335,0.08088235294117646,0.3333333333333333,26.04,0.0
2025,7,00-0040663,Harold Fannin Jr.,TE,CLE,72.0,55.0,18.0,50.0,70.1,40.0,69.0,18.5,34.5,2.5,MIA,10.299999999999999,7.0,0.17819535221496005,1.0,15.883333333333333,7.6
2025,7,00-0040667,Matthew Golden,WR,GB,58.0,44.0,23.0,33.0,93.8,77.0,50.0,25.75,44.5,7.0,ARI,11.533333333333333,7.0,0.23497534723341174,0.6666666666666666,31.316666666666666,7.7
2025,7,00-0040669,Isaac TeSlaa,WR,DET,11.0,15.0,5.0,17.0,54.0,100.0,52.0,30.25,54.5,6.0,TB,4.033333333333333,1.3333333333333333,0.05203854116897596,0.3333333333333333,31.983333333333334,0.0
2025,7,00-0040676,Cam Ward,QB,TEN,79.0,34.0,43.0,31.0,82.8,33.0,45.0,17.0,40.5,-6.5,NE,9.8,36.666666666666664,0.10648148148148147,3.6666666666666665,17.476666666666667,14.2
2025,7,00-0040691,Jaxson Dart,QB,NYG,83.0,74.0,100.0,66.0,90.8,28.0,24.0,16.0,39.5,-7.5,DEN,21.673333333333336,38.333333333333336,0.270935960591133,7.666666666666667,12.286666666666667,30.42
2025,7,00-0040704,Dillon Gabriel,QB,CLE,63.0,29.0,8.0,51.0,36.4,40.0,70.0,18.5,34.5,2.5,MIA,8.313333333333334,29.333333333333332,0.020833333333333332,6.0,23.453333333333333,5.84
2025,7,00-0040705,Chimere Dike,WR,TEN,25.0,8.0,9.0,0.0,40.0,33.0,54.0,17.0,40.5,-6.5,NE,2.033333333333333,3.0,0.09297532826944592,0.0,32.583333333333336,16.9
2025,7,00-0040715,Cam Skattebo,RB,NYG,83.0,73.0,65.0,100.0,79.1,28.0,24.0,16.0,39.5,-7.5,DEN,19.466666666666665,23.333333333333332,0.6520230727127279,5.0,17.533333333333335,18.4
2025,7,00-0040719,Bhayshul Tuten,RB,JAC,18.0,13.0,19.0,25.0,84.5,52.0,20.0,20.75,44.5,-3.0,LA,3.366666666666667,5.0,0.18509271430324062,1.0,16.366666666666664,2.2
2025,7,00-0040727,Tre Harris,WR,LAC,19.0,8.0,6.0,17.0,31.2,76.0,68.0,25.5,48.5,2.5,IND,2.2333333333333334,2.3333333333333335,0.06027606553922343,0.3333333333333333,37.75,4.3
2025,7,00-0040729,Jack Bech,WR,LV,17.0,7.0,6.0,17.0,31.2,25.0,43.0,15.5,44.5,-13.5,KC,1.9000000000000001,2.0,0.06144781144781145,0.3333333333333333,28.566666666666666,3.3
2025,7,00-0040730,RJ Harvey,RB,DEN,38.0,40.0,32.0,25.0,49.3,66.0,43.0,23.5,39.5,7.5,NYG,10.766666666666666,10.666666666666666,0.31915420915420917,1.0,22.400000000000002,7.2
2025,7,00-0040734,TreVeyon Henderson,RB,NE,35.0,27.0,37.0,25.0,76.8,66.0,65.0,23.5,40.5,6.5,TEN,7.3,9.666666666666666,0.3708508043389938,1.0,28.083333333333332,0.5
2025,7,00-0040735,Luther Burden III,WR,CHI,28.0,39.0,11.0,33.0,58.5,68.0,55.0,24.0,43.5,4.5,NO,10.166666666666666,3.3333333333333335,0.11170406860062032,0.6666666666666666,33.0,3.1
2025,7,00-0040736,Mason Taylor,TE,NYJ,69.0,50.0,20.0,50.0,47.1,50.0,76.0,20.5,39.5,1.5,CAR,9.466666666666667,6.666666666666667,0.20388007054673718,1.0,17.566666666666666,6.1
2025,7,00-0040737,Terrance Ferguson,TE,LA,10.0,8.0,3.0,0.0,55.2,67.0,55.0,23.75,44.5,3.0,JAC,1.55,1.0,0.03260869565217391,0.0,12.783333333333333,10.1
2025,7,00-0040739,Elijah Arroyo,TE,SEA,24.0,18.0,9.0,17.0,48.4,59.0,39.0,22.25,41.5,3.0,HOU,3.3333333333333335,2.3333333333333335,0.09313725490196079,0.3333333333333333,9.1,8.2
2025,7,00-0040784,Quinshon Judkins,RB,CLE,75.0,49.0,80.0,92.0,70.4,40.0,57.0,18.5,34.5,2.5,MIA,12.966666666666669,21.0,0.8007216775599129,3.6666666666666665,25.933333333333334,26.4
2025,8,00-0023459,Aaron Rodgers,QB,PIT,68.0,66.0,26.0,58.0,84.0,53.0,45.0,21.75,46.5,-3.0,GB,18.953333333333333,30.333333333333332,0.06428571428571428,6.0,17.626666666666665,16.76
2025,8,00-0026158,Joe Flacco,QB,CIN,100.0,58.0,44.0,94.0,77.4,66.0,47.0,24.5,43.5,5.5,NYJ,16.666666666666664,44.666666666666664,0.10950080515297907,9.666666666666666,18.03142857142857,24.32
2025,8,00-0027973,Andy Dalton,QB,CAR,12.0,10.0,12.0,6.0,40.2,46.0,41.0,20.25,47.5,-7.0,BUF,2.8066666666666666,5.333333333333333,0.029629629629629627,0.6666666666666666,16.529999999999998,7.1
2025,8,00-0029604,Kirk Cousins,QB,ATL,16.0,4.0,0.0,0.0,56.8,72.0,59.0,25.75,44.5,7.0,MIA,1.16,7.0,0.0,0.0,20.937142857142856,7.12
2025,8,00-0030035,Adam Thielen,WR,MIN,13.0,6.0,6.0,17.0,67.8,50.0,34.0,21.25,45.5,-3.0,LAC,1.7,2.0,0.060744810744810744,0.3333333333333333,27.702857142857145,0.0
2025,8,00-0030061,Zach Ertz,TE,WSH,61.0,50.0,17.0,33.0,46.6,40.0,32.0,19.0,48.5,-10.5,KC,9.666666666666666,4.666666666666667,0.17309490416082282,0.6666666666666666,7.771428571428571,5.6
2025,8,00-0030279,Keenan Allen,WR,LAC,65.0,50.0,24.0,100.0,65.5,65.0,31.0,24.25,45.5,3.0,MIN,15.466666666666669,10.0,0.24157326185834957,2.0,26.916666666666668,8.4
2025,8,00-0030506,Travis Kelce,TE,KC,78.0,71.0,18.0,50.0,69.7,90.0,50.0,29.5,48.5,10.5,WSH,13.766666666666667,6.0,0.17941176470588238,1.0,13.242857142857142,21.9
2025,8,00-0030564,DeAndre Hopkins,WR,BAL,15.0,11.0,9.0,0.0,47.4,64.0,55.0,24.0,45.5,2.5,CHI,3.533333333333333,2.3333333333333335,0.08611111111111112,0.0,33.65,2.4
2025,8,00-0031236,Brandin Cooks,WR,NO,7.0,6.0,3.0,0.0,83.1,49.0,46.0,21.0,46.5,-4.5,TB,1.9666666666666668,1.0,0.03432588916459884,0.0,31.02857142857143,5.2
2025,8,00-0031588,Stefon Diggs,WR,NE,48.0,48.0,28.0,50.0,57.2,62.0,42.0,23.75,40.5,7.0,CLE,14.766666666666666,7.333333333333333,0.28174603174603174,1.0,29.900000000000002,10.4
2025,8,00-0032104,Ameer Abdullah,RB,IND,8.0,14.0,9.0,17.0,73.2,100.0,64.0,31.5,47.5,15.5,TEN,4.3,2.3333333333333335,0.08952563070316694,0.6666666666666666,26.8,1.8
2025,8,00-0032268,Marcus Mariota,QB,WSH,51.0,51.0,47.0,29.0,65.2,40.0,41.0,19.0,48.5,-10.5,KC,14.813333333333334,22.666666666666668,0.11661255411255411,3.0,16.54,15.32
2025,8,00-0032385,Sterling Shepard,WR,TB,35.0,31.0,16.0,50.0,80.9,71.0,46.0,25.5,46.5,4.5,NO,9.5,5.333333333333333,0.15611714975845412,1.0,31.04285714285714,1.8
2025,8,00-0032392,Austin Hooper,TE,NE,17.0,24.0,6.0,17.0,59.0,62.0,45.0,23.75,40.5,7.0,CLE,4.666666666666667,1.3333333333333333,0.06127450980392157,0.3333333333333333,11.671428571428573,5.8
2025,8,00-0032764,Derrick Henry,RB,BAL,60.0,34.0,71.0,83.0,75.8,64.0,54.0,24.0,45.5,2.5,CHI,10.366666666666667,17.666666666666668,0.707070189384431,3.3333333333333335,24.066666666666666,19.1
2025,8,00-0032775,Demarcus Robinson,WR,SF,24.0,14.0,10.0,17.0,44.2,42.0,32.0,19.5,41.5,-2.5,HOU,4.433333333333334,3.6666666666666665,0.09595959595959595,0.3333333333333333,27.0,2.5
2025,8,00-0032950,Carson Wentz,QB,MIN,98.0,62.0,54.0,100.0,87.7,50.0,42.0,21.25,45.5,-3.0,LAC,17.753333333333334,43.666666666666664,0.13478260869565217,10.333333333333334,16.965714285714288,9.76
2025,8,00-0033077,Dak Prescott,QB,DAL,80.0,85.0,68.0,71.0,94.1,64.0,34.0,24.0,51.5,-3.5,DEN,24.626666666666665,35.666666666666664,0.1693109302734032,7.333333333333333,14.877142857142857,10.62
2025,8,00-0033090,Hunter Henry,TE,NE,52.0,34.0,16.0,17.0,85.2,62.0,45.0,23.75,40.5,7.0,CLE,6.533333333333334,4.0,0.15873015873015875,0.3333333333333333,11.671428571428573,7.7
2025,8,00-0033280,Christian McCaffrey,RB,SF,100.0,100.0,96.0,100.0,87.0,42.0,39.0,19.5,41.5,-2.5,HOU,30.366666666666664,29.333333333333332,0.9607367534999115,4.666666666666667,20.21666666666667,9.8
2025,8,00-0033282,Curtis Samuel,WR,BUF,13.0,20.0,8.0,25.0,71.8,79.0,22.0,27.25,47.5,7.0,CAR,6.25,2.0,0.0787878787878788,0.5,24.285714285714285,0.0
2025,8,00-0033288,George Kittle,TE,SF,39.0,32.0,11.0,25.0,58.1,42.0,37.0,19.5,41.5,-2.5,HOU,6.25,3.0,0.10795454545454546,0.5,9.266666666666667,14.3
2025,8,00-0033293,Aaron Jones,RB,MIN,29.0,30.0,38.0,0.0,63.0,50.0,49.0,21.25,45.5,-3.0,LAC,9.0,8.5,0.3842346250240987,0.0,22.87142857142857,5.0
2025,8,00-0033307,Kendrick Bourne,WR,SF,48.0,51.0,20.0,33.0,55.8,42.0,32.0,19.5,41.5,-2.5,HOU,15.6,7.333333333333333,0.196969696969697,0.6666666666666666,27.0,7.4
2025,8,00-0033357,Taysom Hill,TE,NO,48.0,16.0,14.0,0.0,42.0,49.0,51.0,21.0,46.5,-4.5,TB,3.186666666666666,3.6666666666666665,0.1418804829084509,0.0,13.542857142857144,2.2
2025,8,00-0033526,Samaje Perine,RB,CIN,25.0,14.0,35.0,8.0,83.4,66.0,38.0,24.5,43.5,5.5,NYJ,4.4,7.333333333333333,0.35144927536231885,0.3333333333333333,20.157142857142855,17.0
2025,8,00-0033555,Mack Hollins,WR,NE,15.0,21.0,10.0,17.0,74.4,62.0,42.0,23.75,40.5,7.0,CLE,6.5,2.3333333333333335,0.09831154684095861,0.3333333333333333,29.900000000000002,15.9
2025,8,00-0033572,Jamal Agnew,WR,ATL,0.0,0.0,0.0,0.0,56.8,72.0,34.0,25.75,44.5,7.0,MIA,0.0,0.0,0.0,0.0,27.657142857142855,0.0
2025,8,00-0033854,Dare Ogunbowale,RB,HOU,1.0,0.0,1.0,0.0,47.8,54.0,48.0,22.0,41.5,2.5,SF,0.0,0.3333333333333333,0.007246376811594203,0.0,22.657142857142855,2.7
2025,8,00-0033857,JuJu Smith-Schuster,WR,KC,20.0,20.0,9.0,33.0,85.0,90.0,58.0,29.5,48.5,10.5,WSH,6.3,3.0,0.09012605042016807,0.6666666666666666,34.51428571428571,4.9
2025,8,00-0033858,Jonnu Smith,TE,PIT,61.0,35.0,17.0,33.0,68.2,53.0,71.0,21.75,46.5,-3.0,GB,6.733333333333334,4.666666666666667,0.16747835497835495,0.6666666666666666,19.583333333333332,3.7
2025,8,00-0033869,Mitchell Trubisky,QB,BUF,11.0,3.0,28.0,0.0,56.8,79.0,41.0,27.25,47.5,7.0,CAR,0.98,5.0,0.06976744186046512,0.0,16.534285714285712,0.88
2025,8,00-0033873,Patrick Mahomes,QB,KC,94.0,100.0,95.0,94.0,92.8,90.0,55.0,29.5,48.5,10.5,WSH,28.813333333333333,42.0,0.2383719448479751,9.666666666666666,19.98857142857143,26.96
2025,8,00-0033881,Evan Engram,TE,DEN,91.0,56.0,20.0,17.0,86.5,81.0,49.0,27.5,51.5,3.5,DAL,10.800000000000002,7.0,0.20254955446444808,0.3333333333333333,13.12857142857143,7.6
2025,8,00-0033885,David Njoku,TE,CLE,78.0,48.0,16.0,100.0,50.6,29.0,61.0,16.75,40.5,-7.0,NE,9.200000000000001,6.0,0.16237745098039216,2.0,16.6,13.7
2025,8,00-0033906,Alvin Kamara,RB,NO,49.0,31.0,61.0,50.0,81.2,49.0,57.0,21.0,46.5,-4.5,TB,9.333333333333334,14.333333333333334,0.6103794572815281,2.0,25.014285714285712,6.5
2025,8,00-0033923,Kareem Hunt,RB,KC,22.0,27.0,23.0,42.0,54.5,90.0,45.0,29.5,48.5,10.5,WSH,8.299999999999999,6.333333333333333,0.22778454374333265,1.6666666666666667,21.82857142857143,17.2
2025,8,00-0033955,Jeremy McNichols,RB,WSH,16.0,17.0,17.0,8.0,74.2,40.0,32.0,19.0,48.5,-10.5,KC,5.266666666666667,4.666666666666667,0.17401878937643314,0.3333333333333333,18.6,11.8
2025,8,00-0034348,Courtland Sutton,WR,DEN,50.0,38.0,20.0,67.0,60.1,81.0,76.0,27.5,51.5,3.5,DAL,11.766666666666666,7.666666666666667,0.2019761168697339,1.3333333333333333,39.785714285714285,10.7
2025,8,00-0034351,Dallas Goedert,TE,PHI,100.0,72.0,24.0,50.0,56.5,70.0,48.0,25.25,43.5,7.0,NYG,13.9,7.666666666666667,0.23914267528397967,1.0,12.780000000000001,17.8
2025,8,00-0034367,Nyheim Hines,RB,LAC,0.0,0.0,0.0,0.0,56.8,65.0,37.0,24.25,45.5,3.0,MIN,0.0,0.0,0.0,0.0,19.916666666666668,-0.2
2025,8,00-0034383,Dalton Schultz,TE,HOU,96.0,65.0,21.0,50.0,77.8,54.0,49.0,22.0,41.5,2.5,SF,12.6,7.333333333333333,0.20840846857677153,1.0,13.028571428571428,4.4
2025,8,00-0034419,Braxton Berrios,WR,HOU,20.0,3.0,7.0,50.0,56.8,54.0,39.0,22.0,41.5,2.5,SF,0.9,3.0,0.06521739130434782,1.0,29.12857142857143,8.8
2025,8,00-0034521,Allen Lazard,WR,NYJ,13.0,7.0,6.0,17.0,62.9,40.0,42.0,19.0,43.5,-5.5,CIN,2.2333333333333334,2.0,0.06047675940149058,0.3333333333333333,29.97142857142857,1.5
2025,8,00-0034613,Tanner Hudson,TE,CIN,65.0,57.0,12.0,100.0,56.8,66.0,55.0,24.5,43.5,5.5,NYJ,11.0,5.0,0.125,2.0,14.685714285714285,1.9
2025,8,00-0034753,Mark Andrews,TE,BAL,87.0,36.0,23.0,0.0,70.8,64.0,54.0,24.0,45.5,2.5,CHI,6.933333333333334,6.666666666666667,0.2284159159159159,0.0,14.616666666666667,6.4
2025,8,00-0034791,Nick Chubb,RB,HOU,40.0,25.0,39.0,17.0,70.7,54.0,48.0,22.0,41.5,2.5,SF,7.466666666666666,11.666666666666666,0.38926119302325884,0.6666666666666666,22.657142857142855,8.9
2025,8,00-0034827,DJ Moore,WR,CHI,39.0,26.0,20.0,33.0,91.3,52.0,73.0,21.5,45.5,-2.5,BAL,8.066666666666666,6.0,0.20345891868880375,0.6666666666666666,39.0,11.6
2025,8,00-0034844,Saquon Barkley,RB,PHI,49.0,35.0,72.0,25.0,69.8,70.0,46.0,25.25,43.5,7.0,NYG,10.566666666666666,14.333333333333334,0.7154575276857885,1.0,22.071428571428573,33.4
2025,8,00-0034854,KhaDarel Hodge,WR,ATL,2.0,0.0,1.0,0.0,41.8,72.0,34.0,25.75,44.5,7.0,MIA,0.0,0.3333333333333333,0.007936507936507936,0.0,27.657142857142855,6.1
2025,8,00-0034855,Baker Mayfield,QB,TB,85.0,66.0,43.0,55.0,81.1,71.0,55.0,25.5,46.5,4.5,NO,19.14,38.0,0.10790598290598291,5.666666666666667,19.994285714285716,6.08
2025,8,00-0034857,Josh Allen,QB,BUF,75.0,81.0,100.0,42.0,89.9,79.0,41.0,27.25,47.5,7.0,CAR,23.226666666666663,33.666666666666664,0.25969827586206895,4.333333333333333,16.534285714285712,23.22
2025,8,00-0034975,Justice Hill,RB,BAL,27.0,44.0,29.0,8.0,48.8,64.0,54.0,24.0,45.5,2.5,CHI,13.433333333333332,8.0,0.29292144311494156,0.3333333333333333,24.066666666666666,0.2
2025,8,00-0034981,Foster Moreau,TE,NO,13.0,10.0,4.0,0.0,56.8,49.0,51.0,21.0,46.5,-4.5,TB,1.9,1.0,0.038461538461538464,0.0,13.542857142857144,0.0
2025,8,00-0035021,Ashton Dulin,WR,IND,15.0,11.0,8.0,0.0,31.2,100.0,56.0,31.5,47.5,15.5,TEN,3.4333333333333336,2.3333333333333335,0.0818452380952381,0.0,33.92857142857143,0.2
2025,8,00-0035208,Olamide Zaccheaus,WR,CHI,37.0,18.0,19.0,83.0,72.2,52.0,73.0,21.5,45.5,-2.5,BAL,5.599999999999999,5.666666666666667,0.18520008514261388,1.6666666666666667,39.0,10.3
2025,8,00-0035229,T.J. Hockenson,TE,MIN,87.0,48.0,18.0,67.0,82.7,50.0,43.0,21.25,45.5,-3.0,LAC,9.333333333333334,6.666666666666667,0.17542914601738133,1.3333333333333333,11.157142857142857,4.6
2025,8,00-0035250,Devin Singletary,RB,NYG,15.0,5.0,13.0,0.0,41.8,36.0,52.0,18.25,43.5,-7.0,PHI,1.5333333333333332,4.333333333333333,0.13253389330975537,0.0,23.62857142857143,3.8
2025,8,00-0035261,Tony Pollard,RB,TEN,47.0,39.0,69.0,25.0,79.5,25.0,28.0,16.0,47.5,-15.5,IND,11.866666666666667,13.666666666666666,0.6924682034976154,1.0,17.485714285714288,6.3
2025,8,00-0035359,David Sills,WR,ATL,13.0,6.0,5.0,0.0,56.8,72.0,34.0,25.75,44.5,7.0,MIA,1.9,2.0,0.04878048780487805,0.0,27.657142857142855,3.4
2025,8,00-0035535,Darius Slayton,WR,NYG,30.0,22.0,16.0,17.0,87.0,36.0,55.0,18.25,43.5,-7.0,PHI,6.833333333333333,4.666666666666667,0.1623931623931624,0.3333333333333333,33.82857142857143,4.6
2025,8,00-0035537,Ty Johnson,RB,BUF,7.0,4.0,7.0,8.0,52.1,79.0,37.0,27.25,47.5,7.0,CAR,1.2,2.0,0.07293508694370764,0.3333333333333333,19.714285714285715,0.6
2025,8,00-0035594,Travis Homer,RB,CHI,0.0,0.0,0.0,0.0,56.8,52.0,73.0,21.5,45.5,-2.5,BAL,0.0,0.0,0.0,0.0,29.099999999999998,0.0
2025,8,00-0035640,DK Metcalf,WR,PIT,41.0,55.0,23.0,33.0,70.8,53.0,50.0,21.75,46.5,-3.0,GB,17.033333333333335,6.333333333333333,0.23498376623376624,0.6666666666666666,32.18333333333333,16.5
2025,8,00-0035644,Noah Fant,TE,CIN,57.0,49.0,13.0,17.0,76.1,66.0,55.0,24.5,43.5,5.5,NYJ,9.566666666666668,4.333333333333333,0.12706552706552707,0.3333333333333333,14.685714285714285,7.1
2025,8,00-0035645,Gunner Olszewski,WR,NYG,0.0,0.0,0.0,0.0,56.8,36.0,55.0,18.25,43.5,-7.0,PHI,0.0,0.0,0.0,0.0,33.82857142857143,0.0
2025,8,00-0035659,Terry McLaurin,WR,WSH,37.0,27.0,20.0,17.0,71.6,40.0,29.0,19.0,48.5,-10.5,KC,8.3,5.666666666666667,0.19505108556832695,0.3333333333333333,26.142857142857142,14.4
2025,8,00-0035662,Marquise Brown,WR,KC,35.0,42.0,15.0,83.0,69.7,90.0,58.0,29.5,48.5,10.5,WSH,12.9,5.333333333333333,0.15350140056022407,1.6666666666666667,34.51428571428571,0.0
2025,8,00-0035689,Dawson Knox,TE,BUF,22.0,21.0,6.0,17.0,58.6,79.0,59.0,27.25,47.5,7.0,CAR,4.133333333333334,1.6666666666666667,0.06301476301476301,0.3333333333333333,15.928571428571429,2.5
2025,8,00-0035700,Josh Jacobs,RB,GB,72.0,91.0,69.0,100.0,83.1,67.0,39.0,24.75,46.5,3.0,PIT,27.5,21.0,0.6927921514878036,5.333333333333333,20.3,13.5
2025,8,00-0035710,Daniel Jones,QB,IND,78.0,71.0,59.0,81.0,88.1,100.0,42.0,31.5,47.5,15.5,TEN,20.46,34.666666666666664,0.14752549651100375,8.333333333333334,16.802857142857142,23.18
2025,8,00-0035719,Deebo Samuel Sr.,WR,WSH,57.0,53.0,37.0,50.0,67.7,40.0,29.0,19.0,48.5,-10.5,KC,16.366666666666667,8.666666666666666,0.36840530125943866,1.0,26.142857142857142,4.2
2025,8,00-0035993,Tyler Huntley,QB,BAL,40.0,23.0,32.0,39.0,56.8,64.0,63.0,24.0,45.5,2.5,CHI,6.62,18.0,0.08108108108108109,4.0,21.966666666666665,16.74
2025,8,00-0036040,Juwan Johnson,TE,NO,57.0,35.0,14.0,17.0,53.8,49.0,51.0,21.0,46.5,-4.5,TB,6.699999999999999,4.333333333333333,0.14392059553349876,0.3333333333333333,13.542857142857144,10.3
2025,8,00-0036139,Rico Dowdle,RB,CAR,92.0,84.0,81.0,58.0,73.1,46.0,65.0,20.25,47.5,-7.0,BUF,25.633333333333336,27.0,0.810401807236131,2.3333333333333335,26.88333333333333,5.4
2025,8,00-0036158,J.K. Dobbins,RB,DEN,58.0,31.0,65.0,58.0,74.8,81.0,62.0,27.5,51.5,3.5,DAL,9.466666666666667,17.0,0.6483783198676817,2.3333333333333335,26.142857142857142,14.1
2025,8,00-0036182,Nick Westbrook-Ikhine,WR,MIA,13.0,6.0,7.0,0.0,37.0,38.0,26.0,18.75,44.5,-7.0,ATL,1.8999999999999997,2.0,0.069272030651341,0.0,25.366666666666664,2.8
2025,8,00-0036187,Reggie Gilliam,RB,BUF,0.0,0.0,0.0,0.0,56.8,79.0,37.0,27.25,47.5,7.0,CAR,0.0,0.0,0.0,0.0,19.714285714285715,0.0
2025,8,00-0036212,Tua Tagovailoa,QB,MIA,72.0,46.0,34.0,52.0,73.9,38.0,31.0,18.75,44.5,-7.0,ATL,13.313333333333333,32.0,0.08593073593073593,5.333333333333333,14.293333333333331,24.2
2025,8,00-0036223,Jonathan Taylor,RB,IND,74.0,96.0,84.0,100.0,89.2,100.0,64.0,31.5,47.5,15.5,TEN,29.166666666666668,21.666666666666668,0.8379488727858293,6.666666666666667,26.8,37.4
2025,8,00-0036232,Harrison Bryant,TE,HOU,13.0,3.0,4.0,0.0,32.2,54.0,49.0,22.0,41.5,2.5,SF,0.5,1.0,0.035998129967274424,0.0,13.028571428571428,0.0
2025,8,00-0036252,Michael Pittman,WR,IND,39.0,41.0,19.0,100.0,61.9,100.0,56.0,31.5,47.5,15.5,TEN,12.566666666666668,6.0,0.19375,2.6666666666666665,33.92857142857143,23.5
2025,8,00-0036259,Jauan Jennings,WR,SF,30.0,14.0,17.0,50.0,59.0,42.0,32.0,19.5,41.5,-2.5,HOU,4.3999999999999995,4.666666666666667,0.17305407011289364,1.0,27.0,8.5
2025,8,00-0036264,Jordan Love,QB,GB,84.0,68.0,63.0,48.0,81.9,67.0,62.0,24.75,46.5,3.0,PIT,19.533333333333335,37.333333333333336,0.15724951377125293,5.0,21.76,26.3
2025,8,00-0036275,D'Andre Swift,RB,CHI,65.0,68.0,61.0,100.0,89.5,52.0,73.0,21.5,45.5,-2.5,BAL,20.766666666666666,19.0,0.6140316665029308,4.0,29.099999999999998,15.1
2025,8,00-0036309,Darnell Mooney,WR,ATL,37.0,22.0,15.0,0.0,48.6,72.0,34.0,25.75,44.5,7.0,MIA,6.900000000000001,5.666666666666667,0.14854770342575221,0.0,27.657142857142855,2.1
2025,8,00-0036322,Justin Jefferson,WR,MIN,70.0,59.0,28.0,67.0,88.1,50.0,34.0,21.25,45.5,-3.0,LAC,18.26666666666667,10.666666666666666,0.2806148100265747,1.3333333333333333,27.702857142857145,14.4
2025,8,00-0036331,Devin Duvernay,WR,CHI,0.0,0.0,0.0,0.0,56.8,52.0,73.0,21.5,45.5,-2.5,BAL,0.0,0.0,0.0,0.0,39.0,1.2
2025,8,00-0036355,Justin Herbert,QB,LAC,99.0,78.0,75.0,97.0,77.8,65.0,36.0,24.25,45.5,3.0,MIN,22.433333333333337,44.333333333333336,0.18771604938271605,10.0,15.39,27.28
2025,8,00-0036358,CeeDee Lamb,WR,DAL,70.0,65.0,29.0,17.0,85.5,64.0,20.0,24.0,51.5,-3.5,DEN,20.066666666666666,10.666666666666666,0.2907148407148407,0.3333333333333333,23.685714285714287,14.6
2025,8,00-0036389,Jalen Hurts,QB,PHI,80.0,77.0,94.0,48.0,89.6,70.0,59.0,25.25,43.5,7.0,NYG,22.05333333333333,35.666666666666664,0.2352437417654809,5.0,20.945714285714285,25.36
2025,8,00-0036407,Jerry Jeudy,WR,CLE,48.0,18.0,21.0,83.0,61.8,29.0,52.0,16.75,40.5,-7.0,NE,5.5,7.333333333333333,0.2111247276688453,1.6666666666666667,32.74285714285714,0.0
2025,8,00-0036410,Tee Higgins,WR,CIN,54.0,48.0,20.0,67.0,81.2,66.0,43.0,24.5,43.5,5.5,NYJ,14.666666666666666,8.333333333333334,0.19907407407407407,1.3333333333333333,30.157142857142855,11.4
2025,8,00-0036415,Van Jefferson,WR,TEN,24.0,23.0,11.0,17.0,52.5,25.0,80.0,16.0,47.5,-15.5,IND,7.066666666666667,3.6666666666666665,0.11498294970161978,0.3333333333333333,40.91428571428571,1.6
2025,8,00-0036422,Adam Trautman,TE,DEN,17.0,13.0,3.0,0.0,31.2,81.0,49.0,27.5,51.5,3.5,DAL,2.4333333333333336,1.3333333333333333,0.03306878306878307,0.0,13.12857142857143,0.0
2025,8,00-0036427,Tyler Johnson,WR,NYJ,15.0,15.0,8.0,17.0,57.0,40.0,42.0,19.0,43.5,-5.5,CIN,4.733333333333333,2.3333333333333335,0.08305171530977982,0.3333333333333333,29.97142857142857,15.4
2025,8,00-0036550,Rashod Bateman,WR,BAL,13.0,6.0,8.0,0.0,47.0,64.0,55.0,24.0,45.5,2.5,CHI,1.7333333333333334,2.0,0.08263888888888889,0.0,33.65,7.1
2025,8,00-0036555,Chuba Hubbard,RB,CAR,57.0,30.0,54.0,25.0,85.8,46.0,65.0,20.25,47.5,-7.0,BUF,9.0,16.666666666666668,0.5427408687489332,1.0,26.88333333333333,9.4
2025,8,00-0036613,Jaylen Waddle,WR,MIA,46.0,45.0,23.0,33.0,62.5,38.0,26.0,18.75,44.5,-7.0,ATL,13.773333333333333,7.0,0.22730755834204108,0.6666666666666666,25.366666666666664,20.9
2025,8,00-0036620,Dee Eskridge,WR,MIA,7.0,7.0,3.0,0.0,31.2,38.0,26.0,18.75,44.5,-7.0,ATL,2.1666666666666665,1.0,0.03371647509578544,0.0,25.366666666666664,0.0
2025,8,00-0036628,John Bates,TE,WSH,20.0,9.0,5.0,25.0,81.3,40.0,32.0,19.0,48.5,-10.5,KC,1.7,1.5,0.05399719495091164,0.5,7.771428571428571,3.2
2025,8,00-0036630,Tylan Wallace,WR,BAL,7.0,3.0,3.0,17.0,31.2,64.0,55.0,24.0,45.5,2.5,CHI,0.7999999999999999,1.0,0.034126984126984124,0.3333333333333333,33.65,1.6
2025,8,00-0036637,Noah Gray,TE,KC,17.0,16.0,4.0,0.0,63.1,90.0,50.0,29.5,48.5,10.5,WSH,3.1333333333333333,1.3333333333333333,0.04313725490196079,0.0,13.242857142857142,4.3
2025,8,00-0036741,Jack Stoll,TE,NO,22.0,20.0,5.0,17.0,46.8,49.0,51.0,21.0,46.5,-4.5,TB,3.933333333333333,1.6666666666666667,0.048476265407815376,0.3333333333333333,13.542857142857144,0.0
2025,8,00-0036825,Feleipe Franks,TE,ATL,4.0,0.0,1.0,0.0,37.2,72.0,55.0,25.75,44.5,7.0,MIA,0.06666666666666667,0.3333333333333333,0.010416666666666666,0.0,14.9,0.0
2025,8,00-0036862,Ben Skowronek,WR,PIT,2.0,0.0,2.0,17.0,41.8,53.0,50.0,21.75,46.5,-3.0,GB,0.0,0.3333333333333333,0.015151515151515152,0.3333333333333333,32.18333333333333,2.3
2025,8,00-0036875,Rhamondre Stevenson,RB,NE,49.0,39.0,48.0,75.0,65.4,62.0,24.0,23.75,40.5,7.0,CLE,11.766666666666666,14.333333333333334,0.47798840944002235,3.0,16.36857142857143,5.9
2025,8,00-0036887,Luke Farrell,TE,SF,13.0,7.0,3.0,0.0,36.2,42.0,37.0,19.5,41.5,-2.5,HOU,1.3,1.0,0.030303030303030304,0.0,9.266666666666667,0.0
2025,8,00-0036894,Pat Freiermuth,TE,PIT,43.0,55.0,12.0,33.0,42.0,53.0,71.0,21.75,46.5,-3.0,GB,10.600000000000001,3.3333333333333335,0.11985930735930735,0.6666666666666666,19.583333333333332,4.3
2025,8,00-0036900,Ja'Marr Chase,WR,CIN,100.0,100.0,37.0,100.0,75.8,66.0,43.0,24.5,43.5,5.5,NYJ,30.733333333333334,15.333333333333334,0.37453703703703706,2.0,30.157142857142855,21.1
2025,8,00-0036912,DeVonta Smith,WR,PHI,57.0,67.0,30.0,33.0,64.3,70.0,74.0,25.25,43.5,7.0,NYG,20.53333333333333,8.666666666666666,0.3015937132784959,0.6666666666666666,39.228571428571435,14.4
2025,8,00-0036919,Kenny Gainwell,RB,PIT,48.0,49.0,53.0,50.0,39.9,53.0,26.0,21.75,46.5,-3.0,GB,14.833333333333334,14.0,0.5307900432900433,2.0,17.05,5.5
2025,8,00-0036945,Justin Fields,QB,NYJ,69.0,36.0,99.0,48.0,49.4,40.0,61.0,19.0,43.5,-5.5,CIN,10.286666666666667,31.0,0.24799608993157377,5.0,21.32857142857143,16.86
2025,8,00-0036970,Kyle Pitts,TE,ATL,83.0,62.0,20.0,50.0,65.0,72.0,55.0,25.75,44.5,7.0,MIA,12.0,6.333333333333333,0.19970590938332874,1.0,14.9,14.9
2025,8,00-0036972,Mac Jones,QB,SF,96.0,52.0,65.0,32.0,77.8,42.0,20.0,19.5,41.5,-2.5,HOU,14.846666666666666,42.666666666666664,0.16128389154704945,3.3333333333333335,11.59666666666667,18.02
2025,8,00-0036980,Elijah Moore,WR,BUF,15.0,7.0,9.0,0.0,40.5,79.0,22.0,27.25,47.5,7.0,CAR,2.033333333333333,2.3333333333333335,0.08544040835707502,0.0,24.285714285714285,2.4
2025,8,00-0036997,Javonte Williams,RB,DAL,70.0,59.0,76.0,92.0,79.8,64.0,35.0,24.0,51.5,-3.5,DEN,18.033333333333335,20.666666666666668,0.7629646374874129,3.6666666666666665,19.2,17.9
2025,8,00-0037005,Tommy Tremble,TE,CAR,30.0,18.0,10.0,0.0,41.8,46.0,24.0,20.25,47.5,-7.0,BUF,3.533333333333333,2.3333333333333335,0.09893610968879785,0.0,5.55,1.4
2025,8,00-0037013,Zach Wilson,QB,MIA,20.0,5.0,33.0,0.0,56.8,38.0,31.0,18.75,44.5,-7.0,ATL,1.58,9.0,0.08333333333333333,0.0,14.293333333333331,0.0
2025,8,00-0037085,Tyler Badie,RB,DEN,7.0,9.0,5.0,0.0,80.2,81.0,62.0,27.5,51.5,3.5,DAL,2.8666666666666667,2.0,0.04857593155465496,0.0,26.142857142857142,0.6
2025,8,00-0037091,Bo Melton,WR,GB,2.0,0.0,1.0,0.0,37.2,67.0,73.0,24.75,46.5,3.0,PIT,0.09999999999999999,0.3333333333333333,0.010101010101010102,0.0,38.96666666666667,0.0
2025,8,00-0037112,Jake Tonges,TE,SF,100.0,75.0,20.0,33.0,79.9,42.0,37.0,19.5,41.5,-2.5,HOU,14.566666666666668,7.666666666666667,0.19716775599128541,0.6666666666666666,9.266666666666667,7.2
2025,8,00-0037120,Tyler Goodson,RB,IND,5.0,3.0,5.0,0.0,64.6,100.0,64.0,31.5,47.5,15.5,TEN,0.8,1.5,0.05133928571428571,0.0,26.8,0.2
2025,8,00-0037197,Isiah Pacheco,RB,KC,48.0,30.0,45.0,50.0,80.6,90.0,45.0,29.5,48.5,10.5,WSH,9.033333333333333,14.0,0.4462649889071004,2.0,21.82857142857143,5.8
2025,8,00-0037228,Jaylen Warren,RB,PIT,66.0,45.0,80.0,67.0,74.8,53.0,26.0,21.75,46.5,-3.0,GB,13.733333333333334,19.333333333333332,0.7951902264402264,2.6666666666666665,17.05,9.3
2025,8,00-0037239,Chris Olave,WR,NO,61.0,60.0,32.0,67.0,78.4,49.0,46.0,21.0,46.5,-4.5,TB,18.5,9.333333333333334,0.3217535153019024,1.3333333333333333,31.02857142857143,14.0
2025,8,00-0037247,George Pickens,WR,DAL,46.0,63.0,22.0,33.0,63.8,64.0,20.0,24.0,51.5,-3.5,DEN,19.233333333333334,7.0,0.22212885154061626,0.6666666666666666,23.685714285714287,14.8
2025,8,00-0037248,James Cook,RB,BUF,67.0,40.0,71.0,75.0,67.7,79.0,37.0,27.25,47.5,7.0,CAR,12.033333333333333,19.666666666666668,0.7094087425983977,3.0,19.714285714285715,33.6
2025,8,00-0037256,Rachaad White,RB,TB,61.0,54.0,82.0,67.0,80.6,71.0,51.0,25.5,46.5,4.5,NO,16.366666666666667,18.0,0.815315867707172,2.6666666666666665,23.285714285714285,8.1
2025,8,00-0037258,Dameon Pierce,RB,HOU,19.0,4.0,18.0,12.0,63.2,54.0,48.0,22.0,41.5,2.5,SF,1.3,5.5,0.18013468013468015,0.5,22.657142857142855,0.0
2025,8,00-0037261,Khalil Shakir,WR,BUF,43.0,38.0,25.0,50.0,70.6,79.0,22.0,27.25,47.5,7.0,CAR,11.733333333333334,6.666666666666667,0.2513543927337031,1.0,24.285714285714285,20.8
2025,8,00-0037263,Tyler Allgeier,RB,ATL,35.0,26.0,33.0,58.0,59.2,72.0,64.0,25.75,44.5,7.0,MIA,7.833333333333333,10.333333333333334,0.32573016564952045,2.3333333333333335,26.814285714285713,9.4
2025,8,00-0037267,Jerome Ford,RB,CLE,20.0,18.0,20.0,17.0,65.1,29.0,28.0,16.75,40.5,-7.0,NE,5.6000000000000005,6.0,0.1984860863537334,0.6666666666666666,17.585714285714285,0.9
2025,8,00-0037291,Jalen Nailor,WR,MIN,28.0,22.0,12.0,100.0,90.3,50.0,34.0,21.25,45.5,-3.0,LAC,6.7,4.333333333333333,0.11964250583176413,2.0,27.702857142857145,0.0
2025,8,00-0037292,Andrew Ogletree,TE,IND,0.0,0.0,0.0,0.0,56.8,100.0,46.0,31.5,47.5,15.5,TEN,0.0,0.0,0.0,0.0,12.057142857142855,0.0
2025,8,00-0037306,John FitzPatrick,TE,GB,13.0,19.0,4.0,17.0,31.2,67.0,62.0,24.75,46.5,3.0,PIT,3.5999999999999996,1.0,0.03857142857142857,0.3333333333333333,16.75,1.4
2025,8,00-0037348,Tanner Conner,TE,MIA,26.0,16.0,7.0,0.0,68.6,38.0,20.0,18.75,44.5,-7.0,ATL,3.0666666666666664,2.0,0.06502960640891675,0.0,4.316666666666666,2.6
2025,8,00-0037525,Jordan Mason,RB,MIN,58.0,40.0,74.0,58.0,88.2,50.0,49.0,21.25,45.5,-3.0,LAC,12.166666666666666,17.0,0.7354889781999757,2.3333333333333335,22.87142857142857,1.6
2025,8,00-0037545,Rashid Shaheed,WR,NO,43.0,39.0,23.0,17.0,67.9,49.0,46.0,21.0,46.5,-4.5,TB,12.066666666666668,6.666666666666667,0.22746071133167908,0.3333333333333333,31.02857142857143,16.5
2025,8,00-0037563,Malik Davis,RB,DAL,0.0,0.0,0.0,0.0,56.8,64.0,35.0,24.0,51.5,-3.5,DEN,0.0,0.0,0.0,0.0,19.2,0.3
2025,8,00-0037594,Julius Chestnut,RB,TEN,2.0,0.0,2.0,0.0,31.2,25.0,28.0,16.0,47.5,-15.5,IND,0.09999999999999999,0.6666666666666666,0.022897897897897895,0.0,17.485714285714288,0.5
2025,8,00-0037664,Alec Pierce,WR,IND,41.0,35.0,22.0,0.0,69.7,100.0,56.0,31.5,47.5,15.5,TEN,10.766666666666666,6.333333333333333,0.21527777777777776,0.0,33.92857142857143,8.9
2025,8,00-0037666,Jalen Tolbert,WR,DAL,9.0,5.0,4.0,0.0,55.5,64.0,20.0,24.0,51.5,-3.5,DEN,1.4666666666666668,1.3333333333333333,0.04393090569561157,0.0,23.685714285714287,12.7
2025,8,00-0037741,Jahan Dotson,WR,PHI,11.0,7.0,5.0,17.0,37.1,70.0,74.0,25.25,43.5,7.0,NYG,2.033333333333333,1.6666666666666667,0.047860360360360364,0.3333333333333333,39.228571428571435,11.0
2025,8,00-0037746,Brian Robinson,RB,SF,19.0,9.0,16.0,0.0,56.7,42.0,39.0,19.5,41.5,-2.5,HOU,2.8666666666666667,5.666666666666667,0.15880847953216373,0.0,20.21666666666667,0.0
2025,8,00-0037801,KaVontae Turpin,WR,DAL,22.0,19.0,10.0,17.0,60.6,64.0,20.0,24.0,51.5,-3.5,DEN,5.966666666666668,3.3333333333333335,0.09841328262380894,0.3333333333333333,23.685714285714287,0.8
2025,8,00-0037805,Jeremy Ruckert,TE,NYJ,22.0,12.0,4.0,0.0,31.2,40.0,80.0,19.0,43.5,-5.5,CIN,2.2666666666666666,1.6666666666666667,0.04249871991807475,0.0,22.271428571428572,3.4
2025,8,00-0037809,Chig Okonkwo,TE,TEN,57.0,33.0,12.0,17.0,54.8,25.0,59.0,16.0,47.5,-15.5,IND,6.466666666666666,4.333333333333333,0.12470190779014308,0.3333333333333333,16.04285714285714,9.3
2025,8,00-0037816,Romeo Doubs,WR,GB,54.0,58.0,28.0,67.0,77.0,67.0,73.0,24.75,46.5,3.0,PIT,17.833333333333332,8.333333333333334,0.28469678469678467,1.3333333333333333,38.96666666666667,7.4
2025,8,00-0037837,Calvin Austin III,WR,PIT,24.0,20.0,15.0,17.0,57.6,53.0,50.0,21.75,46.5,-3.0,GB,6.3,3.6666666666666665,0.1505050505050505,0.3333333333333333,32.18333333333333,6.8
2025,8,00-0037838,Isaiah Likely,TE,BAL,20.0,12.0,6.0,0.0,84.3,64.0,54.0,24.0,45.5,2.5,CHI,2.4000000000000004,1.5,0.05625,0.0,14.616666666666667,2.8
2025,8,00-0038041,Jake Ferguson,TE,DAL,83.0,100.0,21.0,100.0,69.5,64.0,45.0,24.0,51.5,-3.5,DEN,19.366666666666667,6.333333333333333,0.2143323996265173,2.6666666666666665,11.700000000000001,0.0
2025,8,00-0038046,Charlie Kolar,TE,BAL,22.0,11.0,6.0,0.0,44.0,64.0,54.0,24.0,45.5,2.5,CHI,2.066666666666667,1.6666666666666667,0.06279761904761905,0.0,14.616666666666667,8.0
2025,8,00-0038090,Skyy Moore,WR,SF,4.0,3.0,3.0,0.0,34.0,42.0,32.0,19.5,41.5,-2.5,HOU,0.8666666666666667,0.6666666666666666,0.02556818181818182,0.0,27.0,0.0
2025,8,00-0038115,Daniel Bellinger,TE,NYG,39.0,50.0,9.0,33.0,55.8,36.0,32.0,18.25,43.5,-7.0,PHI,9.766666666666667,3.0,0.09125874125874127,0.6666666666666666,8.0,3.1
2025,8,00-0038117,Wan'Dale Robinson,WR,NYG,59.0,48.0,28.0,50.0,74.5,36.0,55.0,18.25,43.5,-7.0,PHI,14.699999999999998,9.0,0.282279023658334,1.0,33.82857142857143,7.8
2025,8,00-0038120,Breece Hall,RB,NYJ,62.0,36.0,70.0,17.0,72.2,40.0,80.0,19.0,43.5,-5.5,CIN,10.866666666666667,18.333333333333332,0.7039542894381604,0.6666666666666666,30.802857142857142,32.86
2025,8,00-0038129,Cade Otton,TE,TB,87.0,61.0,20.0,17.0,83.2,71.0,51.0,25.5,46.5,4.5,NO,11.9,6.666666666666667,0.19903985507246377,0.3333333333333333,13.642857142857142,8.0
2025,8,00-0038440,Zavier Scott,RB,MIN,23.0,22.0,24.0,17.0,54.8,50.0,49.0,21.25,45.5,-3.0,LAC,6.599999999999999,6.666666666666667,0.235807187981101,0.6666666666666666,22.87142857142857,4.4
2025,8,00-0038454,Keaton Mitchell,RB,BAL,7.0,4.0,10.0,12.0,31.2,64.0,54.0,24.0,45.5,2.5,CHI,1.15,2.0,0.10394736842105262,0.5,24.066666666666666,4.3
2025,8,00-0038465,Malik Heath,WR,GB,2.0,2.0,1.0,0.0,31.2,67.0,73.0,24.75,46.5,3.0,PIT,0.6333333333333333,0.3333333333333333,0.009259259259259259,0.0,38.96666666666667,5.9
2025,8,00-0038496,Xavier Gipson,WR,PHI,0.0,0.0,0.0,0.0,56.8,70.0,74.0,25.25,43.5,7.0,NYG,0.0,0.0,0.0,0.0,39.228571428571435,1.3
2025,8,00-0038519,Nikko Remigio,WR,KC,0.0,0.0,0.0,0.0,56.8,90.0,58.0,29.5,48.5,10.5,WSH,0.0,0.0,0.0,0.0,34.51428571428571,0.0
2025,8,00-0038542,Bijan Robinson,RB,ATL,81.0,93.0,81.0,50.0,85.5,72.0,64.0,25.75,44.5,7.0,MIA,28.366666666666664,23.666666666666668,0.8086012967061355,2.0,26.814285714285713,7.8
2025,8,00-0038547,Luke Schoonmaker,TE,DAL,26.0,10.0,6.0,17.0,85.5,64.0,45.0,24.0,51.5,-3.5,DEN,1.9666666666666668,2.0,0.06096122659590151,0.3333333333333333,11.700000000000001,4.5
2025,8,00-0038555,Tank Bigsby,RB,PHI,2.0,2.0,3.0,0.0,31.2,70.0,46.0,25.25,43.5,7.0,NYG,0.6666666666666666,0.6666666666666666,0.028985507246376812,0.0,22.071428571428573,10.4
2025,8,00-0038564,Cameron Latu,TE,PHI,0.0,0.0,0.0,0.0,56.8,70.0,48.0,25.25,43.5,7.0,NYG,0.0,0.0,0.0,0.0,12.780000000000001,0.0
2025,8,00-0038573,Derius Davis,WR,LAC,2.0,0.0,1.0,0.0,37.2,65.0,31.0,24.25,45.5,3.0,MIN,0.06666666666666667,0.3333333333333333,0.011904761904761904,0.0,26.916666666666668,0.0
2025,8,00-0038576,Charlie Jones,WR,CIN,0.0,0.0,0.0,0.0,56.8,66.0,43.0,24.5,43.5,5.5,NYJ,0.0,0.0,0.0,0.0,30.157142857142855,0.0
2025,8,00-0038597,Chase Brown,RB,CIN,48.0,34.0,63.0,33.0,85.3,66.0,38.0,24.5,43.5,5.5,NYJ,10.233333333333333,14.0,0.6265499194847021,1.3333333333333333,20.157142857142855,25.5
2025,8,00-0038608,Kayshon Boutte,WR,NE,22.0,51.0,13.0,0.0,62.5,62.0,42.0,23.75,40.5,7.0,CLE,15.699999999999998,3.3333333333333335,0.13293650793650794,0.0,29.900000000000002,16.5
2025,8,00-0038611,Chris Rodriguez Jr.,RB,WSH,17.0,15.0,20.0,58.0,59.2,40.0,32.0,19.0,48.5,-10.5,KC,4.6000000000000005,5.0,0.2012987012987013,2.3333333333333335,18.6,0.2
2025,8,00-0038618,Xavier Hutchinson,WR,HOU,22.0,25.0,10.0,67.0,65.2,54.0,39.0,22.0,41.5,2.5,SF,7.6000000000000005,3.3333333333333335,0.09695785747679155,1.3333333333333333,29.12857142857143,17.9
2025,8,00-0038619,Andrei Iosivas,WR,CIN,33.0,25.0,12.0,50.0,62.4,66.0,43.0,24.5,43.5,5.5,NYJ,7.533333333333334,5.0,0.12129629629629629,1.0,30.157142857142855,0.0
2025,8,00-0038621,DeMario Douglas,WR,NE,22.0,27.0,13.0,33.0,67.1,62.0,42.0,23.75,40.5,7.0,CLE,8.166666666666666,3.3333333333333335,0.13293650793650794,0.6666666666666666,29.900000000000002,5.7
2025,8,00-0038685,Chris Brooks,RB,GB,3.0,1.0,3.0,0.0,55.2,67.0,39.0,24.75,46.5,3.0,PIT,0.4000000000000001,1.0,0.031265031265031266,0.0,20.3,0.0
2025,8,00-0038738,Hunter Luepke,RB,DAL,5.0,13.0,4.0,0.0,50.8,64.0,35.0,24.0,51.5,-3.5,DEN,4.0,1.3333333333333333,0.04262371615312791,0.0,19.2,0.2
2025,8,00-0038783,Nate Adkins,TE,DEN,26.0,25.0,6.0,17.0,51.5,81.0,49.0,27.5,51.5,3.5,DAL,4.766666666666667,2.0,0.05617688064496575,0.3333333333333333,13.12857142857143,0.0
2025,8,00-0038797,Emanuel Wilson,RB,GB,25.0,17.0,25.0,25.0,52.0,67.0,39.0,24.75,46.5,3.0,PIT,5.1000000000000005,7.333333333333333,0.24595308073568942,1.0,20.3,11.7
2025,8,00-0038840,Brycen Tremayne,WR,CAR,11.0,9.0,5.0,0.0,31.2,46.0,43.0,20.25,47.5,-7.0,BUF,2.8333333333333335,1.6666666666666667,0.05401234567901234,0.0,30.36666666666667,0.0
2025,8,00-0038933,Dalton Kincaid,TE,BUF,61.0,76.0,17.0,50.0,72.0,79.0,59.0,27.25,47.5,7.0,CAR,14.733333333333334,4.666666666666667,0.17104377104377103,1.0,15.928571428571429,3.3
2025,8,00-0038951,Sean Tucker,RB,TB,16.0,14.0,18.0,17.0,54.7,71.0,51.0,25.5,46.5,4.5,NO,4.333333333333333,4.666666666666667,0.18428418803418803,0.6666666666666666,23.285714285714285,10.2
2025,8,00-0038976,Marvin Mims Jr.,WR,DEN,39.0,27.0,17.0,17.0,66.0,81.0,76.0,27.5,51.5,3.5,DAL,8.166666666666666,6.0,0.1735302089557409,0.3333333333333333,39.785714285714285,1.8
2025,8,00-0038994,Jordan Addison,WR,MIN,57.0,57.0,22.0,100.0,79.0,50.0,34.0,21.25,45.5,-3.0,LAC,17.433333333333334,8.666666666666666,0.22487969546793077,2.0,27.702857142857145,11.6
2025,8,00-0038996,Tucker Kraft,TE,GB,74.0,68.0,19.0,83.0,62.2,67.0,62.0,24.75,46.5,3.0,PIT,13.233333333333334,5.666666666666667,0.19098494098494098,1.6666666666666667,16.75,33.3
2025,8,00-0038997,Josh Downs,WR,IND,43.0,37.0,22.0,67.0,77.1,100.0,56.0,31.5,47.5,15.5,TEN,11.333333333333334,6.666666666666667,0.21875,1.3333333333333333,33.92857142857143,12.9
2025,8,00-0039032,Tyjae Spears,RB,TEN,25.0,19.0,39.0,0.0,63.6,25.0,28.0,16.0,47.5,-15.5,IND,5.8,7.333333333333333,0.38643790849673204,0.0,17.485714285714288,17.2
2025,8,00-0039040,De'Von Achane,RB,MIA,65.0,66.0,90.0,33.0,79.9,38.0,41.0,18.75,44.5,-7.0,ATL,20.133333333333333,19.0,0.8969597452356073,1.3333333333333333,20.76666666666667,20.1
2025,8,00-0039064,Zay Flowers,WR,BAL,50.0,40.0,28.0,33.0,84.6,64.0,55.0,24.0,45.5,2.5,CHI,12.399999999999999,7.666666666666667,0.27638888888888885,0.6666666666666666,33.65,14.1
2025,8,00-0039067,Rashee Rice,WR,KC,65.0,75.0,29.0,100.0,56.8,90.0,58.0,29.5,48.5,10.5,WSH,23.2,10.0,0.29411764705882354,4.0,34.51428571428571,25.5
2025,8,00-0039144,Luke Musgrave,TE,GB,22.0,15.0,6.0,0.0,62.6,67.0,62.0,24.75,46.5,3.0,PIT,2.8333333333333335,1.6666666666666667,0.05959164292497626,0.0,16.75,1.5
2025,8,00-0039163,C.J. Stroud,QB,HOU,83.0,73.0,35.0,65.0,79.7,54.0,41.0,22.0,41.5,2.5,SF,20.94666666666667,37.0,0.087411934470758,6.666666666666667,16.62,23.72
2025,8,00-0039342,Xavier Legette,WR,CAR,35.0,42.0,19.0,67.0,39.8,46.0,43.0,20.25,47.5,-7.0,BUF,12.799999999999999,5.333333333333333,0.18706263867554193,1.3333333333333333,30.36666666666667,3.7
2025,8,00-0039355,Luke McCaffrey,WR,WSH,11.0,18.0,6.0,17.0,57.8,40.0,29.0,19.0,48.5,-10.5,KC,5.433333333333334,1.6666666666666667,0.06437977247935171,0.3333333333333333,26.142857142857142,5.4
2025,8,00-0039356,Ja'Tavion Sanders,TE,CAR,57.0,27.0,11.0,100.0,39.9,46.0,24.0,20.25,47.5,-7.0,BUF,5.166666666666667,4.333333333333333,0.10588692770676944,2.0,5.55,4.9
2025,8,00-0039376,Spencer Rattler,QB,NO,75.0,53.0,66.0,35.0,89.2,49.0,54.0,21.0,46.5,-4.5,TB,15.233333333333334,33.666666666666664,0.1638533674339301,3.6666666666666665,19.74857142857143,6.64
2025,8,00-0039379,Jamari Thrash,WR,CLE,13.0,11.0,7.0,17.0,76.8,29.0,52.0,16.75,40.5,-7.0,NE,3.266666666666667,2.0,0.06706154684095861,0.3333333333333333,32.74285714285714,5.1
2025,8,00-0039384,Tyrone Tracy Jr.,RB,NYG,26.0,18.0,25.0,8.0,56.1,36.0,52.0,18.25,43.5,-7.0,PHI,5.6000000000000005,7.666666666666667,0.24769112060778728,0.3333333333333333,23.62857142857143,7.3
2025,8,00-0039391,Kimani Vidal,RB,LAC,47.0,36.0,55.0,100.0,46.8,65.0,37.0,24.25,45.5,3.0,MIN,11.066666666666668,13.666666666666666,0.5532512995451592,4.0,19.916666666666668,19.7
2025,8,00-0039394,Casey Washington,WR,ATL,15.0,6.0,8.0,0.0,61.6,72.0,34.0,25.75,44.5,7.0,MIA,1.8666666666666665,2.3333333333333335,0.078485433324143,0.0,27.657142857142855,3.5
2025,8,00-0039398,Joe Milton III,QB,DAL,11.0,6.0,0.0,19.0,56.8,64.0,34.0,24.0,51.5,-3.5,DEN,1.64,5.0,0.0,2.0,14.877142857142857,6.32
2025,8,00-0039410,Ryan Flournoy,WR,DAL,39.0,27.0,21.0,17.0,32.6,64.0,20.0,24.0,51.5,-3.5,DEN,8.233333333333333,6.0,0.20649875195087108,0.3333333333333333,23.685714285714287,1.7
2025,8,00-0039424,Devaughn Vele,WR,NO,11.0,14.0,5.0,33.0,67.3,49.0,46.0,21.0,46.5,-4.5,TB,4.3,1.6666666666666667,0.04756946051433949,0.6666666666666666,31.02857142857143,2.0
2025,8,00-0039451,Isaiah Williams,WR,NYJ,0.0,0.0,0.0,0.0,56.8,40.0,42.0,19.0,43.5,-5.5,CIN,0.0,0.0,0.0,0.0,29.97142857142857,8.6
2025,8,00-0039491,Jalen Coker,WR,CAR,13.0,0.0,6.0,0.0,56.8,46.0,43.0,20.25,47.5,-7.0,BUF,0.0,2.0,0.06451612903225806,0.0,30.36666666666667,6.6
2025,8,00-0039530,Brevyn Spann-Ford,TE,DAL,4.0,2.0,1.0,0.0,31.2,64.0,45.0,24.0,51.5,-3.5,DEN,0.39999999999999997,0.3333333333333333,0.00980392156862745,0.0,11.700000000000001,1.9
2025,8,00-0039589,Kameron Johnson,WR,TB,13.0,18.0,8.0,0.0,34.0,71.0,46.0,25.5,46.5,4.5,NO,5.533333333333332,2.0,0.07852657004830917,0.0,31.04285714285714,0.0
2025,8,00-0039603,British Brooks,RB,HOU,7.0,5.0,6.0,0.0,56.8,54.0,48.0,22.0,41.5,2.5,SF,1.5,2.0,0.06060606060606061,0.0,22.657142857142855,0.0
2025,8,00-0039623,Mason Tipton,WR,NO,3.0,0.0,2.0,0.0,41.8,49.0,46.0,21.0,46.5,-4.5,TB,0.0,0.5,0.016129032258064516,0.0,31.02857142857143,0.0
2025,8,00-0039648,David Martin-Robinson,TE,TEN,7.0,18.0,1.0,25.0,31.2,25.0,59.0,16.0,47.5,-15.5,IND,3.55,0.5,0.014705882352941176,0.5,16.04285714285714,0.0
2025,8,00-0039732,Bo Nix,QB,DEN,99.0,75.0,69.0,81.0,76.3,81.0,80.0,27.5,51.5,3.5,DAL,21.733333333333334,44.0,0.1718253968253968,8.333333333333334,25.96,25.78
2025,8,00-0039739,Roman Wilson,WR,PIT,11.0,8.0,5.0,0.0,73.9,53.0,50.0,21.75,46.5,-3.0,GB,2.5333333333333337,1.6666666666666667,0.05496031746031746,0.0,32.18333333333333,17.4
2025,8,00-0039746,Will Shipley,RB,PHI,5.0,3.0,6.0,0.0,34.0,70.0,46.0,25.25,43.5,7.0,NYG,1.0333333333333332,1.3333333333333333,0.06281380194423673,0.0,22.071428571428573,0.2
2025,8,00-0039757,Terrell Jennings,RB,NE,17.0,6.0,14.0,0.0,56.8,62.0,24.0,23.75,40.5,7.0,CLE,1.8,5.0,0.1388888888888889,0.0,16.36857142857143,1.5
2025,8,00-0039796,Rasheen Ali,RB,BAL,0.0,0.0,0.0,0.0,56.8,64.0,54.0,24.0,45.5,2.5,CHI,0.0,0.0,0.0,0.0,24.066666666666666,0.0
2025,8,00-0039798,Isaiah Davis,RB,NYJ,16.0,14.0,17.0,0.0,66.2,40.0,80.0,19.0,43.5,-5.5,CIN,4.2,4.666666666666667,0.1669692314853605,0.0,30.802857142857142,15.9
2025,8,00-0039816,Anthony Gould,WR,IND,2.0,1.0,1.0,0.0,31.2,100.0,56.0,31.5,47.5,15.5,TEN,0.43333333333333335,0.3333333333333333,0.010416666666666666,0.0,33.92857142857143,0.0
2025,8,00-0039847,Theo Johnson,TE,NYG,78.0,72.0,18.0,67.0,72.0,36.0,32.0,18.25,43.5,-7.0,PHI,13.866666666666667,6.0,0.18181818181818185,1.3333333333333333,8.0,5.0
2025,8,00-0039851,Drake Maye,QB,NE,74.0,70.0,87.0,48.0,86.6,62.0,32.0,23.75,40.5,7.0,CLE,20.146666666666665,33.0,0.21630281307700663,5.0,14.459999999999999,28.28
2025,8,00-0039868,Troy Franklin,WR,DEN,43.0,24.0,18.0,100.0,73.4,81.0,76.0,27.5,51.5,3.5,DAL,7.5,6.666666666666667,0.18183366672728374,2.3333333333333335,39.785714285714285,26.9
2025,8,00-0039875,Ray Davis,RB,BUF,6.0,11.0,6.0,8.0,46.8,79.0,37.0,27.25,47.5,7.0,CAR,3.4333333333333336,1.6666666666666667,0.05904619805481875,0.3333333333333333,19.714285714285715,1.6
2025,8,00-0039880,Malik Washington,WR,MIA,41.0,20.0,21.0,83.0,78.8,38.0,26.0,18.75,44.5,-7.0,ATL,6.1000000000000005,6.333333333333333,0.21353187042842214,1.6666666666666667,25.366666666666664,13.6
2025,8,00-0039890,Adonai Mitchell,WR,IND,13.0,16.0,6.0,0.0,36.1,100.0,56.0,31.5,47.5,15.5,TEN,4.8,2.0,0.06319444444444444,0.0,33.92857142857143,0.0
2025,8,00-0039894,Xavier Worthy,WR,KC,43.0,32.0,20.0,67.0,77.9,90.0,58.0,29.5,48.5,10.5,WSH,9.833333333333334,6.666666666666667,0.1966105832194488,1.3333333333333333,34.51428571428571,10.3
2025,8,00-0039901,Keon Coleman,WR,BUF,37.0,26.0,22.0,33.0,75.8,79.0,22.0,27.25,47.5,7.0,CAR,7.966666666666666,5.666666666666667,0.2153069153069153,0.6666666666666666,24.285714285714285,6.0
2025,8,00-0039912,Ben Sinnott,TE,WSH,7.0,4.0,1.0,0.0,31.2,40.0,32.0,19.0,48.5,-10.5,KC,0.85,0.5,0.0125,0.0,7.771428571428571,3.2
2025,8,00-0039915,Ladd McConkey,WR,LAC,67.0,58.0,24.0,100.0,80.3,65.0,31.0,24.25,45.5,3.0,MIN,17.866666666666667,10.333333333333334,0.24445662768031187,2.6666666666666665,26.916666666666668,20.8
2025,8,00-0039918,Caleb Williams,QB,CHI,81.0,47.0,74.0,81.0,78.1,52.0,67.0,21.5,45.5,-2.5,BAL,13.613333333333335,36.0,0.1852801519468186,8.333333333333334,22.88,13.8
2025,8,00-0039919,Rome Odunze,WR,CHI,41.0,30.0,21.0,50.0,69.1,52.0,73.0,21.5,45.5,-2.5,BAL,9.066666666666666,6.333333333333333,0.21154533844189016,1.0,39.0,18.4
2025,8,00-0039920,Malachi Corley,WR,CLE,10.0,8.0,7.0,0.0,54.4,29.0,52.0,16.75,40.5,-7.0,NE,2.4000000000000004,1.5,0.07118055555555555,0.0,32.74285714285714,3.1
2025,8,00-0040009,Savion Williams,WR,GB,11.0,6.0,5.0,17.0,31.2,67.0,73.0,24.75,46.5,3.0,PIT,1.866666666666667,1.6666666666666667,0.0474025974025974,0.3333333333333333,38.96666666666667,7.9
2025,8,00-0040078,Brashard Smith,RB,KC,31.0,27.0,25.0,58.0,44.8,90.0,45.0,29.5,48.5,10.5,WSH,8.266666666666667,9.0,0.25061130882508215,2.3333333333333335,21.82857142857143,0.8
2025,8,00-0040124,Tetairoa McMillan,WR,CAR,39.0,41.0,23.0,67.0,74.0,46.0,43.0,20.25,47.5,-7.0,BUF,12.5,6.0,0.23189395232405985,1.3333333333333333,30.36666666666667,16.9
2025,8,00-0040126,Colston Loveland,TE,CHI,43.0,22.0,12.0,33.0,83.1,52.0,56.0,21.5,45.5,-2.5,BAL,4.2,3.3333333333333335,0.12353037766830871,0.6666666666666666,15.200000000000001,6.8
2025,8,00-0040128,Tyler Warren,TE,IND,78.0,85.0,20.0,100.0,77.3,100.0,46.0,31.5,47.5,15.5,TEN,16.533333333333335,6.0,0.19652777777777777,2.3333333333333335,12.057142857142855,9.3
2025,8,00-0040129,Emeka Egbuka,WR,TB,50.0,47.0,21.0,83.0,57.8,71.0,46.0,25.5,46.5,4.5,NO,14.5,7.666666666666667,0.21088768115942028,1.6666666666666667,31.04285714285714,6.5
2025,8,00-0040130,Jayden Higgins,WR,HOU,17.0,18.0,8.0,17.0,49.4,54.0,39.0,22.0,41.5,2.5,SF,5.533333333333334,2.6666666666666665,0.07665464502771656,0.3333333333333333,29.12857142857143,13.4
2025,8,00-0040134,Pat Bryant,WR,DEN,13.0,6.0,5.0,33.0,33.0,81.0,76.0,27.5,51.5,3.5,DAL,1.9333333333333336,2.0,0.05400981996726678,0.6666666666666666,39.785714285714285,12.0
2025,8,00-0040138,Jaylin Noel,WR,HOU,28.0,24.0,11.0,33.0,53.4,54.0,39.0,22.0,41.5,2.5,SF,7.5,4.333333333333333,0.11451228372686999,0.6666666666666666,29.12857142857143,11.3
2025,8,00-0040162,Dylan Sampson,RB,CLE,14.0,9.0,15.0,8.0,64.8,29.0,28.0,16.75,40.5,-7.0,NE,2.766666666666667,4.0,0.15196697365815012,0.3333333333333333,17.585714285714285,7.9
2025,8,00-0040164,Jaylin Lane,WR,WSH,24.0,18.0,13.0,0.0,60.9,40.0,29.0,19.0,48.5,-10.5,KC,5.666666666666667,3.6666666666666665,0.13203210222845566,0.0,26.142857142857142,1.0
2025,8,00-0040170,Elic Ayomanor,WR,TEN,30.0,16.0,14.0,0.0,87.7,25.0,80.0,16.0,47.5,-15.5,IND,4.800000000000001,4.666666666666667,0.13713897721250665,0.0,40.91428571428571,9.2
2025,8,00-0040189,Oronde Gadsden II,TE,LAC,78.0,78.0,14.0,83.0,44.8,65.0,49.0,24.25,45.5,3.0,MIN,15.200000000000001,6.0,0.13614766081871343,1.6666666666666667,13.033333333333333,18.7
2025,8,00-0040194,Jackson Hawes,TE,BUF,13.0,20.0,4.0,17.0,73.7,79.0,59.0,27.25,47.5,7.0,CAR,3.8333333333333335,1.0,0.04083052749719416,0.3333333333333333,15.928571428571429,3.5
2025,8,00-0040198,Ollie Gordon II,RB,MIA,15.0,4.0,21.0,8.0,51.7,38.0,41.0,18.75,44.5,-7.0,ATL,1.1,4.333333333333333,0.21423595561526595,0.3333333333333333,20.76666666666667,13.6
2025,8,00-0040202,Devin Neal,RB,NO,5.0,2.0,7.0,0.0,57.1,49.0,57.0,21.0,46.5,-4.5,TB,0.5,1.5,0.0748663101604278,0.0,25.014285714285712,4.1
2025,8,00-0040208,Tahj Brooks,RB,CIN,6.0,2.0,8.0,0.0,31.2,66.0,38.0,24.5,43.5,5.5,NYJ,0.5666666666666667,1.6666666666666667,0.07936507936507936,0.0,20.157142857142855,0.0
2025,8,00-0040218,Jimmy Horn Jr.,WR,CAR,24.0,16.0,13.0,17.0,74.6,46.0,43.0,20.25,47.5,-7.0,BUF,4.766666666666667,3.6666666666666665,0.1291529675443088,0.3333333333333333,30.36666666666667,0.9
2025,8,00-0040236,Kyle Monangai,RB,CHI,30.0,27.0,27.0,42.0,46.1,52.0,73.0,21.5,45.5,-2.5,BAL,8.200000000000001,8.666666666666666,0.27283803255067623,1.6666666666666667,29.099999999999998,2.4
2025,8,00-0040237,Tez Johnson,WR,TB,35.0,40.0,15.0,17.0,74.2,71.0,46.0,25.5,46.5,4.5,NO,12.4,5.333333333333333,0.14514492753623187,0.3333333333333333,31.04285714285714,9.3
2025,8,00-0040242,Jacory Croskey-Merritt,RB,WSH,56.0,45.0,57.0,33.0,67.4,40.0,32.0,19.0,48.5,-10.5,KC,13.666666666666666,16.333333333333332,0.5686040428326543,1.3333333333333333,18.6,2.5
2025,8,00-0040259,Gage Larvadain,WR,CLE,11.0,5.0,4.0,0.0,32.5,29.0,52.0,16.75,40.5,-7.0,NE,1.4000000000000001,1.6666666666666667,0.04466230936819172,0.0,32.74285714285714,0.3
2025,8,00-0040277,Jahdae Walker,WR,CHI,0.0,0.0,0.0,0.0,56.8,52.0,73.0,21.5,45.5,-2.5,BAL,0.0,0.0,0.0,0.0,39.0,0.0
2025,8,00-0040429,Josh Williams,RB,TB,0.0,0.0,0.0,0.0,56.8,71.0,51.0,25.5,46.5,4.5,NO,0.0,0.0,0.0,0.0,23.285714285714285,1.1
2025,8,00-0040432,Beaux Collins,WR,NYG,9.0,2.0,4.0,0.0,31.2,36.0,55.0,18.25,43.5,-7.0,PHI,0.5666666666666667,1.3333333333333333,0.035742035742035744,0.0,33.82857142857143,2.8
2025,8,00-0040494,Max Brosmer,QB,MIN,6.0,2.0,9.0,0.0,41.5,50.0,42.0,21.25,45.5,-3.0,LAC,0.5299999999999999,2.5,0.021739130434782608,0.0,16.965714285714288,0.52
2025,8,00-0040506,Myles Price,WR,MIN,0.0,0.0,0.0,0.0,56.8,50.0,34.0,21.25,45.5,-3.0,LAC,0.0,0.0,0.0,0.0,27.702857142857145,0.0
2025,8,00-0040509,Ben Yurosek,TE,MIN,0.0,0.0,0.0,0.0,56.8,50.0,43.0,21.25,45.5,-3.0,LAC,0.0,0.0,0.0,0.0,11.157142857142857,1.5
2025,8,00-0040534,Ke'Shawn Williams,WR,PIT,0.0,0.0,0.0,0.0,56.8,53.0,50.0,21.75,46.5,-3.0,GB,0.0,0.0,0.0,0.0,32.18333333333333,0.0
2025,8,00-0040547,Nate Carter,RB,ATL,24.0,15.0,30.0,0.0,56.8,72.0,64.0,25.75,44.5,7.0,MIA,4.6,7.0,0.30434782608695654,0.0,26.814285714285713,1.4
2025,8,00-0040582,Arian Smith,WR,NYJ,11.0,4.0,6.0,0.0,44.5,40.0,42.0,19.0,43.5,-5.5,CIN,1.1333333333333333,1.6666666666666667,0.062416794674859194,0.0,29.97142857142857,3.3
2025,8,00-0040583,Woody Marks,RB,HOU,51.0,47.0,54.0,42.0,54.9,54.0,48.0,22.0,41.5,2.5,SF,14.266666666666666,15.0,0.5351986457382052,1.6666666666666667,22.657142857142855,15.1
2025,8,00-0040584,Gunnar Helm,TE,TEN,57.0,32.0,13.0,33.0,77.4,25.0,59.0,16.0,47.5,-15.5,IND,6.166666666666667,4.333333333333333,0.12654014308426073,0.6666666666666666,16.04285714285714,10.3
2025,8,00-0040586,Jaydon Blue,RB,DAL,17.0,6.0,18.0,0.0,54.0,64.0,35.0,24.0,51.5,-3.5,DEN,1.7000000000000002,5.0,0.18498851875703348,0.0,19.2,2.9
2025,8,00-0040644,Trevor Etienne,RB,CAR,9.0,6.0,8.0,17.0,33.0,46.0,65.0,20.25,47.5,-7.0,BUF,1.866666666666667,2.6666666666666665,0.08032813515269656,0.6666666666666666,26.88333333333333,1.6
2025,8,00-0040663,Harold Fannin Jr.,TE,CLE,83.0,59.0,20.0,33.0,71.3,29.0,61.0,16.75,40.5,-7.0,NE,11.333333333333334,6.333333333333333,0.19961873638344227,0.6666666666666666,16.6,18.4
2025,8,00-0040667,Matthew Golden,WR,GB,39.0,35.0,20.0,33.0,82.3,67.0,73.0,24.75,46.5,3.0,PIT,10.733333333333334,6.0,0.19700299700299703,0.6666666666666666,38.96666666666667,3.4
2025,8,00-0040676,Cam Ward,QB,TEN,87.0,43.0,28.0,35.0,89.2,25.0,54.0,16.0,47.5,-15.5,IND,12.36,38.666666666666664,0.06944444444444445,3.6666666666666665,19.851428571428574,14.76
2025,8,00-0040691,Jaxson Dart,QB,NYG,92.0,87.0,97.0,71.0,90.0,36.0,45.0,18.25,43.5,-7.0,PHI,25.2,41.0,0.24365421455938696,7.333333333333333,17.62857142857143,19.42
2025,8,00-0040704,Dillon Gabriel,QB,CLE,81.0,36.0,24.0,68.0,73.3,29.0,43.0,16.75,40.5,-7.0,NE,10.26,36.333333333333336,0.061237373737373736,7.0,17.00857142857143,15.54
2025,8,00-0040705,Chimere Dike,WR,TEN,28.0,25.0,14.0,0.0,61.2,25.0,80.0,16.0,47.5,-15.5,IND,7.8,4.333333333333333,0.14390125419537184,0.0,40.91428571428571,16.4
2025,8,00-0040715,Cam Skattebo,RB,NYG,74.0,72.0,65.0,75.0,88.1,36.0,52.0,18.25,43.5,-7.0,PHI,21.933333333333334,21.666666666666668,0.6475497682394235,3.0,23.62857142857143,10.0
2025,8,00-0040727,Tre Harris,WR,LAC,17.0,12.0,7.0,17.0,39.0,65.0,31.0,24.25,45.5,3.0,MIN,3.6666666666666665,2.6666666666666665,0.06521433714416171,0.3333333333333333,26.916666666666668,8.8
2025,8,00-0040730,RJ Harvey,RB,DEN,22.0,22.0,22.0,0.0,89.1,81.0,62.0,27.5,51.5,3.5,DAL,6.566666666666666,6.333333333333333,0.22308549606421946,0.0,26.142857142857142,24.1
2025,8,00-0040734,TreVeyon Henderson,RB,NE,25.0,11.0,27.0,8.0,52.0,62.0,24.0,23.75,40.5,7.0,CLE,3.266666666666667,7.333333333333333,0.26969386646806,0.3333333333333333,16.36857142857143,7.5
2025,8,00-0040735,Luther Burden III,WR,CHI,20.0,15.0,10.0,17.0,59.0,52.0,73.0,21.5,45.5,-2.5,BAL,4.6,3.0,0.0994955300127714,0.3333333333333333,39.0,0.9
2025,8,00-0040736,Mason Taylor,TE,NYJ,78.0,40.0,17.0,50.0,38.4,40.0,80.0,19.0,43.5,-5.5,CIN,7.666666666666667,6.0,0.1712237583205325,1.0,22.271428571428572,14.4
2025,8,00-0040743,Tyler Shough,QB,NO,4.0,0.0,0.0,0.0,56.8,49.0,54.0,21.0,46.5,-4.5,TB,0.0,2.0,0.0,0.0,19.74857142857143,6.32
2025,8,00-0040782,Isaiah Bond,WR,CLE,39.0,18.0,16.0,50.0,73.7,29.0,52.0,16.75,40.5,-7.0,NE,5.533333333333334,6.0,0.16441993464052287,1.0,32.74285714285714,0.0
2025,8,00-0040784,Quinshon Judkins,RB,CLE,72.0,48.0,75.0,100.0,68.2,29.0,28.0,16.75,40.5,-7.0,NE,14.6,21.0,0.7547719845513964,4.333333333333333,17.585714285714285,4.7
2025,9,00-0023459,Aaron Rodgers,QB,PIT,77.0,72.0,11.0,41.0,89.3,71.0,50.0,24.0,51.5,-3.5,IND,20.273333333333333,34.0,0.02857142857142857,4.333333333333333,19.215,12.12
2025,9,00-0026158,Joe Flacco,QB,CIN,100.0,79.0,41.0,91.0,86.9,72.0,59.0,24.25,51.5,-3.0,CHI,22.353333333333335,44.333333333333336,0.10144927536231885,9.666666666666666,21.22,34.7
2025,9,00-0026498,Matthew Stafford,QB,LA,85.0,78.0,41.0,78.0,80.3,99.0,46.0,29.25,44.5,14.0,NO,22.093333333333334,37.666666666666664,0.1017928535732134,8.333333333333334,18.255,26.84
2025,9,00-0030061,Zach Ertz,TE,WSH,61.0,55.0,23.0,33.0,81.7,63.0,59.0,22.5,47.5,-2.5,SEA,11.533333333333331,6.333333333333333,0.22526881720430106,0.6666666666666666,15.4,8.6
2025,9,00-0030279,Keenan Allen,WR,LAC,47.0,52.0,22.0,67.0,58.8,88.0,58.0,27.25,44.5,10.0,TEN,14.666666666666666,8.666666666666666,0.21726770630279402,1.3333333333333333,35.375,6.1
2025,9,00-0030506,Travis Kelce,TE,KC,58.0,71.0,20.0,33.0,67.3,92.0,25.0,28.0,53.5,2.5,BUF,14.699999999999998,6.0,0.19607843137254902,0.6666666666666666,5.6571428571428575,10.6
2025,9,00-0030564,DeAndre Hopkins,WR,BAL,13.0,15.0,9.0,0.0,62.0,100.0,24.0,29.5,51.5,7.5,MIA,4.333333333333333,2.3333333333333335,0.09015151515151516,0.0,26.0875,0.0
2025,9,00-0030565,Geno Smith,QB,LV,63.0,28.0,57.0,53.0,73.4,53.0,64.0,20.5,43.5,-2.5,JAC,7.786666666666666,28.0,0.14227272727272727,5.666666666666667,22.39428571428571,28.26
2025,9,00-0031236,Brandin Cooks,WR,NO,11.0,11.0,5.0,0.0,52.0,25.0,41.0,15.25,44.5,-14.0,LA,3.1999999999999997,2.0,0.050239867659222504,0.0,30.699999999999996,3.6
2025,9,00-0031381,Davante Adams,WR,LA,51.0,57.0,28.0,100.0,75.0,99.0,36.0,29.25,44.5,14.0,NO,16.066666666666666,9.333333333333334,0.27590284112023244,2.3333333333333335,29.3625,23.0
2025,9,00-0031588,Stefon Diggs,WR,NE,27.0,36.0,21.0,83.0,71.4,79.0,29.0,25.5,45.5,5.5,ATL,10.033333333333333,5.0,0.21135265700483094,1.6666666666666667,27.24285714285714,12.8
2025,9,00-0031687,Raheem Mostert,RB,LV,18.0,3.0,17.0,25.0,38.0,53.0,29.0,20.5,43.5,-2.5,JAC,1.0,4.333333333333333,0.16502450980392158,1.0,18.185714285714287,2.4
2025,9,00-0032104,Ameer Abdullah,RB,IND,11.0,8.0,11.0,0.0,75.9,89.0,39.0,27.5,51.5,3.5,PIT,2.6999999999999997,2.6666666666666665,0.1118007629782992,0.0,21.0,1.5
2025,9,00-0032211,Tyler Lockett,WR,LV,16.0,8.0,9.0,0.0,67.2,53.0,62.0,20.5,43.5,-2.5,JAC,2.1333333333333333,3.0,0.08628113407525173,0.0,36.4,0.0
2025,9,00-0032392,Austin Hooper,TE,NE,16.0,26.0,7.0,17.0,65.1,79.0,20.0,25.5,45.5,5.5,ATL,5.466666666666666,1.6666666666666667,0.07065217391304347,0.3333333333333333,4.071428571428571,3.0
2025,9,00-0032464,Kalif Raymond,WR,DET,5.0,6.0,4.0,0.0,31.2,95.0,33.0,28.5,47.5,9.5,MIN,1.5666666666666667,1.0,0.03571428571428571,0.0,28.5,0.0
2025,9,00-0032764,Derrick Henry,RB,BAL,90.0,44.0,73.0,100.0,81.3,100.0,55.0,29.5,51.5,7.5,MIA,14.133333333333335,21.333333333333332,0.7320256261045736,5.0,25.7875,13.1
2025,9,00-0032775,Demarcus Robinson,WR,SF,13.0,11.0,8.0,17.0,53.0,76.0,67.0,25.0,47.5,2.5,NYG,2.966666666666667,2.3333333333333335,0.07741205154998258,0.3333333333333333,37.6625,0.0
2025,9,00-0033077,Dak Prescott,QB,DAL,81.0,66.0,61.0,72.0,87.2,95.0,38.0,28.5,53.5,3.5,ARI,18.74,36.0,0.15336728919071874,7.666666666666667,16.565714285714286,17.4
2025,9,00-0033090,Hunter Henry,TE,NE,29.0,33.0,13.0,17.0,67.7,79.0,20.0,25.5,45.5,5.5,ATL,6.8999999999999995,3.0,0.12560386473429952,0.3333333333333333,4.071428571428571,9.1
2025,9,00-0033106,Jared Goff,QB,DET,65.0,63.0,22.0,28.0,89.8,95.0,40.0,28.5,47.5,9.5,MIN,17.76,28.666666666666668,0.055528107158541944,3.0,17.08857142857143,19.36
2025,9,00-0033110,Tyler Higbee,TE,LA,48.0,38.0,15.0,33.0,71.8,99.0,50.0,29.25,44.5,14.0,NO,7.8,5.0,0.15355477855477856,0.6666666666666666,12.9375,10.3
2025,9,00-0033119,Jacoby Brissett,QB,ARI,68.0,53.0,45.0,66.0,40.1,76.0,80.0,25.0,53.5,-3.5,DAL,14.82,30.0,0.1130952380952381,7.0,25.925,24.84
2025,9,00-0033217,Mo Alie-Cox,TE,IND,16.0,10.0,5.0,33.0,76.9,89.0,73.0,27.5,51.5,3.5,PIT,2.0,1.6666666666666667,0.05315656565656565,0.6666666666666666,19.52857142857143,0.0
2025,9,00-0033246,Johnny Mundt,TE,JAC,23.0,10.0,7.0,0.0,69.1,66.0,43.0,23.0,43.5,2.5,LV,2.0,2.3333333333333335,0.0746031746031746,0.0,10.928571428571429,0.0
2025,9,00-0033280,Christian McCaffrey,RB,SF,100.0,77.0,100.0,83.0,70.8,76.0,52.0,25.0,47.5,2.5,NYG,24.333333333333332,23.666666666666668,0.9990204525594725,3.3333333333333335,24.8125,34.3
2025,9,00-0033282,Curtis Samuel,WR,BUF,7.0,15.0,5.0,17.0,35.4,79.0,24.0,25.5,53.5,-2.5,KC,4.166666666666667,1.3333333333333333,0.05252525252525253,0.3333333333333333,26.0,1.6
2025,9,00-0033288,George Kittle,TE,SF,35.0,43.0,13.0,33.0,59.0,76.0,52.0,25.0,47.5,2.5,NYG,8.933333333333334,3.6666666666666665,0.12944096133751307,0.6666666666666666,13.4075,6.9
2025,9,00-0033293,Aaron Jones,RB,MIN,37.0,24.0,45.0,8.0,61.0,45.0,26.0,19.0,47.5,-9.5,DET,7.666666666666667,8.666666666666666,0.4521160126423284,0.3333333333333333,17.32857142857143,11.8
2025,9,00-0033307,Kendrick Bourne,WR,SF,27.0,36.0,16.0,17.0,49.7,76.0,67.0,25.0,47.5,2.5,NYG,10.0,5.0,0.1596133751306165,0.3333333333333333,37.6625,5.4
2025,9,00-0033357,Taysom Hill,TE,NO,26.0,18.0,13.0,0.0,53.0,25.0,47.0,15.25,44.5,-14.0,LA,3.6999999999999997,2.6666666666666665,0.12632492735289533,0.0,12.085714285714285,3.0
2025,9,00-0033526,Samaje Perine,RB,CIN,37.0,27.0,39.0,25.0,67.3,72.0,49.0,24.25,51.5,-3.0,CHI,8.433333333333334,8.666666666666666,0.39198506807202466,1.0,24.0,0.5
2025,9,00-0033555,Mack Hollins,WR,NE,24.0,33.0,18.0,17.0,57.0,79.0,29.0,25.5,45.5,5.5,ATL,9.333333333333334,4.333333333333333,0.18015297906602257,0.3333333333333333,27.24285714285714,2.9
2025,9,00-0033572,Jamal Agnew,WR,ATL,0.0,0.0,0.0,0.0,56.8,50.0,38.0,20.0,45.5,-5.5,NE,0.0,0.0,0.0,0.0,29.7125,0.0
2025,9,00-0033854,Dare Ogunbowale,RB,HOU,4.0,3.0,3.0,8.0,31.2,55.0,34.0,21.0,40.5,1.5,DEN,0.9,1.0,0.025277565895414866,0.3333333333333333,19.4625,1.2
2025,9,00-0033857,JuJu Smith-Schuster,WR,KC,15.0,24.0,9.0,17.0,81.6,92.0,39.0,28.0,53.5,2.5,BUF,6.7,2.6666666666666665,0.08595938375350141,0.3333333333333333,30.042857142857144,1.2
2025,9,00-0033858,Jonnu Smith,TE,PIT,45.0,34.0,15.0,50.0,69.1,71.0,62.0,24.0,51.5,-3.5,IND,7.1000000000000005,4.666666666666667,0.15428187403993857,1.0,16.4875,5.5
2025,9,00-0033873,Patrick Mahomes,QB,KC,88.0,100.0,77.0,84.0,94.0,92.0,32.0,28.0,53.5,2.5,BUF,28.22666666666667,39.0,0.19190729838332868,9.0,15.182857142857143,10.5
2025,9,00-0033881,Evan Engram,TE,DEN,61.0,43.0,20.0,33.0,83.5,47.0,44.0,19.5,40.5,-1.5,HOU,8.899999999999999,6.333333333333333,0.19637671495827524,0.6666666666666666,11.014285714285714,0.0
2025,9,00-0033906,Alvin Kamara,RB,NO,52.0,26.0,60.0,42.0,74.8,25.0,20.0,15.25,44.5,-14.0,LA,8.333333333333334,12.333333333333334,0.6036411060270478,1.6666666666666667,15.471428571428572,2.7
2025,9,00-0033923,Kareem Hunt,RB,KC,30.0,25.0,22.0,25.0,52.5,92.0,54.0,28.0,53.5,2.5,BUF,7.8,7.0,0.2238072710160599,1.0,25.385714285714283,12.5
2025,9,00-0033955,Jeremy McNichols,RB,WSH,25.0,26.0,22.0,8.0,81.8,63.0,36.0,22.5,47.5,-2.5,SEA,8.266666666666667,6.0,0.21646185355862776,0.3333333333333333,20.271428571428572,0.0
2025,9,00-0034348,Courtland Sutton,WR,DEN,35.0,33.0,18.0,67.0,62.0,47.0,24.0,19.5,40.5,-1.5,HOU,9.366666666666665,6.333333333333333,0.18345759835121536,1.3333333333333333,26.014285714285712,10.0
2025,9,00-0034365,Ian Thomas,TE,LV,13.0,10.0,4.0,0.0,31.4,53.0,55.0,20.5,43.5,-2.5,JAC,2.1333333333333333,1.3333333333333333,0.04292929292929293,0.0,14.400000000000002,1.9
2025,9,00-0034383,Dalton Schultz,TE,HOU,61.0,55.0,16.0,50.0,60.1,55.0,44.0,21.0,40.5,1.5,DEN,11.4,6.333333333333333,0.1632956866218843,1.0,11.0375,13.7
2025,9,00-0034407,Ray-Ray McCloud,WR,NYG,16.0,5.0,10.0,17.0,53.3,63.0,48.0,22.5,47.5,-2.5,SF,1.4333333333333333,3.0,0.09803746389112243,0.3333333333333333,32.4125,1.5
2025,9,00-0034418,Cedrick Wilson Jr.,WR,MIA,5.0,4.0,4.0,50.0,56.8,61.0,74.0,22.0,51.5,-7.5,BAL,1.2,1.0,0.038461538461538464,1.0,39.48571428571428,1.7
2025,9,00-0034419,Braxton Berrios,WR,HOU,22.0,17.0,10.0,50.0,57.0,55.0,25.0,21.0,40.5,1.5,DEN,4.8500000000000005,4.0,0.09839816933638443,1.0,26.3,0.0
2025,9,00-0034613,Tanner Hudson,TE,CIN,34.0,31.0,9.0,75.0,54.5,72.0,57.0,24.25,51.5,-3.0,CHI,6.45,3.5,0.0928030303030303,1.5,14.985714285714286,6.2
2025,9,00-0034753,Mark Andrews,TE,BAL,48.0,28.0,18.0,17.0,72.7,100.0,57.0,29.5,51.5,7.5,MIA,5.733333333333333,5.0,0.18498157248157246,0.3333333333333333,14.9,16.6
2025,9,00-0034775,Christian Kirk,WR,HOU,29.0,25.0,16.0,17.0,71.5,55.0,25.0,21.0,40.5,1.5,DEN,6.966666666666666,5.333333333333333,0.16470387438129372,0.3333333333333333,26.3,6.6
2025,9,00-0034791,Nick Chubb,RB,HOU,55.0,24.0,42.0,25.0,65.6,55.0,34.0,21.0,40.5,1.5,DEN,7.7,13.0,0.4165934124607415,1.0,19.4625,3.4
2025,9,00-0034796,Lamar Jackson,QB,BAL,68.0,80.0,100.0,53.0,84.4,100.0,50.0,29.5,51.5,7.5,MIA,22.666666666666668,30.333333333333332,0.2722001081134208,5.666666666666667,19.21,25.56
2025,9,00-0034827,DJ Moore,WR,CHI,40.0,33.0,25.0,33.0,86.8,88.0,38.0,27.25,51.5,3.0,CIN,9.333333333333332,7.333333333333333,0.2528147963055509,0.6666666666666666,29.825000000000003,22.98
2025,9,00-0034854,KhaDarel Hodge,WR,ATL,15.0,7.0,9.0,0.0,31.2,50.0,38.0,20.0,45.5,-5.5,NE,2.033333333333333,2.6666666666666665,0.08888888888888889,0.0,29.7125,0.0
2025,9,00-0034857,Josh Allen,QB,BUF,71.0,78.0,86.0,50.0,86.2,79.0,37.0,25.5,53.5,-2.5,KC,22.013333333333332,31.333333333333332,0.2153530377668309,5.333333333333333,16.3875,28.82
2025,9,00-0034869,Sam Darnold,QB,SEA,74.0,74.0,33.0,47.0,84.9,76.0,57.0,25.0,47.5,2.5,WSH,20.753333333333334,33.0,0.08158508158508158,5.0,20.86,29.2
2025,9,00-0034960,Jakobi Meyers,WR,LV,31.0,26.0,23.0,50.0,83.7,53.0,62.0,20.5,43.5,-2.5,JAC,7.366666666666667,5.666666666666667,0.23282828282828283,1.0,36.4,6.3
2025,9,00-0034975,Justice Hill,RB,BAL,23.0,12.0,18.0,0.0,32.9,100.0,55.0,29.5,51.5,7.5,MIA,3.9333333333333322,5.333333333333333,0.17695505656031973,0.0,25.7875,3.5
2025,9,00-0035021,Ashton Dulin,WR,IND,11.0,9.0,7.0,17.0,31.2,89.0,71.0,27.5,51.5,3.5,PIT,2.566666666666667,2.0,0.06746031746031746,0.3333333333333333,38.7,0.0
2025,9,00-0035208,Olamide Zaccheaus,WR,CHI,33.0,21.0,20.0,50.0,69.4,88.0,38.0,27.25,51.5,3.0,CIN,6.0,6.0,0.19631119625372498,1.0,29.825000000000003,17.8
2025,9,00-0035229,T.J. Hockenson,TE,MIN,58.0,40.0,17.0,50.0,69.7,45.0,51.0,19.0,47.5,-9.5,DET,8.233333333333334,6.0,0.169079939668175,1.0,13.214285714285714,9.1
2025,9,00-0035250,Devin Singletary,RB,NYG,11.0,5.0,9.0,0.0,62.5,63.0,46.0,22.5,47.5,-2.5,SF,1.6666666666666667,2.6666666666666665,0.09337190587190587,0.0,23.1625,7.1
2025,9,00-0035261,Tony Pollard,RB,TEN,52.0,26.0,64.0,17.0,83.2,36.0,40.0,17.25,44.5,-10.0,LAC,8.366666666666665,12.333333333333334,0.6356814167108285,0.6666666666666666,21.3875,7.8
2025,9,00-0035359,David Sills,WR,ATL,14.0,9.0,7.0,0.0,76.7,50.0,38.0,20.0,45.5,-5.5,NE,2.65,2.5,0.07439024390243903,0.0,29.7125,0.0
2025,9,00-0035500,Greg Dortch,WR,ARI,13.0,19.0,7.0,50.0,68.7,76.0,80.0,25.0,53.5,-3.5,DAL,5.2,2.3333333333333335,0.06747109100050276,1.0,41.2375,0.9
2025,9,00-0035535,Darius Slayton,WR,NYG,27.0,21.0,19.0,0.0,84.6,63.0,48.0,22.5,47.5,-2.5,SF,6.033333333333334,5.0,0.19370629370629375,0.0,32.4125,11.2
2025,9,00-0035537,Ty Johnson,RB,BUF,13.0,4.0,10.0,8.0,61.4,79.0,29.0,25.5,53.5,-2.5,KC,1.4000000000000001,3.0,0.10061365837227905,0.3333333333333333,18.087500000000002,10.0
2025,9,00-0035594,Travis Homer,RB,CHI,0.0,0.0,0.0,0.0,56.8,88.0,80.0,27.25,51.5,3.0,CIN,0.0,0.0,0.0,0.0,33.0475,0.0
2025,9,00-0035602,Alex Bachman,WR,LV,2.0,2.0,1.0,0.0,31.2,53.0,62.0,20.5,43.5,-2.5,JAC,0.6333333333333333,0.3333333333333333,0.009259259259259259,0.0,36.4,0.0
2025,9,00-0035640,DK Metcalf,WR,PIT,38.0,52.0,23.0,50.0,75.0,71.0,73.0,24.0,51.5,-3.5,IND,14.666666666666666,7.0,0.23449500768049156,1.0,39.199999999999996,2.6
2025,9,00-0035644,Noah Fant,TE,CIN,35.0,45.0,9.0,17.0,81.0,72.0,57.0,24.25,51.5,-3.0,CHI,9.4,3.6666666666666665,0.09326599326599327,0.3333333333333333,14.985714285714286,10.8
2025,9,00-0035645,Gunner Olszewski,WR,NYG,0.0,0.0,0.0,0.0,56.8,63.0,48.0,22.5,47.5,-2.5,SF,0.0,0.0,0.0,0.0,32.4125,9.4
2025,9,00-0035662,Marquise Brown,WR,KC,16.0,35.0,10.0,67.0,47.4,92.0,39.0,28.0,53.5,2.5,BUF,9.966666666666667,3.0,0.09725140056022408,1.3333333333333333,30.042857142857144,9.3
2025,9,00-0035685,David Montgomery,RB,DET,58.0,34.0,45.0,58.0,61.2,95.0,36.0,28.5,47.5,9.5,MIN,10.74,13.666666666666666,0.4501042603397676,2.3333333333333335,20.285714285714285,13.0
2025,9,00-0035689,Dawson Knox,TE,BUF,16.0,24.0,6.0,17.0,66.5,79.0,34.0,25.5,53.5,-2.5,KC,4.966666666666667,1.6666666666666667,0.062356001486436274,0.3333333333333333,8.3,4.0
2025,9,00-0035700,Josh Jacobs,RB,GB,75.0,67.0,64.0,100.0,79.0,92.0,41.0,28.0,43.5,12.5,CAR,21.433333333333334,17.666666666666668,0.6414694001650523,4.333333333333333,21.725,20.0
2025,9,00-0035710,Daniel Jones,QB,IND,78.0,80.0,61.0,66.0,91.3,89.0,64.0,27.5,51.5,3.5,PIT,22.62666666666667,34.666666666666664,0.15271068169618893,7.0,22.408571428571427,24.08
2025,9,00-0035719,Deebo Samuel Sr.,WR,WSH,44.0,39.0,32.0,67.0,54.4,63.0,41.0,22.5,47.5,-2.5,SEA,11.066666666666668,8.0,0.32295075580489324,1.3333333333333333,30.657142857142855,9.4
2025,9,00-0035891,Cody White,WR,SEA,0.0,0.0,0.0,0.0,56.8,76.0,58.0,25.0,47.5,2.5,WSH,0.0,0.0,0.0,0.0,35.2875,13.0
2025,9,00-0036040,Juwan Johnson,TE,NO,55.0,43.0,15.0,0.0,61.9,25.0,47.0,15.25,44.5,-14.0,LA,8.9,5.666666666666667,0.15424317617866004,0.0,12.085714285714285,12.1
2025,9,00-0036139,Rico Dowdle,RB,CAR,87.0,52.0,62.0,33.0,48.8,26.0,24.0,15.5,43.5,-12.5,GB,16.633333333333333,20.666666666666668,0.6166738530915102,1.3333333333333333,16.728571428571428,28.1
2025,9,00-0036158,J.K. Dobbins,RB,DEN,66.0,28.0,60.0,50.0,80.8,47.0,31.0,19.5,40.5,-1.5,HOU,9.033333333333333,15.666666666666666,0.6042866091093041,2.0,18.728571428571428,6.9
2025,9,00-0036176,Mason Kinsey,WR,TEN,0.0,0.0,0.0,0.0,56.8,36.0,30.0,17.25,44.5,-10.0,LAC,0.0,0.0,0.0,0.0,27.490000000000002,0.0
2025,9,00-0036182,Nick Westbrook-Ikhine,WR,MIA,15.0,9.0,9.0,33.0,49.0,61.0,74.0,22.0,51.5,-7.5,BAL,2.4666666666666663,2.6666666666666665,0.09440023577954613,0.6666666666666666,39.48571428571428,4.2
2025,9,00-0036187,Reggie Gilliam,RB,BUF,0.0,0.0,0.0,0.0,56.8,79.0,29.0,25.5,53.5,-2.5,KC,0.0,0.0,0.0,0.0,18.087500000000002,0.0
2025,9,00-0036212,Tua Tagovailoa,QB,MIA,64.0,49.0,25.0,53.0,74.1,61.0,61.0,22.0,51.5,-7.5,BAL,13.799999999999999,28.333333333333332,0.06212121212121211,5.666666666666667,21.58285714285714,10.54
2025,9,00-0036223,Jonathan Taylor,RB,IND,82.0,100.0,81.0,92.0,84.7,89.0,39.0,27.5,51.5,3.5,PIT,31.766666666666666,19.333333333333332,0.8128695077064642,3.6666666666666665,21.0,7.7
2025,9,00-0036232,Harrison Bryant,TE,HOU,10.0,2.0,3.0,0.0,31.2,55.0,44.0,21.0,40.5,1.5,DEN,0.5,1.0,0.030277306168647423,0.0,11.0375,1.2
2025,9,00-0036244,Colby Parkinson,TE,LA,19.0,18.0,5.0,33.0,48.5,99.0,50.0,29.25,44.5,14.0,NO,3.8000000000000003,2.0,0.054216073781291174,0.6666666666666666,12.9375,3.0
2025,9,00-0036252,Michael Pittman,WR,IND,38.0,55.0,23.0,50.0,60.1,89.0,71.0,27.5,51.5,3.5,PIT,15.433333333333332,7.0,0.23422619047619045,1.0,38.7,20.5
2025,9,00-0036259,Jauan Jennings,WR,SF,31.0,21.0,21.0,17.0,62.3,76.0,67.0,25.0,47.5,2.5,NYG,5.766666666666667,5.666666666666667,0.21429815395332638,0.3333333333333333,37.6625,14.1
2025,9,00-0036264,Jordan Love,QB,GB,78.0,67.0,57.0,44.0,85.6,92.0,42.0,28.0,43.5,12.5,CAR,18.87333333333333,34.666666666666664,0.14149859802033715,4.666666666666667,17.48,11.02
2025,9,00-0036290,Cole Kmet,TE,CHI,39.0,18.0,12.0,33.0,33.4,88.0,80.0,27.25,51.5,3.0,CIN,3.733333333333333,4.0,0.1196551724137931,0.6666666666666666,21.712500000000002,2.0
2025,9,00-0036309,Darnell Mooney,WR,ATL,18.0,17.0,10.0,17.0,49.0,50.0,38.0,20.0,45.5,-5.5,NE,4.8,3.3333333333333335,0.10356125356125356,0.3333333333333333,29.7125,2.5
2025,9,00-0036322,Justin Jefferson,WR,MIN,58.0,55.0,32.0,50.0,89.0,45.0,62.0,19.0,47.5,-9.5,DET,15.533333333333333,10.666666666666666,0.31553544494720964,1.0,36.457142857142856,16.7
2025,9,00-0036331,Devin Duvernay,WR,CHI,5.0,1.0,3.0,17.0,31.2,88.0,38.0,27.25,51.5,3.0,CIN,0.39999999999999997,1.0,0.02857142857142857,0.3333333333333333,29.825000000000003,0.0
2025,9,00-0036355,Justin Herbert,QB,LAC,99.0,92.0,77.0,100.0,81.1,88.0,43.0,27.25,44.5,10.0,TEN,25.98,44.0,0.19259689922480625,10.666666666666666,17.6125,29.7
2025,9,00-0036358,CeeDee Lamb,WR,DAL,55.0,67.0,27.0,67.0,86.7,95.0,39.0,28.5,53.5,3.5,ARI,18.933333333333334,10.0,0.2653924928118477,1.3333333333333333,30.042857142857144,15.5
2025,9,00-0036410,Tee Higgins,WR,CIN,36.0,52.0,16.0,50.0,63.6,72.0,48.0,24.25,51.5,-3.0,CHI,14.733333333333334,6.666666666666667,0.16094276094276094,1.0,32.44285714285714,31.1
2025,9,00-0036415,Van Jefferson,WR,TEN,33.0,25.0,17.0,33.0,66.4,36.0,30.0,17.25,44.5,-10.0,LAC,7.066666666666666,6.0,0.17256226815050346,0.6666666666666666,27.490000000000002,3.1
2025,9,00-0036422,Adam Trautman,TE,DEN,13.0,12.0,3.0,0.0,31.2,47.0,44.0,19.5,40.5,-1.5,HOU,2.4333333333333336,1.3333333333333333,0.03306878306878307,0.0,11.014285714285714,4.5
2025,9,00-0036550,Rashod Bateman,WR,BAL,15.0,11.0,12.0,17.0,46.4,100.0,24.0,29.5,51.5,7.5,MIA,2.966666666666667,2.6666666666666665,0.12102272727272727,0.3333333333333333,26.0875,9.3
2025,9,00-0036554,Nico Collins,WR,HOU,40.0,41.0,21.0,33.0,77.3,55.0,25.0,21.0,40.5,1.5,DEN,11.533333333333333,7.333333333333333,0.20775679050573861,0.6666666666666666,26.3,14.5
2025,9,00-0036555,Chuba Hubbard,RB,CAR,61.0,28.0,47.0,33.0,89.8,26.0,24.0,15.5,43.5,-12.5,GB,8.933333333333332,14.333333333333334,0.46953520967370893,1.3333333333333333,16.728571428571428,1.7
2025,9,00-0036613,Jaylen Waddle,WR,MIA,33.0,47.0,21.0,17.0,64.9,61.0,74.0,22.0,51.5,-7.5,BAL,13.073333333333332,6.0,0.21332154435602713,0.3333333333333333,39.48571428571428,14.2
2025,9,00-0036620,Dee Eskridge,WR,MIA,5.0,8.0,3.0,0.0,31.2,61.0,74.0,22.0,51.5,-7.5,BAL,2.1666666666666665,1.0,0.03371647509578544,0.0,39.48571428571428,0.0
2025,9,00-0036626,Dyami Brown,WR,JAC,25.0,17.0,17.0,50.0,78.7,66.0,69.0,23.0,43.5,2.5,LV,4.833333333333333,4.666666666666667,0.16617300827827144,1.0,38.271428571428565,5.9
2025,9,00-0036628,John Bates,TE,WSH,13.0,11.0,5.0,17.0,71.6,63.0,59.0,22.5,47.5,-2.5,SEA,2.1999999999999997,1.3333333333333333,0.04710924107838554,0.3333333333333333,15.4,4.0
2025,9,00-0036630,Tylan Wallace,WR,BAL,5.0,5.0,4.0,0.0,34.2,100.0,24.0,29.5,51.5,7.5,MIA,1.3333333333333333,1.0,0.03737373737373737,0.0,26.0875,0.0
2025,9,00-0036637,Noah Gray,TE,KC,23.0,20.0,8.0,17.0,70.5,92.0,25.0,28.0,53.5,2.5,BUF,4.2,2.3333333333333335,0.07528011204481792,0.3333333333333333,5.6571428571428575,0.0
2025,9,00-0036646,Simi Fehoko,WR,ARI,0.0,0.0,0.0,0.0,56.8,76.0,80.0,25.0,53.5,-3.5,DAL,0.0,0.0,0.0,0.0,41.2375,0.0
2025,9,00-0036754,Brock Wright,TE,DET,19.0,23.0,8.0,17.0,36.6,95.0,53.0,28.5,47.5,9.5,MIN,4.733333333333333,2.0,0.07919254658385093,0.3333333333333333,13.842857142857143,2.1
2025,9,00-0036755,Jaret Patterson,RB,LAC,46.0,9.0,26.0,0.0,56.8,88.0,64.0,27.25,44.5,10.0,TEN,3.0,11.0,0.2558139534883721,0.0,28.375,4.4
2025,9,00-0036825,Feleipe Franks,TE,ATL,3.0,0.0,1.0,0.0,37.2,50.0,70.0,20.0,45.5,-5.5,NE,0.06666666666666667,0.3333333333333333,0.010416666666666666,0.0,18.814285714285713,0.0
2025,9,00-0036862,Ben Skowronek,WR,PIT,2.0,3.0,1.0,0.0,31.2,71.0,73.0,24.0,51.5,-3.5,IND,0.7666666666666666,0.3333333333333333,0.01075268817204301,0.0,39.199999999999996,0.0
2025,9,00-0036887,Luke Farrell,TE,SF,3.0,3.0,2.0,0.0,31.2,76.0,52.0,25.0,47.5,2.5,NYG,0.7000000000000001,0.3333333333333333,0.015151515151515152,0.0,13.4075,1.9
2025,9,00-0036894,Pat Freiermuth,TE,PIT,35.0,55.0,12.0,33.0,43.9,71.0,62.0,24.0,51.5,-3.5,IND,11.5,3.6666666666666665,0.11741551459293394,0.6666666666666666,16.4875,11.7
2025,9,00-0036898,Davis Mills,QB,HOU,16.0,4.0,36.0,0.0,56.8,55.0,32.0,21.0,40.5,1.5,DEN,1.22,7.0,0.09090909090909091,0.0,15.135,6.18
2025,9,00-0036900,Ja'Marr Chase,WR,CIN,100.0,100.0,48.0,100.0,78.5,72.0,48.0,24.25,51.5,-3.0,CHI,28.100000000000005,18.333333333333332,0.4831228956228956,2.6666666666666665,32.44285714285714,17.1
2025,9,00-0036919,Kenny Gainwell,RB,PIT,34.0,20.0,33.0,0.0,69.0,71.0,30.0,24.0,51.5,-3.5,IND,6.2,8.0,0.3277884451271548,0.0,18.3,7.4
2025,9,00-0036963,Amon-Ra St. Brown,WR,DET,55.0,62.0,39.0,33.0,90.5,95.0,33.0,28.5,47.5,9.5,MIN,17.433333333333334,10.0,0.38743194540295983,0.6666666666666666,28.5,18.7
2025,9,00-0036970,Kyle Pitts,TE,ATL,74.0,53.0,24.0,33.0,68.7,50.0,70.0,20.0,45.5,-5.5,NE,10.966666666666667,7.666666666666667,0.23560334528076463,0.6666666666666666,18.814285714285713,7.8
2025,9,00-0036971,Trevor Lawrence,QB,JAC,98.0,79.0,87.0,47.0,84.3,66.0,49.0,23.0,43.5,2.5,LV,22.366666666666664,43.333333333333336,0.21787374418953367,5.0,18.91142857142857,23.2
2025,9,00-0036972,Mac Jones,QB,SF,82.0,48.0,75.0,31.0,82.2,76.0,60.0,25.0,47.5,2.5,NYG,13.46,36.333333333333336,0.18628389154704947,3.3333333333333335,21.4725,17.8
2025,9,00-0036973,Travis Etienne,RB,JAC,62.0,26.0,65.0,33.0,85.0,66.0,42.0,23.0,43.5,2.5,LV,8.266666666666667,14.666666666666666,0.6510487563119142,1.3333333333333333,21.914285714285715,16.5
2025,9,00-0036980,Elijah Moore,WR,BUF,13.0,3.0,9.0,0.0,39.4,79.0,24.0,25.5,53.5,-2.5,KC,0.7999999999999999,2.3333333333333335,0.09402870680044594,0.0,26.0,3.8
2025,9,00-0036984,Trey Sermon,RB,PIT,0.0,0.0,0.0,0.0,56.8,71.0,30.0,24.0,51.5,-3.5,IND,0.0,0.0,0.0,0.0,18.3,0.0
2025,9,00-0036997,Javonte Williams,RB,DAL,83.0,47.0,71.0,100.0,79.3,95.0,44.0,28.5,53.5,3.5,ARI,15.033333333333333,19.666666666666668,0.714079632985056,4.0,22.357142857142858,9.3
2025,9,00-0037004,Hunter Long,TE,JAC,23.0,14.0,7.0,0.0,67.8,66.0,43.0,23.0,43.5,2.5,LV,2.9333333333333336,2.3333333333333335,0.07402597402597404,0.0,10.928571428571429,1.6
2025,9,00-0037005,Tommy Tremble,TE,CAR,19.0,17.0,9.0,0.0,34.0,26.0,67.0,15.5,43.5,-12.5,GB,3.4333333333333336,2.0,0.0887375052872949,0.0,17.928571428571427,0.0
2025,9,00-0037085,Tyler Badie,RB,DEN,7.0,7.0,4.0,0.0,54.9,47.0,31.0,19.5,40.5,-1.5,HOU,2.3666666666666667,1.6666666666666667,0.04460767758640099,0.0,18.728571428571428,2.6
2025,9,00-0037120,Tyler Goodson,RB,IND,7.0,2.0,7.0,0.0,56.8,89.0,39.0,27.5,51.5,3.5,PIT,0.6,1.6666666666666667,0.07126322751322751,0.0,21.0,1.8
2025,9,00-0037157,Bam Knight,RB,ARI,51.0,33.0,43.0,58.0,72.0,76.0,62.0,25.0,53.5,-3.5,DAL,10.399999999999999,12.0,0.4328422704183353,2.3333333333333335,27.725,6.7
2025,9,00-0037228,Jaylen Warren,RB,PIT,70.0,39.0,75.0,33.0,72.9,71.0,30.0,24.0,51.5,-3.5,IND,12.466666666666669,16.666666666666668,0.7465107100187746,1.3333333333333333,18.3,16.9
2025,9,00-0037238,Drake London,WR,ATL,65.0,77.0,39.0,50.0,71.0,50.0,38.0,20.0,45.5,-5.5,NE,21.666666666666668,12.0,0.392840731550409,1.0,29.7125,38.8
2025,9,00-0037239,Chris Olave,WR,NO,55.0,67.0,31.0,50.0,76.5,25.0,41.0,15.25,44.5,-14.0,LA,18.866666666666664,10.0,0.30569616763165147,1.0,30.699999999999996,8.7
2025,9,00-0037240,Jameson Williams,WR,DET,20.0,24.0,13.0,0.0,36.6,95.0,33.0,28.5,47.5,9.5,MIN,6.866666666666667,3.6666666666666665,0.13482304062014208,0.0,28.5,16.6
2025,9,00-0037247,George Pickens,WR,DAL,47.0,70.0,26.0,33.0,72.8,95.0,39.0,28.5,53.5,3.5,ARI,19.599999999999998,8.666666666666666,0.26022408963585436,0.6666666666666666,30.042857142857144,13.9
2025,9,00-0037248,James Cook,RB,BUF,73.0,50.0,60.0,50.0,66.3,79.0,29.0,25.5,53.5,-2.5,KC,15.733333333333333,17.333333333333332,0.6005883962780515,2.0,18.087500000000002,13.5
2025,9,00-0037261,Khalil Shakir,WR,BUF,40.0,45.0,28.0,67.0,70.0,79.0,24.0,25.5,53.5,-2.5,KC,12.700000000000001,7.333333333333333,0.2770460923384462,1.3333333333333333,26.0,11.3
2025,9,00-0037263,Tyler Allgeier,RB,ATL,30.0,23.0,28.0,42.0,63.2,50.0,25.0,20.0,45.5,-5.5,NE,7.266666666666666,7.0,0.28223961627661814,1.6666666666666667,17.075,0.6
2025,9,00-0037291,Jalen Nailor,WR,MIN,18.0,15.0,10.0,33.0,50.1,45.0,62.0,19.0,47.5,-9.5,DET,4.3,3.3333333333333335,0.0990075851968435,0.6666666666666666,36.457142857142856,2.6
2025,9,00-0037292,Andrew Ogletree,TE,IND,3.0,0.0,1.0,0.0,41.8,89.0,73.0,27.5,51.5,3.5,PIT,0.0,0.3333333333333333,0.011904761904761904,0.0,19.52857142857143,0.0
2025,9,00-0037348,Tanner Conner,TE,MIA,19.0,13.0,7.0,17.0,68.7,61.0,54.0,22.0,51.5,-7.5,BAL,2.733333333333334,2.0,0.07046861184792219,0.3333333333333333,14.0,0.0
2025,9,00-0037525,Jordan Mason,RB,MIN,52.0,29.0,58.0,42.0,60.8,45.0,26.0,19.0,47.5,-9.5,DET,9.299999999999999,12.333333333333334,0.5773360200470176,1.6666666666666667,17.32857142857143,4.7
2025,9,00-0037545,Rashid Shaheed,WR,NO,49.0,37.0,25.0,17.0,74.8,25.0,41.0,15.25,44.5,-14.0,LA,10.433333333333334,9.0,0.253697270471464,0.3333333333333333,30.699999999999996,11.8
2025,9,00-0037563,Malik Davis,RB,DAL,4.0,0.0,3.0,0.0,31.2,95.0,44.0,28.5,53.5,3.5,ARI,0.15,1.0,0.03225806451612903,0.0,22.357142857142858,0.3
2025,9,00-0037594,Julius Chestnut,RB,TEN,3.0,1.0,3.0,0.0,31.2,36.0,40.0,17.25,44.5,-10.0,LAC,0.16666666666666666,0.6666666666666666,0.02666666666666667,0.0,21.3875,0.0
2025,9,00-0037654,Tucker Fisk,TE,LAC,10.0,0.0,2.0,0.0,79.8,88.0,46.0,27.25,44.5,10.0,TEN,0.0,1.0,0.024624624624624628,0.0,11.712499999999999,2.2
2025,9,00-0037664,Alec Pierce,WR,IND,35.0,36.0,21.0,0.0,68.0,89.0,71.0,27.5,51.5,3.5,PIT,10.166666666666668,6.333333333333333,0.20813492063492064,0.0,38.7,17.5
2025,9,00-0037744,Trey McBride,TE,ARI,100.0,96.0,30.0,100.0,73.1,76.0,48.0,25.0,53.5,-3.5,DAL,19.9,10.333333333333334,0.29924585218702865,3.0,12.4375,16.5
2025,9,00-0037746,Brian Robinson,RB,SF,17.0,8.0,11.0,0.0,34.4,76.0,52.0,25.0,47.5,2.5,NYG,2.466666666666667,4.0,0.1067251461988304,0.0,24.8125,11.3
2025,9,00-0037801,KaVontae Turpin,WR,DAL,20.0,12.0,11.0,0.0,49.9,95.0,39.0,28.5,53.5,3.5,ARI,3.3000000000000003,3.6666666666666665,0.10663839084891717,0.0,30.042857142857144,3.3
2025,9,00-0037809,Chig Okonkwo,TE,TEN,42.0,32.0,12.0,17.0,55.1,36.0,42.0,17.25,44.5,-10.0,LAC,6.633333333333333,4.333333333333333,0.12470190779014308,0.3333333333333333,10.525,3.0
2025,9,00-0037816,Romeo Doubs,WR,GB,42.0,37.0,27.0,33.0,81.0,92.0,20.0,28.0,43.5,12.5,CAR,10.366666666666667,7.666666666666667,0.26776556776556776,0.6666666666666666,24.9,16.1
2025,9,00-0037837,Calvin Austin III,WR,PIT,24.0,27.0,17.0,17.0,63.2,71.0,73.0,24.0,51.5,-3.5,IND,7.5,4.333333333333333,0.1705767350928641,0.3333333333333333,39.199999999999996,10.6
2025,9,00-0037838,Isaiah Likely,TE,BAL,16.0,12.0,7.0,17.0,82.3,100.0,57.0,29.5,51.5,7.5,MIA,2.5333333333333337,1.6666666666666667,0.06780303030303031,0.3333333333333333,14.9,9.0
2025,9,00-0037840,Kyren Williams,RB,LA,76.0,61.0,75.0,67.0,67.3,99.0,45.0,29.25,44.5,14.0,NO,19.433333333333334,18.0,0.7464113223108725,2.6666666666666665,22.799999999999997,17.4
2025,9,00-0038041,Jake Ferguson,TE,DAL,35.0,55.0,12.0,100.0,36.4,95.0,61.0,28.5,53.5,3.5,ARI,11.4,3.6666666666666665,0.11671335200746967,2.0,16.15714285714286,10.0
2025,9,00-0038046,Charlie Kolar,TE,BAL,10.0,16.0,4.0,17.0,67.5,100.0,57.0,29.5,51.5,7.5,MIA,3.3333333333333335,1.0,0.042234848484848486,0.3333333333333333,14.9,10.3
2025,9,00-0038090,Skyy Moore,WR,SF,4.0,3.0,3.0,0.0,35.4,76.0,67.0,25.0,47.5,2.5,NYG,0.8333333333333334,0.6666666666666666,0.02664576802507837,0.0,37.6625,3.1
2025,9,00-0038104,Tyquan Thornton,WR,KC,16.0,30.0,8.0,50.0,65.1,92.0,39.0,28.0,53.5,2.5,BUF,8.333333333333334,3.0,0.08032212885154062,1.0,30.042857142857144,0.0
2025,9,00-0038117,Wan'Dale Robinson,WR,NYG,42.0,52.0,27.0,33.0,68.3,63.0,48.0,22.5,47.5,-2.5,SF,14.566666666666668,7.666666666666667,0.2715617715617715,0.6666666666666666,32.4125,13.6
2025,9,00-0038124,Christian Watson,WR,GB,22.0,44.0,11.0,0.0,56.8,92.0,20.0,28.0,43.5,12.5,CAR,12.5,4.0,0.11428571428571428,0.0,24.9,7.8
2025,9,00-0038134,Kenneth Walker III,RB,SEA,55.0,22.0,49.0,50.0,80.1,76.0,43.0,25.0,47.5,2.5,WSH,6.966666666666666,13.0,0.49028177704648296,2.0,22.075,8.1
2025,9,00-0038359,Xavier Smith,WR,LA,5.0,4.0,3.0,17.0,31.2,99.0,36.0,29.25,44.5,14.0,NO,1.1666666666666667,1.0,0.030303030303030304,0.3333333333333333,29.3625,3.2
2025,9,00-0038416,Tyson Bagent,QB,CHI,11.0,6.0,30.0,0.0,56.8,88.0,57.0,27.25,51.5,3.0,CIN,1.78,5.0,0.07407407407407407,0.0,20.77,0.8
2025,9,00-0038440,Zavier Scott,RB,MIN,20.0,8.0,22.0,17.0,77.1,45.0,26.0,19.0,47.5,-9.5,DET,2.6,4.666666666666667,0.221810073983987,0.6666666666666666,17.32857142857143,0.0
2025,9,00-0038454,Keaton Mitchell,RB,BAL,11.0,7.0,11.0,17.0,35.4,100.0,55.0,29.5,51.5,7.5,MIA,2.1999999999999997,2.6666666666666665,0.10739348370927317,0.6666666666666666,25.7875,2.8
2025,9,00-0038465,Malik Heath,WR,GB,7.0,9.0,4.0,0.0,31.2,92.0,20.0,28.0,43.5,12.5,CAR,2.6,1.3333333333333333,0.03783068783068783,0.0,24.9,2.1
2025,9,00-0038519,Nikko Remigio,WR,KC,0.0,0.0,0.0,0.0,56.8,92.0,39.0,28.0,53.5,2.5,BUF,0.0,0.0,0.0,0.0,30.042857142857144,0.0
2025,9,00-0038542,Bijan Robinson,RB,ATL,86.0,68.0,80.0,33.0,69.0,50.0,25.0,20.0,45.5,-5.5,NE,21.599999999999998,20.333333333333332,0.8011495010190455,1.3333333333333333,17.075,17.6
2025,9,00-0038543,Jaxon Smith-Njigba,WR,SEA,65.0,99.0,43.0,33.0,86.2,76.0,58.0,25.0,47.5,2.5,WSH,27.900000000000002,12.0,0.42971038990308763,0.6666666666666666,35.2875,22.0
2025,9,00-0038544,Quentin Johnston,WR,LAC,44.0,52.0,21.0,33.0,59.1,88.0,58.0,27.25,44.5,10.0,TEN,14.566666666666668,8.0,0.20816649983316649,0.6666666666666666,35.375,15.3
2025,9,00-0038547,Luke Schoonmaker,TE,DAL,23.0,12.0,7.0,33.0,71.0,95.0,61.0,28.5,53.5,3.5,ARI,2.533333333333333,2.3333333333333335,0.07198879551820728,0.6666666666666666,16.15714285714286,2.4
2025,9,00-0038558,Darnell Washington,TE,PIT,42.0,38.0,16.0,67.0,81.7,71.0,62.0,24.0,51.5,-3.5,IND,7.8,4.333333333333333,0.15706168831168832,1.3333333333333333,16.4875,8.3
2025,9,00-0038559,Michael Wilson,WR,ARI,24.0,23.0,13.0,33.0,83.8,76.0,80.0,25.0,53.5,-3.5,DAL,6.333333333333333,4.333333333333333,0.12639517345399698,0.6666666666666666,41.2375,9.1
2025,9,00-0038563,Tre Tucker,WR,LV,33.0,37.0,26.0,33.0,83.6,53.0,62.0,20.5,43.5,-2.5,JAC,10.466666666666667,6.0,0.26229352346999407,0.6666666666666666,36.4,6.8
2025,9,00-0038573,Derius Davis,WR,LAC,2.0,0.0,1.0,0.0,37.2,88.0,58.0,27.25,44.5,10.0,TEN,0.06666666666666667,0.3333333333333333,0.011904761904761904,0.0,35.375,0.0
2025,9,00-0038576,Charlie Jones,WR,CIN,0.0,0.0,0.0,0.0,56.8,72.0,48.0,24.25,51.5,-3.0,CHI,0.0,0.0,0.0,0.0,32.44285714285714,0.0
2025,9,00-0038597,Chase Brown,RB,CIN,58.0,47.0,60.0,67.0,75.1,72.0,49.0,24.25,51.5,-3.0,CHI,14.799999999999999,13.666666666666666,0.5974326599326599,2.6666666666666665,24.0,19.2
2025,9,00-0038606,Parker Washington,WR,JAC,36.0,29.0,24.0,17.0,59.8,66.0,69.0,23.0,43.5,2.5,LV,8.233333333333333,6.666666666666667,0.24011544011544014,0.3333333333333333,38.271428571428565,17.0
2025,9,00-0038608,Kayshon Boutte,WR,NE,22.0,67.0,17.0,0.0,71.4,79.0,29.0,25.5,45.5,5.5,ATL,18.766666666666666,4.0,0.16968599033816426,0.0,27.24285714285714,0.0
2025,9,00-0038611,Chris Rodriguez Jr.,RB,WSH,13.0,8.0,11.0,42.0,45.6,63.0,36.0,22.5,47.5,-2.5,SEA,2.6999999999999997,3.0,0.11190476190476191,1.6666666666666667,20.271428571428572,12.5
2025,9,00-0038618,Xavier Hutchinson,WR,HOU,24.0,44.0,11.0,83.0,64.7,55.0,25.0,21.0,40.5,1.5,DEN,12.333333333333334,4.333333333333333,0.11387515070987426,1.6666666666666667,26.3,6.0
2025,9,00-0038619,Andrei Iosivas,WR,CIN,20.0,11.0,9.0,33.0,66.3,72.0,48.0,24.25,51.5,-3.0,CHI,3.1333333333333333,3.6666666666666665,0.09326599326599327,0.6666666666666666,32.44285714285714,18.0
2025,9,00-0038621,DeMario Douglas,WR,NE,18.0,31.0,13.0,17.0,65.5,79.0,29.0,25.5,45.5,5.5,ATL,8.833333333333334,3.3333333333333335,0.13076259489302966,0.3333333333333333,27.24285714285714,20.0
2025,9,00-0038679,Tyrell Shavers,WR,BUF,11.0,7.0,8.0,0.0,31.2,79.0,24.0,25.5,53.5,-2.5,KC,1.9000000000000001,2.0,0.07521367521367521,0.0,26.0,1.7
2025,9,00-0038685,Chris Brooks,RB,GB,3.0,0.0,2.0,0.0,34.0,92.0,41.0,28.0,43.5,12.5,CAR,0.03333333333333333,0.6666666666666666,0.022005772005772004,0.0,21.725,4.4
2025,9,00-0038705,Emari Demercado,RB,ARI,13.0,19.0,11.0,17.0,58.7,76.0,62.0,25.0,53.5,-3.5,DAL,6.099999999999999,3.0,0.11280100899776357,0.6666666666666666,27.725,8.8
2025,9,00-0038738,Hunter Luepke,RB,DAL,6.0,11.0,4.0,0.0,44.8,95.0,44.0,28.5,53.5,3.5,ARI,3.4,1.3333333333333333,0.04147164242040902,0.0,22.357142857142858,0.0
2025,9,00-0038797,Emanuel Wilson,RB,GB,37.0,17.0,32.0,33.0,44.4,92.0,41.0,28.0,43.5,12.5,CAR,5.3,8.666666666666666,0.3211057058883146,1.3333333333333333,21.725,2.7
2025,9,00-0038839,Mitchell Tinsley,WR,CIN,7.0,12.0,5.0,17.0,49.4,72.0,48.0,24.25,51.5,-3.0,CHI,3.4000000000000004,1.3333333333333333,0.050875481108039244,0.3333333333333333,32.44285714285714,3.7
2025,9,00-0038840,Brycen Tremayne,WR,CAR,2.0,2.0,1.0,0.0,31.2,26.0,52.0,15.5,43.5,-12.5,GB,0.6333333333333333,0.3333333333333333,0.012345679012345678,0.0,33.72857142857143,1.8
2025,9,00-0038896,Jacob Saylors,RB,DET,3.0,1.0,2.0,0.0,31.2,95.0,36.0,28.5,47.5,9.5,MIN,0.3666666666666667,0.6666666666666666,0.022988505747126436,0.0,20.285714285714285,0.0
2025,9,00-0038933,Dalton Kincaid,TE,BUF,35.0,48.0,14.0,0.0,59.8,79.0,34.0,25.5,53.5,-2.5,KC,9.966666666666667,3.6666666666666665,0.1404479578392622,0.0,8.3,22.1
2025,9,00-0038938,Jalin Hyatt,WR,NYG,16.0,6.0,10.0,0.0,41.4,63.0,48.0,22.5,47.5,-2.5,SF,1.5666666666666667,3.0,0.09984459984459985,0.0,32.4125,0.0
2025,9,00-0038994,Jordan Addison,WR,MIN,40.0,58.0,21.0,100.0,69.1,45.0,62.0,19.0,47.5,-9.5,DET,16.166666666666668,7.333333333333333,0.20583207642031173,2.3333333333333335,36.457142857142856,8.4
2025,9,00-0038996,Tucker Kraft,TE,GB,68.0,100.0,23.0,100.0,58.9,92.0,58.0,28.0,43.5,12.5,CAR,20.799999999999997,7.0,0.2304029304029304,2.0,15.1,4.0
2025,9,00-0038997,Josh Downs,WR,IND,33.0,48.0,20.0,83.0,76.4,89.0,71.0,27.5,51.5,3.5,PIT,13.5,6.0,0.2023809523809524,1.6666666666666667,38.7,17.7
2025,9,00-0039032,Tyjae Spears,RB,TEN,42.0,35.0,48.0,25.0,79.2,36.0,40.0,17.25,44.5,-10.0,LAC,11.066666666666668,10.0,0.4779093799682035,1.0,21.3875,9.2
2025,9,00-0039040,De'Von Achane,RB,MIA,92.0,67.0,84.0,67.0,78.9,61.0,61.0,22.0,51.5,-7.5,BAL,21.3,21.666666666666668,0.8400631883390505,2.6666666666666665,27.442857142857143,16.6
2025,9,00-0039041,Elijah Higgins,TE,ARI,16.0,16.0,5.0,0.0,66.4,76.0,48.0,25.0,53.5,-3.5,DAL,3.233333333333333,1.6666666666666667,0.04912016088486676,0.0,12.4375,6.0
2025,9,00-0039064,Zay Flowers,WR,BAL,45.0,44.0,33.0,50.0,82.6,100.0,24.0,29.5,51.5,7.5,MIA,12.299999999999999,8.333333333333334,0.3333874458874459,1.0,26.0875,11.4
2025,9,00-0039065,Sam LaPorta,TE,DET,48.0,66.0,20.0,33.0,67.1,95.0,53.0,28.5,47.5,9.5,MIN,13.733333333333334,5.0,0.19674488152749023,0.6666666666666666,13.842857142857143,21.7
2025,9,00-0039066,Michael Mayer,TE,LV,32.0,29.0,16.0,17.0,32.5,53.0,55.0,20.5,43.5,-2.5,JAC,6.0,3.3333333333333335,0.15762197134746153,0.3333333333333333,14.400000000000002,5.6
2025,9,00-0039067,Rashee Rice,WR,KC,57.0,87.0,32.0,100.0,95.6,92.0,39.0,28.0,53.5,2.5,BUF,24.35,10.5,0.3210171568627451,3.0,30.042857142857144,18.6
2025,9,00-0039074,Davis Allen,TE,LA,16.0,12.0,5.0,0.0,64.2,99.0,50.0,29.25,44.5,14.0,NO,2.5,1.6666666666666667,0.05023478936522415,0.0,12.9375,6.7
2025,9,00-0039075,Puka Nacua,WR,LA,55.0,77.0,25.0,83.0,54.9,99.0,36.0,29.25,44.5,14.0,NO,21.766666666666666,10.0,0.25041806020066887,1.6666666666666667,29.3625,22.8
2025,9,00-0039139,Jahmyr Gibbs,RB,DET,75.0,64.0,63.0,83.0,68.2,95.0,36.0,28.5,47.5,9.5,MIN,20.333333333333332,17.666666666666668,0.6340634171250114,3.3333333333333335,20.285714285714285,5.8
2025,9,00-0039144,Luke Musgrave,TE,GB,13.0,8.0,4.0,0.0,76.6,92.0,58.0,28.0,43.5,12.5,CAR,1.6000000000000003,1.3333333333333333,0.044424094424094424,0.0,15.1,6.4
2025,9,00-0039150,Bryce Young,QB,CAR,66.0,56.0,30.0,56.0,85.1,26.0,42.0,15.5,43.5,-12.5,GB,15.666666666666666,29.333333333333332,0.07608430799220273,6.0,17.502857142857142,4.98
2025,9,00-0039163,C.J. Stroud,QB,HOU,94.0,80.0,46.0,72.0,81.2,55.0,32.0,21.0,40.5,1.5,DEN,22.713333333333328,41.666666666666664,0.11413151119033471,7.666666666666667,15.135,4.36
2025,9,00-0039165,Zach Charbonnet,RB,SEA,54.0,38.0,48.0,92.0,76.8,76.0,43.0,25.0,47.5,2.5,WSH,12.0,12.666666666666666,0.4815435128315453,3.6666666666666665,22.075,5.6
2025,9,00-0039299,George Holani,RB,SEA,0.0,0.0,0.0,0.0,56.8,76.0,43.0,25.0,47.5,2.5,WSH,0.0,0.0,0.0,0.0,22.075,0.9
2025,9,00-0039338,Brock Bowers,TE,LV,61.0,42.0,22.0,67.0,85.6,53.0,55.0,20.5,43.5,-2.5,JAC,8.733333333333333,6.333333333333333,0.2237438989376974,1.3333333333333333,14.400000000000002,43.3
2025,9,00-0039342,Xavier Legette,WR,CAR,29.0,37.0,19.0,67.0,36.6,26.0,52.0,15.5,43.5,-12.5,GB,10.333333333333334,5.333333333333333,0.19350386250807008,1.3333333333333333,33.72857142857143,3.2
2025,9,00-0039355,Luke McCaffrey,WR,WSH,11.0,19.0,7.0,0.0,52.0,63.0,41.0,22.5,47.5,-2.5,SEA,5.233333333333333,2.0,0.06872759856630824,0.0,30.657142857142855,0.0
2025,9,00-0039356,Ja'Tavion Sanders,TE,CAR,23.0,13.0,9.0,50.0,60.6,26.0,67.0,15.5,43.5,-12.5,GB,2.6666666666666665,2.3333333333333335,0.09276141499142902,1.0,17.928571428571427,1.5
2025,9,00-0039363,Isaac Guerendo,RB,SF,0.0,0.0,0.0,0.0,56.8,76.0,52.0,25.0,47.5,2.5,NYG,0.0,0.0,0.0,0.0,24.8125,0.0
2025,9,00-0039364,Sione Vaki,RB,DET,0.0,0.0,0.0,0.0,56.8,95.0,36.0,28.5,47.5,9.5,MIN,0.0,0.0,0.0,0.0,20.285714285714285,0.0
2025,9,00-0039384,Tyrone Tracy Jr.,RB,NYG,37.0,19.0,33.0,17.0,52.6,63.0,46.0,22.5,47.5,-2.5,SF,6.166666666666667,8.666666666666666,0.33212273837273837,0.6666666666666666,23.1625,6.7
2025,9,00-0039391,Kimani Vidal,RB,LAC,86.0,52.0,70.0,100.0,75.8,88.0,64.0,27.25,44.5,10.0,TEN,16.666666666666668,20.333333333333332,0.6995242682502983,4.666666666666667,28.375,3.0
2025,9,00-0039407,Dylan Laube,RB,LV,4.0,1.0,8.0,0.0,31.2,53.0,29.0,20.5,43.5,-2.5,JAC,0.46666666666666673,1.0,0.08021390374331551,0.0,18.185714285714287,0.0
2025,9,00-0039410,Ryan Flournoy,WR,DAL,16.0,9.0,10.0,17.0,31.2,95.0,39.0,28.5,53.5,3.5,ARI,2.6666666666666665,3.0,0.09541500810850656,0.3333333333333333,30.042857142857144,9.2
2025,9,00-0039491,Jalen Coker,WR,CAR,16.0,12.0,12.0,0.0,52.1,26.0,52.0,15.5,43.5,-12.5,GB,3.3,3.0,0.11921458625525946,0.0,33.72857142857143,1.9
2025,9,00-0039530,Brevyn Spann-Ford,TE,DAL,6.0,5.0,2.0,0.0,37.1,95.0,61.0,28.5,53.5,3.5,ARI,1.0333333333333332,0.6666666666666666,0.019327731092436976,0.0,16.15714285714286,0.0
2025,9,00-0039603,British Brooks,RB,HOU,4.0,2.0,3.0,0.0,31.2,55.0,34.0,21.0,40.5,1.5,DEN,0.75,1.0,0.030303030303030304,0.0,19.4625,0.0
2025,9,00-0039648,David Martin-Robinson,TE,TEN,3.0,11.0,1.0,17.0,31.2,36.0,42.0,17.25,44.5,-10.0,LAC,2.3666666666666667,0.3333333333333333,0.00980392156862745,0.3333333333333333,10.525,0.0
2025,9,00-0039732,Bo Nix,QB,DEN,90.0,89.0,59.0,88.0,76.8,47.0,20.0,19.5,40.5,-1.5,HOU,25.033333333333335,40.0,0.14801587301587302,9.333333333333334,12.514285714285716,18.52
2025,9,00-0039738,Blake Corum,RB,LA,30.0,9.0,26.0,33.0,48.3,99.0,45.0,29.25,44.5,14.0,NO,2.966666666666667,7.0,0.2558218996562325,1.3333333333333333,22.799999999999997,5.8
2025,9,00-0039739,Roman Wilson,WR,PIT,15.0,28.0,9.0,0.0,39.6,71.0,73.0,24.0,51.5,-3.5,IND,7.766666666666666,2.6666666666666665,0.0865015360983103,0.0,39.199999999999996,1.4
2025,9,00-0039757,Terrell Jennings,RB,NE,15.0,5.0,10.0,0.0,74.8,79.0,46.0,25.5,45.5,5.5,ATL,1.65,3.5,0.09801587301587301,0.0,23.157142857142862,11.4
2025,9,00-0039793,AJ Barner,TE,SEA,45.0,58.0,15.0,50.0,55.8,76.0,57.0,25.0,47.5,2.5,WSH,12.1,4.666666666666667,0.15487788636875857,1.0,14.862499999999999,11.5
2025,9,00-0039796,Rasheen Ali,RB,BAL,0.0,0.0,0.0,0.0,56.8,100.0,55.0,29.5,51.5,7.5,MIA,0.0,0.0,0.0,0.0,25.7875,0.0
2025,9,00-0039847,Theo Johnson,TE,NYG,48.0,41.0,18.0,0.0,67.2,63.0,47.0,22.5,47.5,-2.5,SF,8.433333333333334,5.0,0.1825951825951826,0.0,11.95,11.7
2025,9,00-0039849,Marvin Harrison Jr.,WR,ARI,24.0,32.0,13.0,0.0,64.9,76.0,80.0,25.0,53.5,-3.5,DAL,8.933333333333334,4.333333333333333,0.13147310206133736,0.0,41.2375,22.6
2025,9,00-0039851,Drake Maye,QB,NE,73.0,90.0,95.0,63.0,93.8,79.0,34.0,25.5,45.5,5.5,ATL,25.53333333333333,32.333333333333336,0.23751493428912784,6.666666666666667,15.708571428571428,20.36
2025,9,00-0039868,Troy Franklin,WR,DEN,42.0,51.0,23.0,100.0,63.5,47.0,24.0,19.5,40.5,-1.5,HOU,14.299999999999999,7.666666666666667,0.23430280252975288,2.0,26.014285714285712,6.3
2025,9,00-0039875,Ray Davis,RB,BUF,20.0,12.0,15.0,25.0,31.2,79.0,29.0,25.5,53.5,-2.5,KC,3.8666666666666667,4.666666666666667,0.14883657072562617,1.0,18.087500000000002,0.0
2025,9,00-0039880,Malik Washington,WR,MIA,35.0,33.0,23.0,67.0,77.5,61.0,74.0,22.0,51.5,-7.5,BAL,9.3,6.333333333333333,0.22712938402593577,1.3333333333333333,39.48571428571428,9.1
2025,9,00-0039890,Adonai Mitchell,WR,IND,5.0,2.0,3.0,0.0,70.2,89.0,71.0,27.5,51.5,3.5,PIT,0.6,1.0,0.03343253968253968,0.0,38.7,1.7
2025,9,00-0039893,Brian Thomas Jr.,WR,JAC,42.0,49.0,26.0,17.0,72.4,66.0,69.0,23.0,43.5,2.5,LV,13.700000000000001,7.666666666666667,0.25685425685425683,0.3333333333333333,38.271428571428565,8.5
2025,9,00-0039894,Xavier Worthy,WR,KC,31.0,34.0,18.0,67.0,84.2,92.0,39.0,28.0,53.5,2.5,BUF,9.566666666666668,5.666666666666667,0.17937573473460033,1.3333333333333333,30.042857142857144,6.0
2025,9,00-0039901,Keon Coleman,WR,BUF,31.0,27.0,21.0,33.0,73.6,79.0,24.0,25.5,53.5,-2.5,KC,7.466666666666666,5.666666666666667,0.21267186919360834,0.6666666666666666,26.0,3.7
2025,9,00-0039910,Jayden Daniels,QB,WSH,75.0,74.0,100.0,38.0,88.6,63.0,45.0,22.5,47.5,-2.5,SEA,20.84,33.333333333333336,0.2980030721966206,4.0,18.148571428571426,17.22
2025,9,00-0039915,Ladd McConkey,WR,LAC,62.0,71.0,31.0,100.0,82.1,88.0,58.0,27.25,44.5,10.0,TEN,19.833333333333332,11.333333333333334,0.3104288499025341,2.0,35.375,9.6
2025,9,00-0039917,Michael Penix Jr.,QB,ATL,78.0,59.0,36.0,34.0,88.9,50.0,39.0,20.0,45.5,-5.5,NE,16.52,34.666666666666664,0.0902027027027027,3.6666666666666665,16.825,22.74
2025,9,00-0039918,Caleb Williams,QB,CHI,78.0,48.0,50.0,59.0,80.6,88.0,57.0,27.25,51.5,3.0,CIN,13.62,34.666666666666664,0.12619431025228126,6.333333333333333,20.77,38.7
2025,9,00-0039919,Rome Odunze,WR,CHI,38.0,34.0,23.0,17.0,63.2,88.0,38.0,27.25,51.5,3.0,CIN,9.566666666666666,7.0,0.23270935960591133,0.3333333333333333,29.825000000000003,0.0
2025,9,00-0039923,J.J. McCarthy,QB,MIN,54.0,55.0,68.0,47.0,80.2,45.0,54.0,19.0,47.5,-9.5,DET,15.52,24.0,0.1700404858299595,5.0,20.085714285714285,20.92
2025,9,00-0040009,Savion Williams,WR,GB,5.0,10.0,3.0,17.0,31.2,92.0,20.0,28.0,43.5,12.5,CAR,2.733333333333334,1.0,0.032445332445332445,0.3333333333333333,24.9,3.2
2025,9,00-0040075,LaJohntay Wester,WR,BAL,0.0,0.0,0.0,0.0,56.8,100.0,24.0,29.5,51.5,7.5,MIA,0.0,0.0,0.0,0.0,26.0875,0.0
2025,9,00-0040078,Brashard Smith,RB,KC,37.0,20.0,24.0,58.0,31.2,92.0,54.0,28.0,53.5,2.5,BUF,6.333333333333333,8.666666666666666,0.24379312700690034,2.3333333333333335,25.385714285714283,0.7
2025,9,00-0040122,Ashton Jeanty,RB,LV,77.0,39.0,75.0,58.0,67.1,53.0,29.0,20.5,43.5,-2.5,JAC,12.299999999999999,18.333333333333332,0.753096900376312,2.3333333333333335,18.185714285714287,19.9
2025,9,00-0040124,Tetairoa McMillan,WR,CAR,36.0,49.0,28.0,67.0,67.2,26.0,52.0,15.5,43.5,-12.5,GB,13.699999999999998,6.666666666666667,0.2780560564571785,1.3333333333333333,33.72857142857143,8.6
2025,9,00-0040126,Colston Loveland,TE,CHI,39.0,25.0,14.0,50.0,79.3,88.0,80.0,27.25,51.5,3.0,CIN,5.1,4.0,0.1354351395730706,1.0,21.712500000000002,29.8
2025,9,00-0040128,Tyler Warren,TE,IND,61.0,71.0,21.0,83.0,74.8,89.0,73.0,27.5,51.5,3.5,PIT,14.833333333333334,6.333333333333333,0.21160714285714288,1.6666666666666667,19.52857142857143,7.6
2025,9,00-0040130,Jayden Higgins,WR,HOU,27.0,24.0,13.0,50.0,49.5,55.0,25.0,21.0,40.5,1.5,DEN,6.866666666666667,5.0,0.13492532171944588,1.0,26.3,1.4
2025,9,00-0040131,Kyle Williams,WR,NE,7.0,-0.0,5.0,0.0,55.2,79.0,29.0,25.5,45.5,5.5,ATL,-0.06666666666666667,1.3333333333333333,0.05316091954022989,0.0,27.24285714285714,0.0
2025,9,00-0040134,Pat Bryant,WR,DEN,18.0,21.0,10.0,33.0,58.8,47.0,24.0,19.5,40.5,-1.5,HOU,5.933333333333334,3.3333333333333335,0.1033925360166495,0.6666666666666666,26.014285714285712,4.0
2025,9,00-0040138,Jaylin Noel,WR,HOU,31.0,39.0,15.0,33.0,86.2,55.0,25.0,21.0,40.5,1.5,DEN,10.933333333333332,5.666666666666667,0.14571529124566698,0.6666666666666666,26.3,-0.3
2025,9,00-0040142,Kaleb Johnson,RB,PIT,20.0,4.0,17.0,17.0,48.5,71.0,30.0,24.0,51.5,-3.5,IND,1.2666666666666668,4.666666666666667,0.1738816738816739,0.6666666666666666,18.3,2.3
2025,9,00-0040154,Tai Felton,WR,MIN,0.0,0.0,0.0,0.0,56.8,45.0,62.0,19.0,47.5,-9.5,DET,0.0,0.0,0.0,0.0,36.457142857142856,0.0
2025,9,00-0040164,Jaylin Lane,WR,WSH,20.0,18.0,13.0,0.0,53.2,63.0,41.0,22.5,47.5,-2.5,SEA,5.133333333333334,3.6666666666666665,0.12526881720430108,0.0,30.657142857142855,5.9
2025,9,00-0040170,Elic Ayomanor,WR,TEN,33.0,23.0,17.0,17.0,78.7,36.0,30.0,17.25,44.5,-10.0,LAC,6.6000000000000005,6.0,0.17317501324854268,0.3333333333333333,27.490000000000002,7.6
2025,9,00-0040172,Jordan Watkins,WR,SF,11.0,6.0,7.0,0.0,56.8,76.0,67.0,25.0,47.5,2.5,NYG,1.7,2.0,0.06896551724137931,0.0,37.6625,2.9
2025,9,00-0040184,KeAndre Lambert-Smith,WR,LAC,4.0,1.0,2.0,17.0,31.2,88.0,58.0,27.25,44.5,10.0,TEN,0.3666666666666667,0.6666666666666666,0.017543859649122806,0.3333333333333333,35.375,0.0
2025,9,00-0040189,Oronde Gadsden II,TE,LAC,71.0,99.0,20.0,100.0,79.1,88.0,46.0,27.25,44.5,10.0,TEN,20.63333333333333,7.333333333333333,0.19517543859649122,2.0,11.712499999999999,11.8
2025,9,00-0040194,Jackson Hawes,TE,BUF,16.0,22.0,7.0,33.0,53.6,79.0,34.0,25.5,53.5,-2.5,KC,4.5,1.6666666666666667,0.07097545503342605,0.6666666666666666,8.3,2.8
2025,9,00-0040198,Ollie Gordon II,RB,MIA,30.0,18.0,25.0,25.0,50.0,61.0,61.0,22.0,51.5,-7.5,BAL,5.7,7.0,0.24571798709729742,1.0,27.442857142857143,1.9
2025,9,00-0040202,Devin Neal,RB,NO,8.0,5.0,7.0,0.0,44.0,25.0,20.0,15.25,44.5,-14.0,LA,1.7,2.0,0.0699108734402852,0.0,15.471428571428572,2.2
2025,9,00-0040208,Tahj Brooks,RB,CIN,0.0,0.0,0.0,0.0,56.8,72.0,49.0,24.25,51.5,-3.0,CHI,0.0,0.0,0.0,0.0,24.0,0.1
2025,9,00-0040218,Jimmy Horn Jr.,WR,CAR,16.0,12.0,11.0,0.0,67.5,26.0,52.0,15.5,43.5,-12.5,GB,3.3666666666666667,3.0,0.10958487460665063,0.0,33.72857142857143,1.8
2025,9,00-0040236,Kyle Monangai,RB,CHI,41.0,26.0,32.0,42.0,53.6,88.0,80.0,27.25,51.5,3.0,CIN,8.4,9.666666666666666,0.3230052566309438,1.6666666666666667,33.0475,22.8
2025,9,00-0040238,LeQuint Allen Jr.,RB,JAC,6.0,4.0,5.0,0.0,32.6,66.0,42.0,23.0,43.5,2.5,LV,1.2,1.3333333333333333,0.04669248879775195,0.0,21.914285714285715,2.1
2025,9,00-0040242,Jacory Croskey-Merritt,RB,WSH,61.0,15.0,53.0,17.0,74.5,63.0,36.0,22.5,47.5,-2.5,SEA,4.833333333333333,14.333333333333334,0.534062980030722,0.6666666666666666,20.271428571428572,5.1
2025,9,00-0040277,Jahdae Walker,WR,CHI,0.0,0.0,0.0,0.0,56.8,88.0,38.0,27.25,51.5,3.0,CIN,0.0,0.0,0.0,0.0,29.825000000000003,0.0
2025,9,00-0040506,Myles Price,WR,MIN,0.0,0.0,0.0,0.0,56.8,45.0,62.0,19.0,47.5,-9.5,DET,0.0,0.0,0.0,0.0,36.457142857142856,0.0
2025,9,00-0040509,Ben Yurosek,TE,MIN,6.0,2.0,2.0,0.0,31.2,45.0,51.0,19.0,47.5,-9.5,DET,0.5,0.6666666666666666,0.022222222222222223,0.0,13.214285714285714,0.0
2025,9,00-0040534,Ke'Shawn Williams,WR,PIT,0.0,0.0,0.0,0.0,56.8,71.0,73.0,24.0,51.5,-3.5,IND,0.0,0.0,0.0,0.0,39.199999999999996,0.0
2025,9,00-0040563,Efton Chism III,WR,NE,0.0,0.0,0.0,0.0,56.8,79.0,29.0,25.5,45.5,5.5,ATL,0.0,0.0,0.0,0.0,27.24285714285714,0.0
2025,9,00-0040583,Woody Marks,RB,HOU,54.0,31.0,45.0,50.0,63.6,55.0,34.0,21.0,40.5,1.5,DEN,10.0,12.666666666666666,0.45070964545973125,2.0,19.4625,2.7
2025,9,00-0040584,Gunnar Helm,TE,TEN,35.0,34.0,11.0,50.0,71.6,36.0,42.0,17.25,44.5,-10.0,LAC,7.133333333333333,3.6666666666666665,0.10852212506624272,1.0,10.525,2.5
2025,9,00-0040644,Trevor Etienne,RB,CAR,10.0,3.0,7.0,8.0,36.7,26.0,24.0,15.5,43.5,-12.5,GB,1.0999999999999999,2.3333333333333335,0.07393483709273183,0.3333333333333333,16.728571428571428,0.0
2025,9,00-0040648,Tory Horton,WR,SEA,15.0,15.0,9.0,33.0,49.5,76.0,58.0,25.0,47.5,2.5,WSH,4.3,2.6666666666666665,0.08758733378408834,0.6666666666666666,35.2875,20.8
2025,9,00-0040649,Robbie Ouzts,RB,SEA,0.0,0.0,0.0,0.0,56.8,76.0,43.0,25.0,47.5,2.5,WSH,0.0,0.0,0.0,0.0,22.075,0.0
2025,9,00-0040667,Matthew Golden,WR,GB,25.0,29.0,16.0,0.0,64.8,92.0,20.0,28.0,43.5,12.5,CAR,8.1,4.666666666666667,0.1604950604950605,0.0,24.9,2.9
2025,9,00-0040676,Cam Ward,QB,TEN,84.0,49.0,11.0,41.0,94.2,36.0,36.0,17.25,44.5,-10.0,LAC,13.946666666666667,37.333333333333336,0.02666666666666667,4.333333333333333,16.13,6.4
2025,9,00-0040691,Jaxson Dart,QB,NYG,80.0,87.0,100.0,63.0,88.3,63.0,42.0,22.5,47.5,-2.5,SF,24.48,35.333333333333336,0.2584325396825397,6.666666666666667,17.5075,27.24
2025,9,00-0040705,Chimere Dike,WR,TEN,31.0,43.0,18.0,17.0,59.5,36.0,30.0,17.25,44.5,-10.0,LAC,12.033333333333331,5.666666666666667,0.1842616145557322,0.3333333333333333,27.490000000000002,1.5
2025,9,00-0040719,Bhayshul Tuten,RB,JAC,21.0,10.0,22.0,25.0,76.7,66.0,42.0,23.0,43.5,2.5,LV,3.033333333333333,5.0,0.2226853068958332,1.0,21.914285714285715,9.6
2025,9,00-0040727,Tre Harris,WR,LAC,16.0,23.0,8.0,33.0,66.1,88.0,58.0,27.25,44.5,10.0,TEN,6.6000000000000005,3.0,0.08398310591293047,0.6666666666666666,35.375,3.8
2025,9,00-0040729,Jack Bech,WR,LV,15.0,11.0,10.0,17.0,44.8,53.0,62.0,20.5,43.5,-2.5,JAC,3.0,2.6666666666666665,0.10066349772232125,0.3333333333333333,36.4,0.0
2025,9,00-0040730,RJ Harvey,RB,DEN,28.0,40.0,24.0,17.0,63.9,47.0,31.0,19.5,40.5,-1.5,HOU,12.6,6.666666666666667,0.2433676830130731,0.6666666666666666,18.728571428571428,16.6
2025,9,00-0040734,TreVeyon Henderson,RB,NE,32.0,13.0,24.0,25.0,49.1,79.0,46.0,25.5,45.5,5.5,ATL,4.2,7.666666666666667,0.23830858508277863,1.0,23.157142857142862,12.7
2025,9,00-0040737,Terrance Ferguson,TE,LA,16.0,21.0,5.0,0.0,38.1,99.0,50.0,29.25,44.5,14.0,NO,4.3999999999999995,1.6666666666666667,0.052042160737812905,0.0,12.9375,7.4
2025,9,00-0040739,Elijah Arroyo,TE,SEA,26.0,19.0,10.0,33.0,40.7,76.0,57.0,25.0,47.5,2.5,WSH,3.933333333333333,2.6666666666666665,0.09505296371422133,0.6666666666666666,14.862499999999999,10.9
2025,9,00-0040743,Tyler Shough,QB,NO,39.0,11.0,40.0,9.0,31.2,25.0,39.0,15.25,44.5,-14.0,LA,3.16,17.5,0.1,1.0,16.75142857142857,11.24
2025,10,00-0023459,Aaron Rodgers,QB,PIT,78.0,62.0,19.0,82.0,86.3,52.0,29.0,21.25,45.5,-3.0,LAC,18.48,36.0,0.046969696969696974,7.666666666666667,15.04888888888889,10.44
2025,10,00-0026498,Matthew Stafford,QB,LA,73.0,74.0,45.0,93.0,84.2,88.0,45.0,27.5,49.5,5.5,SF,21.853333333333335,33.666666666666664,0.11196727217786455,8.666666666666666,18.58888888888889,26.9
2025,10,00-0029263,Russell Wilson,QB,NYG,28.0,11.0,25.0,21.0,31.2,48.0,66.0,20.5,45.5,-4.5,CHI,3.1400000000000006,13.0,0.06172839506172839,2.0,22.905,3.0
2025,10,00-0030035,Adam Thielen,WR,MIN,15.0,6.0,6.0,0.0,70.0,57.0,70.0,22.0,48.5,-4.5,BAL,1.7,2.0,0.05518925518925519,0.0,38.4625,3.6
2025,10,00-0030061,Zach Ertz,TE,WSH,52.0,40.0,21.0,17.0,80.0,48.0,46.0,20.5,49.5,-8.5,DET,8.966666666666667,5.666666666666667,0.20542754736303123,0.3333333333333333,12.700000000000001,9.4
2025,10,00-0030279,Keenan Allen,WR,LAC,60.0,55.0,22.0,33.0,55.7,70.0,80.0,24.25,45.5,3.0,PIT,14.466666666666667,8.0,0.21759259259259256,0.6666666666666666,41.0375,3.9
2025,10,00-0030564,DeAndre Hopkins,WR,BAL,15.0,8.0,7.0,0.0,40.4,83.0,35.0,26.5,48.5,4.5,MIN,2.1333333333333333,2.0,0.07131093544137022,0.0,29.35,3.6
2025,10,00-0030565,Geno Smith,QB,LV,64.0,47.0,76.0,50.0,60.1,25.0,27.0,16.5,42.5,-9.5,DEN,13.9,29.666666666666668,0.1899920255183413,4.666666666666667,14.624444444444444,6.42
2025,10,00-0031381,Davante Adams,WR,LA,60.0,73.0,27.0,100.0,77.5,88.0,48.0,27.5,49.5,5.5,SF,19.133333333333333,8.0,0.27146151339699726,3.3333333333333335,32.77777777777778,19.7
2025,10,00-0031588,Stefon Diggs,WR,NE,40.0,47.0,22.0,83.0,82.5,62.0,45.0,23.0,48.5,-2.5,TB,12.366666666666667,5.333333333333333,0.2173050379572119,1.6666666666666667,31.8625,15.6
2025,10,00-0031687,Raheem Mostert,RB,LV,9.0,4.0,8.0,17.0,31.2,25.0,33.0,16.5,42.5,-9.5,DEN,1.0666666666666667,2.3333333333333335,0.08046310629514963,0.6666666666666666,18.11111111111111,2.5
2025,10,00-0032104,Ameer Abdullah,RB,IND,10.0,8.0,11.0,0.0,73.8,88.0,49.0,27.5,48.5,6.5,ATL,2.3333333333333335,2.6666666666666665,0.11380693581780538,0.0,23.275000000000002,1.8
2025,10,00-0032211,Tyler Lockett,WR,LV,15.0,6.0,6.0,33.0,50.4,25.0,24.0,16.5,42.5,-9.5,DEN,1.5999999999999999,2.0,0.059017027863777084,0.6666666666666666,26.51111111111111,9.4
2025,10,00-0032268,Marcus Mariota,QB,WSH,57.0,42.0,75.0,36.0,65.2,48.0,53.0,20.5,49.5,-8.5,DET,12.493333333333334,26.333333333333332,0.18744588744588744,3.3333333333333335,20.19,18.72
2025,10,00-0032385,Sterling Shepard,WR,TB,30.0,23.0,12.0,50.0,60.6,77.0,41.0,25.5,48.5,2.5,NE,6.133333333333333,4.0,0.11792270531400965,1.0,31.0,6.1
2025,10,00-0032392,Austin Hooper,TE,NE,15.0,27.0,7.0,17.0,69.3,62.0,48.0,23.0,48.5,-2.5,TB,5.966666666666666,1.6666666666666667,0.0686680469289165,0.3333333333333333,13.412500000000001,0.0
2025,10,00-0032398,Chris Moore,WR,WSH,27.0,27.0,14.0,17.0,46.6,48.0,58.0,20.5,49.5,-8.5,DET,7.166666666666667,3.6666666666666665,0.1377006389278479,0.3333333333333333,35.3625,0.0
2025,10,00-0032464,Kalif Raymond,WR,DET,10.0,6.0,4.0,0.0,31.2,97.0,67.0,29.0,49.5,8.5,WSH,1.5666666666666667,1.3333333333333333,0.04497354497354497,0.0,37.56666666666667,9.9
2025,10,00-0032688,Robbie Chosen,WR,WSH,30.0,29.0,13.0,0.0,56.8,48.0,58.0,20.5,49.5,-8.5,DET,7.6,4.0,0.12903225806451613,0.0,35.3625,2.7
2025,10,00-0032764,Derrick Henry,RB,BAL,85.0,56.0,67.0,100.0,89.4,83.0,39.0,26.5,48.5,4.5,MIN,15.4,22.666666666666668,0.6709948935930704,4.666666666666667,20.1,11.4
2025,10,00-0032775,Demarcus Robinson,WR,SF,12.0,3.0,7.0,33.0,46.0,57.0,37.0,22.0,49.5,-5.5,LA,0.8333333333333334,1.6666666666666667,0.06550728964522068,0.6666666666666666,29.875,6.4
2025,10,00-0032951,Laquon Treadwell,WR,IND,0.0,0.0,0.0,0.0,56.8,88.0,31.0,27.5,48.5,6.5,ATL,0.0,0.0,0.0,0.0,28.3,0.0
2025,10,00-0033090,Hunter Henry,TE,NE,36.0,36.0,16.0,17.0,69.3,62.0,48.0,23.0,48.5,-2.5,TB,8.033333333333333,4.0,0.1553657694962043,0.3333333333333333,13.412500000000001,1.9
2025,10,00-0033106,Jared Goff,QB,DET,71.0,57.0,14.0,36.0,91.8,97.0,61.0,29.0,49.5,8.5,WSH,16.84,32.666666666666664,0.035326086956521736,3.3333333333333335,21.78666666666667,24.8
2025,10,00-0033110,Tyler Higbee,TE,LA,42.0,44.0,15.0,67.0,77.2,88.0,43.0,27.5,49.5,5.5,SF,9.733333333333334,4.666666666666667,0.15489886457628393,1.3333333333333333,11.922222222222222,6.3
2025,10,00-0033119,Jacoby Brissett,QB,ARI,91.0,78.0,68.0,96.0,93.2,38.0,43.0,18.75,44.5,-7.0,SEA,23.099999999999998,41.666666666666664,0.1705665024630542,9.0,18.0325,21.42
2025,10,00-0033217,Mo Alie-Cox,TE,IND,15.0,6.0,5.0,33.0,56.0,88.0,20.0,27.5,48.5,6.5,ATL,1.4000000000000001,1.6666666666666667,0.049999999999999996,0.6666666666666666,5.074999999999999,0.0
2025,10,00-0033246,Johnny Mundt,TE,JAC,18.0,6.0,6.0,0.0,34.0,42.0,37.0,19.5,37.5,1.5,HOU,1.4333333333333333,2.0,0.05945165945165945,0.0,10.2,3.1
2025,10,00-0033280,Christian McCaffrey,RB,SF,100.0,100.0,100.0,92.0,71.0,57.0,20.0,22.0,49.5,-5.5,LA,27.73333333333333,26.666666666666668,1.0019249554639753,3.6666666666666665,14.149999999999999,17.6
2025,10,00-0033282,Curtis Samuel,WR,BUF,8.0,15.0,4.0,17.0,31.9,100.0,20.0,29.5,50.5,8.5,MIA,4.066666666666666,1.0,0.035555555555555556,0.3333333333333333,25.48888888888889,3.1
2025,10,00-0033288,George Kittle,TE,SF,36.0,32.0,16.0,33.0,55.0,57.0,45.0,22.0,49.5,-5.5,LA,7.066666666666667,4.0,0.15981336670991844,0.6666666666666666,12.4625,23.4
2025,10,00-0033293,Aaron Jones,RB,MIN,32.0,23.0,43.0,8.0,65.2,57.0,59.0,22.0,48.5,-4.5,BAL,6.366666666666667,8.666666666666666,0.4319856931866717,0.3333333333333333,26.325,15.9
2025,10,00-0033307,Kendrick Bourne,WR,SF,20.0,21.0,11.0,0.0,74.2,57.0,37.0,22.0,49.5,-5.5,LA,5.3999999999999995,2.6666666666666665,0.10802607354331491,0.0,29.875,2.9
2025,10,00-0033357,Taysom Hill,TE,NO,33.0,12.0,21.0,0.0,74.8,25.0,52.0,16.5,38.5,-5.5,CAR,2.6666666666666665,3.6666666666666665,0.20707026896780215,0.0,14.577777777777776,2.0
2025,10,00-0033555,Mack Hollins,WR,NE,30.0,33.0,16.0,33.0,47.3,62.0,45.0,23.0,48.5,-2.5,TB,8.700000000000001,4.0,0.1622958362088797,0.6666666666666666,31.8625,16.6
2025,10,00-0033572,Jamal Agnew,WR,ATL,0.0,0.0,0.0,0.0,56.8,51.0,62.0,21.0,48.5,-6.5,IND,0.0,0.0,0.0,0.0,36.46666666666667,0.0
2025,10,00-0033858,Jonnu Smith,TE,PIT,42.0,31.0,14.0,67.0,68.5,52.0,37.0,21.25,45.5,-3.0,LAC,7.0,4.666666666666667,0.14237711213517665,1.3333333333333333,9.966666666666667,1.4
2025,10,00-0033869,Mitchell Trubisky,QB,BUF,10.0,3.0,14.0,0.0,92.4,100.0,52.0,29.5,50.5,8.5,MIA,0.9299999999999999,4.5,0.03488372093023256,0.0,19.915555555555557,0.4
2025,10,00-0033881,Evan Engram,TE,DEN,45.0,25.0,14.0,33.0,56.0,80.0,36.0,26.0,42.5,9.5,LV,5.599999999999999,5.0,0.13553206940774734,0.6666666666666666,9.7625,3.2
2025,10,00-0033885,David Njoku,TE,CLE,61.0,57.0,18.0,100.0,69.4,42.0,50.0,19.5,37.5,1.5,NYJ,12.733333333333334,6.666666666666667,0.1834707367795603,2.0,13.975,10.1
2025,10,00-0033891,Zay Jones,WR,ARI,32.0,31.0,12.0,17.0,52.9,38.0,34.0,18.75,44.5,-7.0,SEA,8.133333333333335,4.333333333333333,0.12131724484665662,0.3333333333333333,29.0375,0.0
2025,10,00-0033906,Alvin Kamara,RB,NO,39.0,18.0,58.0,8.0,75.8,25.0,46.0,16.5,38.5,-5.5,CAR,5.033333333333332,10.333333333333334,0.5791348152164092,0.3333333333333333,22.322222222222223,14.5
2025,10,00-0033908,Cooper Kupp,WR,SEA,32.0,36.0,14.0,17.0,48.8,78.0,43.0,25.75,44.5,7.0,ARI,9.366666666666667,4.333333333333333,0.14139621365787694,0.3333333333333333,31.525,9.4
2025,10,00-0033955,Jeremy McNichols,RB,WSH,16.0,22.0,15.0,8.0,47.0,48.0,30.0,20.5,49.5,-8.5,DET,6.1000000000000005,4.333333333333333,0.14866018091824543,0.3333333333333333,17.225,3.9
2025,10,00-0034270,Tyler Conklin,TE,LAC,18.0,9.0,6.0,0.0,48.8,70.0,64.0,24.25,45.5,3.0,PIT,2.1,2.0,0.05507382382382383,0.0,18.037499999999998,2.2
2025,10,00-0034348,Courtland Sutton,WR,DEN,55.0,45.0,20.0,50.0,83.2,80.0,67.0,26.0,42.5,9.5,LV,11.799999999999999,7.333333333333333,0.20381958930144162,1.0,37.725,5.4
2025,10,00-0034351,Dallas Goedert,TE,PHI,52.0,72.0,21.0,67.0,51.0,57.0,56.0,22.0,45.5,-1.5,GB,16.2,5.666666666666667,0.20806159420289858,1.3333333333333333,15.875,8.3
2025,10,00-0034383,Dalton Schultz,TE,HOU,64.0,55.0,17.0,17.0,62.4,34.0,67.0,18.0,37.5,-1.5,JAC,12.300000000000002,7.0,0.16715562596569458,0.3333333333333333,18.95,18.3
2025,10,00-0034407,Ray-Ray McCloud,WR,NYG,20.0,7.0,8.0,0.0,42.4,48.0,65.0,20.5,45.5,-4.5,CHI,1.9333333333333333,2.6666666666666665,0.07670809881175734,0.0,37.125,0.0
2025,10,00-0034419,Braxton Berrios,WR,HOU,20.0,12.0,7.0,33.0,32.1,34.0,51.0,18.0,37.5,-1.5,JAC,3.233333333333334,2.6666666666666665,0.06559877955758962,0.6666666666666666,33.4875,0.0
2025,10,00-0034577,Kyle Allen,QB,DET,4.0,0.0,28.0,0.0,56.8,97.0,61.0,29.0,49.5,8.5,WSH,-0.2,2.0,0.06896551724137931,0.0,21.78666666666667,-0.1
2025,10,00-0034753,Mark Andrews,TE,BAL,52.0,44.0,20.0,50.0,65.8,83.0,54.0,26.5,48.5,4.5,MIN,9.866666666666667,5.666666666666667,0.19996520969522372,1.0,15.0875,10.4
2025,10,00-0034775,Christian Kirk,WR,HOU,40.0,28.0,16.0,17.0,73.7,34.0,51.0,18.0,37.5,-1.5,JAC,7.333333333333333,5.333333333333333,0.15900586868328803,0.3333333333333333,33.4875,1.3
2025,10,00-0034791,Nick Chubb,RB,HOU,48.0,17.0,43.0,42.0,63.0,34.0,34.0,18.0,37.5,-1.5,JAC,4.8,12.666666666666666,0.42568199412996827,1.6666666666666667,18.7,6.2
2025,10,00-0034796,Lamar Jackson,QB,BAL,64.0,76.0,100.0,57.0,84.3,83.0,40.0,26.5,48.5,4.5,MIN,22.419999999999998,29.333333333333332,0.2942175172276041,5.333333333333333,17.3725,14.64
2025,10,00-0034827,DJ Moore,WR,CHI,55.0,54.0,24.0,33.0,77.5,74.0,62.0,25.0,45.5,4.5,NYG,14.26,7.333333333333333,0.23848471233381718,0.6666666666666666,36.31111111111111,0.0
2025,10,00-0034844,Saquon Barkley,RB,PHI,66.0,57.0,73.0,42.0,63.2,57.0,33.0,22.0,45.5,-1.5,GB,15.766666666666666,17.666666666666668,0.7313597935880546,1.6666666666666667,18.3625,13.1
2025,10,00-0034854,KhaDarel Hodge,WR,ATL,20.0,8.0,9.0,0.0,31.2,51.0,62.0,21.0,48.5,-6.5,IND,2.033333333333333,2.6666666666666665,0.08888888888888889,0.0,36.46666666666667,0.0
2025,10,00-0034855,Baker Mayfield,QB,TB,72.0,44.0,15.0,36.0,72.7,77.0,40.0,25.5,48.5,2.5,NE,12.946666666666667,33.333333333333336,0.038461538461538464,3.3333333333333335,17.482222222222223,22.92
2025,10,00-0034857,Josh Allen,QB,BUF,62.0,80.0,68.0,36.0,86.2,100.0,52.0,29.5,50.5,8.5,MIA,23.813333333333333,28.666666666666668,0.16904761904761903,3.3333333333333335,19.915555555555557,23.34
2025,10,00-0034869,Sam Darnold,QB,SEA,64.0,70.0,33.0,43.0,82.3,78.0,36.0,25.75,44.5,7.0,ARI,20.606666666666666,29.666666666666668,0.08158508158508158,4.0,16.669999999999998,10.92
2025,10,00-0034960,Jakobi Meyers,WR,JAC,40.0,27.0,17.0,50.0,89.5,42.0,21.0,19.5,37.5,1.5,HOU,7.133333333333333,5.333333333333333,0.16879319510898458,1.0,25.625,7.1
2025,10,00-0034975,Justice Hill,RB,BAL,20.0,16.0,17.0,0.0,31.2,83.0,39.0,26.5,48.5,4.5,MIN,4.366666666666666,5.333333333333333,0.1658160589962834,0.0,20.1,8.3
2025,10,00-0034981,Foster Moreau,TE,NO,9.0,4.0,3.0,0.0,64.8,25.0,52.0,16.5,38.5,-5.5,CAR,0.95,1.0,0.029230769230769234,0.0,14.577777777777776,3.6
2025,10,00-0035021,Ashton Dulin,WR,IND,2.0,0.0,1.0,17.0,31.2,88.0,31.0,27.5,48.5,6.5,ATL,0.06666666666666665,0.3333333333333333,0.011904761904761904,0.3333333333333333,28.3,2.2
2025,10,00-0035208,Olamide Zaccheaus,WR,CHI,48.0,39.0,19.0,67.0,65.3,74.0,62.0,25.0,45.5,4.5,NYG,10.333333333333334,6.333333333333333,0.19343137254901963,1.3333333333333333,36.31111111111111,1.5
2025,10,00-0035229,T.J. Hockenson,TE,MIN,45.0,36.0,15.0,67.0,64.1,57.0,48.0,22.0,48.5,-4.5,BAL,8.0,5.0,0.15373467112597547,1.3333333333333333,13.4875,2.8
2025,10,00-0035250,Devin Singletary,RB,NYG,19.0,13.0,22.0,8.0,35.3,48.0,50.0,20.5,45.5,-4.5,CHI,3.6999999999999993,5.0,0.21554834054834057,0.3333333333333333,23.475,10.3
2025,10,00-0035359,David Sills,WR,ATL,15.0,7.0,6.0,0.0,49.3,51.0,62.0,21.0,48.5,-6.5,IND,1.7666666666666666,2.0,0.05939741750358681,0.0,36.46666666666667,0.0
2025,10,00-0035500,Greg Dortch,WR,ARI,15.0,17.0,6.0,33.0,44.4,38.0,34.0,18.75,44.5,-7.0,SEA,4.433333333333334,2.0,0.05674312165184376,0.6666666666666666,29.0375,6.2
2025,10,00-0035535,Darius Slayton,WR,NYG,45.0,28.0,20.0,17.0,78.2,48.0,65.0,20.5,45.5,-4.5,CHI,7.3,6.0,0.19995629370629373,0.3333333333333333,37.125,12.9
2025,10,00-0035537,Ty Johnson,RB,BUF,14.0,16.0,12.0,17.0,58.5,100.0,55.0,29.5,50.5,8.5,MIA,4.3999999999999995,3.6666666666666665,0.12333943833943835,0.6666666666666666,25.077777777777776,4.6
2025,10,00-0035602,Alex Bachman,WR,LV,0.0,0.0,0.0,0.0,56.8,25.0,24.0,16.5,42.5,-9.5,DEN,0.0,0.0,0.0,0.0,26.51111111111111,0.0
2025,10,00-0035628,D'Ernest Johnson,RB,NE,4.0,0.0,4.0,0.0,56.8,62.0,49.0,23.0,48.5,-2.5,TB,0.0,1.0,0.03571428571428571,0.0,23.2125,0.1
2025,10,00-0035640,DK Metcalf,WR,PIT,40.0,34.0,17.0,83.0,64.7,52.0,21.0,21.25,45.5,-3.0,LAC,9.033333333333333,5.333333333333333,0.1654473886328725,1.6666666666666667,25.79111111111111,6.5
2025,10,00-0035645,Gunner Olszewski,WR,NYG,2.0,12.0,1.0,0.0,31.2,48.0,65.0,20.5,45.5,-4.5,CHI,3.1333333333333333,0.3333333333333333,0.010416666666666666,0.0,37.125,0.0
2025,10,00-0035676,A.J. Brown,WR,PHI,57.0,65.0,25.0,33.0,75.8,57.0,44.0,22.0,45.5,-1.5,GB,17.133333333333336,7.666666666666667,0.25277859381120255,0.6666666666666666,31.675,3.3
2025,10,00-0035685,David Montgomery,RB,DET,46.0,32.0,47.0,17.0,68.7,97.0,43.0,29.0,49.5,8.5,WSH,9.0,12.333333333333334,0.4741636952687677,0.6666666666666666,21.244444444444447,8.1
2025,10,00-0035689,Dawson Knox,TE,BUF,12.0,23.0,5.0,17.0,64.0,100.0,61.0,29.5,50.5,8.5,MIA,5.133333333333334,1.3333333333333333,0.053467112597547384,0.3333333333333333,17.233333333333334,6.7
2025,10,00-0035700,Josh Jacobs,RB,GB,65.0,63.0,67.0,100.0,85.0,65.0,49.0,23.5,45.5,1.5,PHI,17.433333333333334,17.333333333333332,0.6698343685300209,4.0,23.3125,21.7
2025,10,00-0035704,Drew Lock,QB,SEA,9.0,2.0,12.0,0.0,56.8,78.0,36.0,25.75,44.5,7.0,ARI,0.5,4.0,0.030303030303030304,0.0,16.669999999999998,-0.4
2025,10,00-0035710,Daniel Jones,QB,IND,88.0,76.0,59.0,75.0,88.1,88.0,34.0,27.5,48.5,6.5,ATL,22.493333333333336,40.666666666666664,0.1465378421900161,7.0,16.29,19.5
2025,10,00-0035719,Deebo Samuel Sr.,WR,WSH,50.0,24.0,27.0,50.0,81.5,48.0,58.0,20.5,49.5,-8.5,DET,6.333333333333333,6.666666666666667,0.26802782044717527,1.0,35.3625,12.9
2025,10,00-0035891,Cody White,WR,SEA,8.0,25.0,4.0,0.0,31.2,78.0,43.0,25.75,44.5,7.0,ARI,6.5,1.0,0.041666666666666664,0.0,31.525,0.0
2025,10,00-0036040,Juwan Johnson,TE,NO,58.0,53.0,18.0,17.0,84.8,25.0,52.0,16.5,38.5,-5.5,CAR,11.766666666666666,6.333333333333333,0.18415770609318996,0.3333333333333333,14.577777777777776,19.2
2025,10,00-0036139,Rico Dowdle,RB,CAR,69.0,53.0,58.0,50.0,55.0,57.0,48.0,22.0,38.5,5.5,NO,14.700000000000001,18.333333333333332,0.5793077104622096,2.0,22.844444444444445,15.3
2025,10,00-0036158,J.K. Dobbins,RB,DEN,60.0,36.0,64.0,42.0,85.2,80.0,47.0,26.0,42.5,9.5,LV,10.0,16.0,0.6418760784634794,1.6666666666666667,22.7,9.4
2025,10,00-0036182,Nick Westbrook-Ikhine,WR,MIA,27.0,15.0,12.0,33.0,86.5,51.0,40.0,21.0,50.5,-8.5,BUF,3.8666666666666667,3.6666666666666665,0.11894201894201895,0.6666666666666666,30.675,1.7
2025,10,00-0036212,Tua Tagovailoa,QB,MIA,67.0,44.0,25.0,54.0,68.9,51.0,26.0,21.0,50.5,-8.5,BUF,13.113333333333332,31.0,0.06212121212121211,5.0,14.5975,14.82
2025,10,00-0036223,Jonathan Taylor,RB,IND,61.0,95.0,78.0,67.0,76.4,88.0,49.0,27.5,48.5,6.5,ATL,26.433333333333337,16.333333333333332,0.7823139521509086,2.6666666666666665,23.275000000000002,49.6
2025,10,00-0036244,Colby Parkinson,TE,LA,18.0,16.0,6.0,50.0,49.4,88.0,43.0,27.5,49.5,5.5,SF,3.5666666666666664,2.0,0.059054783458710534,1.0,11.922222222222222,14.1
2025,10,00-0036252,Michael Pittman,WR,IND,75.0,80.0,28.0,50.0,89.9,88.0,31.0,27.5,48.5,6.5,ATL,20.933333333333334,10.0,0.28422619047619047,1.0,28.3,3.9
2025,10,00-0036259,Jauan Jennings,WR,SF,48.0,38.0,27.0,67.0,81.1,57.0,37.0,22.0,49.5,-5.5,LA,9.9,6.333333333333333,0.265885455540628,1.3333333333333333,29.875,19.1
2025,10,00-0036264,Jordan Love,QB,GB,79.0,57.0,34.0,68.0,82.2,65.0,42.0,23.5,45.5,1.5,PHI,16.89333333333333,36.333333333333336,0.08412486064659978,6.333333333333333,17.8525,9.84
2025,10,00-0036275,D'Andre Swift,RB,CHI,62.0,74.0,56.0,100.0,86.0,74.0,61.0,25.0,45.5,4.5,NYG,20.466666666666665,16.666666666666668,0.5574568403628873,4.333333333333333,27.12222222222222,14.8
2025,10,00-0036290,Cole Kmet,TE,CHI,15.0,8.0,6.0,0.0,74.4,74.0,46.0,25.0,45.5,4.5,NYG,1.8666666666666665,1.6666666666666667,0.05592968221771467,0.0,12.895555555555555,1.5
2025,10,00-0036309,Darnell Mooney,WR,ATL,27.0,18.0,11.0,17.0,56.5,51.0,62.0,21.0,48.5,-6.5,IND,4.8,3.6666666666666665,0.11034858387799563,0.3333333333333333,36.46666666666667,2.7
2025,10,00-0036322,Justin Jefferson,WR,MIN,75.0,56.0,34.0,67.0,89.6,57.0,70.0,22.0,48.5,-4.5,BAL,14.666666666666666,10.0,0.33812709030100335,1.3333333333333333,38.4625,7.7
2025,10,00-0036331,Devin Duvernay,WR,CHI,8.0,2.0,3.0,17.0,31.2,74.0,62.0,25.0,45.5,4.5,NYG,0.39999999999999997,1.0,0.02857142857142857,0.3333333333333333,36.31111111111111,0.0
2025,10,00-0036355,Justin Herbert,QB,LAC,95.0,100.0,100.0,100.0,87.1,70.0,65.0,24.25,45.5,3.0,PIT,29.626666666666665,43.666666666666664,0.2792635658914729,9.333333333333334,22.6175,14.7
2025,10,00-0036389,Jalen Hurts,QB,PHI,66.0,81.0,86.0,68.0,89.0,57.0,33.0,22.0,45.5,-1.5,GB,24.006666666666664,30.333333333333332,0.21504172156346069,6.333333333333333,15.9375,14.02
2025,10,00-0036407,Jerry Jeudy,WR,CLE,48.0,16.0,18.0,100.0,39.0,42.0,39.0,19.5,37.5,1.5,NYJ,4.333333333333333,6.333333333333333,0.1792434145375322,2.0,30.45,19.8
2025,10,00-0036422,Adam Trautman,TE,DEN,9.0,10.0,3.0,0.0,31.2,80.0,36.0,26.0,42.5,9.5,LV,2.1999999999999997,1.0,0.02886710239651416,0.0,9.7625,1.2
2025,10,00-0036427,Tyler Johnson,WR,NYJ,22.0,31.0,11.0,33.0,47.8,34.0,46.0,18.0,37.5,-1.5,CLE,8.133333333333333,3.0,0.11195155110616735,0.6666666666666666,32.225,0.0
2025,10,00-0036429,Charlie Woerner,TE,ATL,9.0,1.0,3.0,0.0,70.0,51.0,62.0,21.0,48.5,-6.5,IND,0.25,1.0,0.0260840108401084,0.0,17.48888888888889,2.4
2025,10,00-0036497,Tim Jones,WR,JAC,8.0,10.0,3.0,0.0,56.8,42.0,21.0,19.5,37.5,1.5,HOU,2.5,1.0,0.030303030303030304,0.0,25.625,0.0
2025,10,00-0036550,Rashod Bateman,WR,BAL,22.0,23.0,13.0,33.0,56.1,83.0,35.0,26.5,48.5,4.5,MIN,6.066666666666666,3.0,0.1289937417654809,0.6666666666666666,29.35,2.0
2025,10,00-0036554,Nico Collins,WR,HOU,68.0,47.0,23.0,50.0,76.1,34.0,51.0,18.0,37.5,-1.5,JAC,12.4,9.0,0.2303453130942612,1.0,33.4875,20.6
2025,10,00-0036555,Chuba Hubbard,RB,CAR,45.0,22.0,39.0,58.0,61.7,57.0,48.0,22.0,38.5,5.5,NO,6.2,12.0,0.3872865007802632,2.3333333333333335,22.844444444444445,2.5
2025,10,00-0036613,Jaylen Waddle,WR,MIA,48.0,48.0,20.0,33.0,63.5,51.0,40.0,21.0,50.5,-8.5,BUF,12.533333333333331,6.333333333333333,0.20244860244860244,0.6666666666666666,30.675,19.4
2025,10,00-0036626,Dyami Brown,WR,JAC,45.0,21.0,18.0,50.0,78.6,42.0,21.0,19.5,37.5,1.5,HOU,5.633333333333333,6.0,0.18421052631578946,1.0,25.625,0.0
2025,10,00-0036628,John Bates,TE,WSH,21.0,13.0,10.0,17.0,56.5,48.0,46.0,20.5,49.5,-8.5,DET,2.9,2.3333333333333335,0.09610855094726062,0.3333333333333333,12.700000000000001,1.6
2025,10,00-0036630,Tylan Wallace,WR,BAL,2.0,2.0,2.0,0.0,31.2,83.0,35.0,26.5,48.5,4.5,MIN,0.5333333333333333,0.3333333333333333,0.015151515151515152,0.0,29.35,0.0
2025,10,00-0036646,Simi Fehoko,WR,ARI,0.0,0.0,0.0,0.0,56.8,38.0,34.0,18.75,44.5,-7.0,SEA,0.0,0.0,0.0,0.0,29.0375,0.0
2025,10,00-0036754,Brock Wright,TE,DET,21.0,24.0,9.0,17.0,59.4,97.0,56.0,29.0,49.5,8.5,WSH,5.433333333333334,2.3333333333333335,0.08845180584311019,0.3333333333333333,15.699999999999998,0.0
2025,10,00-0036755,Jaret Patterson,RB,LAC,38.0,13.0,28.0,12.0,88.0,70.0,38.0,24.25,45.5,3.0,PIT,3.7,10.0,0.2779069767441861,0.5,19.75,0.1
2025,10,00-0036825,Feleipe Franks,TE,ATL,3.0,0.0,1.0,0.0,37.2,51.0,62.0,21.0,48.5,-6.5,IND,0.06666666666666667,0.3333333333333333,0.010416666666666666,0.0,17.48888888888889,0.0
2025,10,00-0036841,Austin Trammell,WR,JAC,8.0,0.0,3.0,0.0,56.8,42.0,21.0,19.5,37.5,1.5,HOU,0.0,1.0,0.030303030303030304,0.0,25.625,5.3
2025,10,00-0036842,Kene Nwangwu,RB,NYJ,0.0,0.0,0.0,0.0,56.8,34.0,26.0,18.0,37.5,-1.5,CLE,0.0,0.0,0.0,0.0,16.185000000000002,0.0
2025,10,00-0036862,Ben Skowronek,WR,PIT,2.0,3.0,1.0,0.0,31.2,52.0,21.0,21.25,45.5,-3.0,LAC,0.7666666666666666,0.3333333333333333,0.01075268817204301,0.0,25.79111111111111,0.0
2025,10,00-0036876,Kylen Granson,TE,PHI,0.0,0.0,0.0,0.0,56.8,57.0,56.0,22.0,45.5,-1.5,GB,0.0,0.0,0.0,0.0,15.875,0.0
2025,10,00-0036887,Luke Farrell,TE,SF,6.0,6.0,3.0,0.0,38.9,57.0,45.0,22.0,49.5,-5.5,LA,1.3333333333333333,0.6666666666666666,0.031024531024531024,0.0,12.4625,9.5
2025,10,00-0036894,Pat Freiermuth,TE,PIT,42.0,66.0,14.0,67.0,65.1,52.0,37.0,21.25,45.5,-3.0,LAC,14.700000000000001,4.666666666666667,0.14360599078341013,1.3333333333333333,9.966666666666667,6.3
2025,10,00-0036898,Davis Mills,QB,HOU,42.0,12.0,32.0,21.0,45.0,34.0,67.0,18.0,37.5,-1.5,JAC,3.7,19.5,0.08116883116883117,2.0,23.1275,27.68
2025,10,00-0036912,DeVonta Smith,WR,PHI,62.0,72.0,36.0,33.0,63.0,57.0,44.0,22.0,45.5,-1.5,GB,18.866666666666664,8.333333333333334,0.36150362318840584,0.6666666666666666,31.675,16.9
2025,10,00-0036919,Kenny Gainwell,RB,PIT,25.0,20.0,28.0,8.0,76.6,52.0,42.0,21.25,45.5,-3.0,LAC,5.466666666666666,6.666666666666667,0.278004895343605,0.3333333333333333,20.9,2.4
2025,10,00-0036924,Michael Carter,RB,ARI,57.0,39.0,53.0,33.0,62.6,38.0,38.0,18.75,44.5,-7.0,SEA,10.766666666666666,15.333333333333334,0.5331283264853245,1.3333333333333333,19.9375,0.4
2025,10,00-0036945,Justin Fields,QB,NYJ,60.0,29.0,96.0,61.0,56.8,34.0,34.0,18.0,37.5,-1.5,CLE,8.6,27.666666666666668,0.24103458297006686,5.666666666666667,16.1875,8.96
2025,10,00-0036959,Michael Bandy,WR,DEN,8.0,10.0,3.0,0.0,56.8,80.0,67.0,26.0,42.5,9.5,LV,2.6,1.0,0.029411764705882353,0.0,37.725,0.0
2025,10,00-0036963,Amon-Ra St. Brown,WR,DET,85.0,67.0,38.0,67.0,89.9,97.0,67.0,29.0,49.5,8.5,WSH,17.666666666666668,11.333333333333334,0.3773675331646346,1.3333333333333333,37.56666666666667,16.8
2025,10,00-0036970,Kyle Pitts,TE,ATL,79.0,54.0,26.0,33.0,83.3,51.0,62.0,21.0,48.5,-6.5,IND,11.966666666666667,8.666666666666666,0.26122004357298473,0.6666666666666666,17.48888888888889,5.8
2025,10,00-0036971,Trevor Lawrence,QB,JAC,100.0,68.0,64.0,57.0,92.5,42.0,20.0,19.5,37.5,1.5,HOU,20.02,46.0,0.16109718741297688,5.333333333333333,13.265,13.82
2025,10,00-0036972,Mac Jones,QB,SF,67.0,48.0,58.0,50.0,83.8,57.0,33.0,22.0,49.5,-5.5,LA,14.33333333333333,31.0,0.14471434997750787,4.666666666666667,16.0625,25.06
2025,10,00-0036973,Travis Etienne,RB,JAC,69.0,39.0,66.0,75.0,72.0,42.0,38.0,19.5,37.5,1.5,HOU,10.833333333333334,18.333333333333332,0.6617047669679248,3.0,19.650000000000002,15.7
2025,10,00-0036980,Elijah Moore,WR,BUF,18.0,8.0,10.0,0.0,45.1,100.0,20.0,29.5,50.5,8.5,MIA,2.0666666666666664,2.3333333333333335,0.09694537346711259,0.0,25.48888888888889,2.8
2025,10,00-0036984,Trey Sermon,RB,PIT,0.0,0.0,0.0,0.0,56.8,52.0,42.0,21.25,45.5,-3.0,LAC,0.0,0.0,0.0,0.0,20.9,0.0
2025,10,00-0037085,Tyler Badie,RB,DEN,8.0,9.0,6.0,0.0,51.0,80.0,47.0,26.0,42.5,9.5,LV,2.3666666666666667,2.0,0.05550092377376483,0.0,22.7,0.0
2025,10,00-0037086,Grant Calcaterra,TE,PHI,12.0,10.0,5.0,0.0,37.0,57.0,56.0,22.0,45.5,-1.5,GB,2.1333333333333333,1.3333333333333333,0.04579579579579579,0.0,15.875,0.0
2025,10,00-0037091,Bo Melton,WR,GB,2.0,0.0,1.0,0.0,37.2,65.0,43.0,23.5,45.5,1.5,PHI,0.09999999999999999,0.3333333333333333,0.010101010101010102,0.0,31.5,4.8
2025,10,00-0037120,Tyler Goodson,RB,IND,6.0,4.0,6.0,0.0,52.1,88.0,49.0,27.5,48.5,6.5,ATL,1.0,1.6666666666666667,0.06134259259259259,0.0,23.275000000000002,0.4
2025,10,00-0037157,Bam Knight,RB,ARI,52.0,34.0,50.0,67.0,80.4,38.0,38.0,18.75,44.5,-7.0,SEA,9.5,14.0,0.5021909294221668,2.6666666666666665,19.9375,4.3
2025,10,00-0037228,Jaylen Warren,RB,PIT,69.0,55.0,85.0,67.0,84.8,52.0,42.0,21.25,45.5,-3.0,LAC,15.333333333333334,18.333333333333332,0.8532206667287312,2.6666666666666665,20.9,11.1
2025,10,00-0037238,Drake London,WR,ATL,100.0,100.0,40.0,100.0,71.2,51.0,62.0,21.0,48.5,-6.5,IND,26.266666666666666,13.333333333333334,0.40189050530606507,2.6666666666666665,36.46666666666667,22.4
2025,10,00-0037239,Chris Olave,WR,NO,60.0,63.0,23.0,17.0,66.0,25.0,21.0,16.5,38.5,-5.5,CAR,16.5,8.0,0.23304659498207883,0.3333333333333333,25.700000000000003,21.4
2025,10,00-0037240,Jameson Williams,WR,DET,38.0,45.0,17.0,17.0,52.3,97.0,67.0,29.0,49.5,8.5,WSH,11.733333333333334,5.0,0.1657848324514991,0.3333333333333333,37.56666666666667,23.9
2025,10,00-0037248,James Cook,RB,BUF,80.0,67.0,69.0,50.0,69.5,100.0,55.0,29.5,50.5,8.5,MIA,18.599999999999998,21.333333333333332,0.6875396825396826,2.0,25.077777777777776,12.7
2025,10,00-0037252,Greg Dulcich,TE,MIA,45.0,44.0,14.0,0.0,56.8,51.0,24.0,21.0,50.5,-8.5,BUF,9.9,5.0,0.13513513513513514,0.0,6.275,3.2
2025,10,00-0037256,Rachaad White,RB,TB,64.0,41.0,76.0,58.0,76.9,77.0,30.0,25.5,48.5,2.5,NE,11.366666666666667,17.0,0.7564078217301606,2.3333333333333335,17.200000000000003,10.4
2025,10,00-0037258,Dameon Pierce,RB,HOU,14.0,3.0,12.0,8.0,31.9,34.0,34.0,18.0,37.5,-1.5,JAC,0.8666666666666667,3.6666666666666665,0.12008978675645343,0.3333333333333333,18.7,0.0
2025,10,00-0037261,Khalil Shakir,WR,BUF,50.0,49.0,27.0,17.0,72.9,100.0,20.0,29.5,50.5,8.5,MIA,12.799999999999999,6.666666666666667,0.27221850613154963,0.3333333333333333,25.48888888888889,12.8
2025,10,00-0037263,Tyler Allgeier,RB,ATL,15.0,14.0,21.0,25.0,54.0,51.0,36.0,21.0,48.5,-6.5,IND,3.8666666666666667,4.0,0.20898692810457517,1.0,19.22222222222222,17.7
2025,10,00-0037267,Jerome Ford,RB,CLE,16.0,14.0,15.0,0.0,38.7,42.0,48.0,19.5,37.5,1.5,NYJ,3.966666666666667,4.333333333333333,0.14577143988908695,0.0,22.95,0.1
2025,10,00-0037291,Jalen Nailor,WR,MIN,22.0,11.0,10.0,33.0,46.0,57.0,70.0,22.0,48.5,-4.5,BAL,2.766666666666667,3.0,0.10327015979189891,0.6666666666666666,38.4625,23.4
2025,10,00-0037292,Andrew Ogletree,TE,IND,3.0,0.0,1.0,0.0,41.8,88.0,20.0,27.5,48.5,6.5,ATL,0.0,0.3333333333333333,0.011904761904761904,0.0,5.074999999999999,0.0
2025,10,00-0037340,Zaire Mitchell-Paden,TE,NO,9.0,3.0,4.0,25.0,67.8,25.0,52.0,16.5,38.5,-5.5,CAR,0.65,1.0,0.04285714285714286,0.5,14.577777777777776,2.4
2025,10,00-0037475,Stone Smartt,TE,NYJ,0.0,0.0,0.0,0.0,56.8,34.0,43.0,18.0,37.5,-1.5,CLE,0.0,0.0,0.0,0.0,11.9,0.0
2025,10,00-0037525,Jordan Mason,RB,MIN,39.0,22.0,48.0,58.0,56.5,57.0,59.0,22.0,48.5,-4.5,BAL,6.0,10.333333333333334,0.479149819029879,2.3333333333333335,26.325,4.1
2025,10,00-0037545,Rashid Shaheed,WR,SEA,75.0,46.0,30.0,33.0,81.3,78.0,43.0,25.75,44.5,7.0,ARI,12.1,10.0,0.3017741935483871,0.6666666666666666,31.525,3.3
2025,10,00-0037614,John Metchie III,WR,NYJ,10.0,7.0,5.0,0.0,66.1,34.0,46.0,18.0,37.5,-1.5,CLE,1.9333333333333333,1.3333333333333333,0.05476190476190476,0.0,32.225,0.6
2025,10,00-0037654,Tucker Fisk,TE,LAC,9.0,3.0,3.0,0.0,67.0,70.0,64.0,24.25,45.5,3.0,PIT,0.7333333333333334,1.0,0.028762095428762097,0.0,18.037499999999998,1.7
2025,10,00-0037664,Alec Pierce,WR,IND,70.0,52.0,25.0,0.0,75.2,88.0,31.0,27.5,48.5,6.5,ATL,13.733333333333334,9.333333333333334,0.25396825396825395,0.0,28.3,18.4
2025,10,00-0037740,Garrett Wilson,WR,NYJ,65.0,55.0,36.0,33.0,71.2,34.0,46.0,18.0,37.5,-1.5,CLE,14.533333333333333,8.666666666666666,0.35590828924162254,0.6666666666666666,32.225,0.0
2025,10,00-0037741,Jahan Dotson,WR,PHI,18.0,22.0,8.0,17.0,66.3,57.0,44.0,22.0,45.5,-1.5,GB,5.699999999999999,2.3333333333333335,0.0811936936936937,0.3333333333333333,31.675,0.0
2025,10,00-0037742,Treylon Burks,WR,WSH,8.0,9.0,5.0,0.0,56.8,48.0,58.0,20.5,49.5,-8.5,DET,2.4,1.0,0.047619047619047616,0.0,35.3625,8.8
2025,10,00-0037744,Trey McBride,TE,ARI,100.0,100.0,32.0,100.0,83.8,38.0,54.0,18.75,44.5,-7.0,SEA,22.366666666666664,11.0,0.3249163502713198,3.6666666666666665,15.049999999999999,27.7
2025,10,00-0037746,Brian Robinson,RB,SF,18.0,18.0,12.0,8.0,31.6,57.0,20.0,22.0,49.5,-5.5,LA,4.966666666666667,4.666666666666667,0.12168241115609535,0.3333333333333333,14.149999999999999,11.5
2025,10,00-0037805,Jeremy Ruckert,TE,NYJ,6.0,5.0,2.0,0.0,35.8,34.0,43.0,18.0,37.5,-1.5,CLE,1.1333333333333333,0.6666666666666666,0.02224694104560623,0.0,11.9,1.0
2025,10,00-0037816,Romeo Doubs,WR,GB,60.0,47.0,25.0,67.0,78.3,65.0,43.0,23.5,45.5,1.5,PHI,12.233333333333334,8.0,0.24761904761904763,1.3333333333333333,31.5,1.5
2025,10,00-0037837,Calvin Austin III,WR,PIT,35.0,26.0,15.0,17.0,66.4,52.0,21.0,21.25,45.5,-3.0,LAC,6.8999999999999995,4.666666666666667,0.15196201647814553,0.3333333333333333,25.79111111111111,3.4
2025,10,00-0037838,Isaiah Likely,TE,BAL,24.0,21.0,11.0,33.0,58.4,83.0,54.0,26.5,48.5,4.5,MIN,4.8,2.6666666666666665,0.10910737812911726,0.6666666666666666,15.0875,3.7
2025,10,00-0037840,Kyren Williams,RB,LA,69.0,51.0,58.0,83.0,78.7,88.0,45.0,27.5,49.5,5.5,SF,14.199999999999998,18.333333333333332,0.576079337140667,3.3333333333333335,22.12222222222222,22.4
2025,10,00-0038046,Charlie Kolar,TE,BAL,12.0,27.0,5.0,33.0,54.9,83.0,54.0,26.5,48.5,4.5,MIN,6.1000000000000005,1.3333333333333333,0.05455368906455863,0.6666666666666666,15.0875,3.3
2025,10,00-0038090,Skyy Moore,WR,SF,8.0,7.0,4.0,0.0,71.2,57.0,37.0,22.0,49.5,-5.5,LA,1.8666666666666665,1.0,0.04251878389809424,0.0,29.875,2.8
2025,10,00-0038102,Kenny Pickett,QB,LV,7.0,1.0,36.0,0.0,56.8,25.0,27.0,16.5,42.5,-9.5,DEN,0.32,3.0,0.09090909090909091,0.0,14.624444444444444,0.0
2025,10,00-0038115,Daniel Bellinger,TE,NYG,27.0,45.0,9.0,33.0,57.0,48.0,54.0,20.5,45.5,-4.5,CHI,10.033333333333333,3.0,0.08974358974358976,0.6666666666666666,15.2375,1.8
2025,10,00-0038117,Wan'Dale Robinson,WR,NYG,68.0,47.0,30.0,17.0,72.4,48.0,65.0,20.5,45.5,-4.5,CHI,12.299999999999999,9.0,0.2964015151515152,0.3333333333333333,37.125,12.2
2025,10,00-0038120,Breece Hall,RB,NYJ,71.0,55.0,65.0,50.0,62.4,34.0,26.0,18.0,37.5,-1.5,CLE,15.32,19.0,0.6487954584172605,2.0,16.185000000000002,19.5
2025,10,00-0038124,Christian Watson,WR,GB,30.0,39.0,11.0,0.0,91.2,65.0,43.0,23.5,45.5,1.5,PHI,10.15,4.0,0.11428571428571428,0.0,31.5,6.5
2025,10,00-0038129,Cade Otton,TE,TB,61.0,47.0,22.0,17.0,81.0,77.0,62.0,25.5,48.5,2.5,NE,10.533333333333333,6.666666666666667,0.21640096618357485,0.3333333333333333,17.4375,17.2
2025,10,00-0038134,Kenneth Walker III,RB,SEA,51.0,23.0,49.0,58.0,83.8,78.0,41.0,25.75,44.5,7.0,ARI,6.466666666666666,13.666666666666666,0.4943667443667443,2.3333333333333335,20.7625,8.0
2025,10,00-0038359,Xavier Smith,WR,LA,15.0,9.0,6.0,17.0,38.9,88.0,48.0,27.5,49.5,5.5,SF,2.2333333333333334,2.0,0.06256109481915934,0.3333333333333333,32.77777777777778,2.4
2025,10,00-0038393,Dontayvion Wicks,WR,GB,20.0,11.0,9.0,17.0,72.5,65.0,43.0,23.5,45.5,1.5,PHI,2.966666666666667,2.6666666666666665,0.08648758648758648,0.3333333333333333,31.5,7.8
2025,10,00-0038454,Keaton Mitchell,RB,BAL,11.0,9.0,10.0,17.0,37.2,83.0,39.0,26.5,48.5,4.5,MIN,2.3666666666666667,3.0,0.09559874440659855,0.6666666666666666,20.1,3.1
2025,10,00-0038488,Brady Russell,RB,SEA,0.0,0.0,0.0,0.0,56.8,78.0,41.0,25.75,44.5,7.0,ARI,0.0,0.0,0.0,0.0,20.7625,0.0
2025,10,00-0038496,Xavier Gipson,WR,PHI,2.0,2.0,2.0,0.0,31.2,57.0,44.0,22.0,45.5,-1.5,GB,0.43333333333333335,0.3333333333333333,0.016666666666666666,0.0,31.675,0.0
2025,10,00-0038542,Bijan Robinson,RB,ATL,70.0,56.0,87.0,42.0,76.3,51.0,36.0,21.0,48.5,-6.5,IND,15.533333333333333,18.666666666666668,0.8652505446623094,1.6666666666666667,19.22222222222222,10.8
2025,10,00-0038543,Jaxon Smith-Njigba,WR,SEA,92.0,100.0,48.0,17.0,87.5,78.0,43.0,25.75,44.5,7.0,ARI,26.166666666666668,12.333333333333334,0.4803639846743295,0.3333333333333333,31.525,20.3
2025,10,00-0038544,Quentin Johnston,WR,LAC,42.0,45.0,17.0,67.0,82.4,70.0,80.0,24.25,45.5,3.0,PIT,11.733333333333334,5.666666666666667,0.16512345679012344,1.3333333333333333,41.0375,9.2
2025,10,00-0038555,Tank Bigsby,RB,PHI,14.0,15.0,12.0,8.0,31.2,57.0,33.0,22.0,45.5,-1.5,GB,4.133333333333334,3.6666666666666665,0.11989459815546771,0.3333333333333333,18.3625,0.7
2025,10,00-0038558,Darnell Washington,TE,PIT,48.0,40.0,17.0,100.0,93.6,52.0,37.0,21.25,45.5,-3.0,LAC,8.9,5.333333333333333,0.16874999999999998,2.0,9.966666666666667,2.5
2025,10,00-0038559,Michael Wilson,WR,ARI,32.0,31.0,13.0,33.0,90.9,38.0,34.0,18.75,44.5,-7.0,SEA,8.166666666666666,4.333333333333333,0.1279277405038054,0.6666666666666666,29.0375,7.4
2025,10,00-0038563,Tre Tucker,WR,LV,38.0,34.0,23.0,17.0,77.2,25.0,24.0,16.5,42.5,-9.5,DEN,9.033333333333333,5.0,0.22849235387935077,0.3333333333333333,26.51111111111111,5.5
2025,10,00-0038573,Derius Davis,WR,LAC,0.0,0.0,0.0,0.0,56.8,70.0,80.0,24.25,45.5,3.0,PIT,0.0,0.0,0.0,0.0,41.0375,1.3
2025,10,00-0038606,Parker Washington,WR,JAC,65.0,41.0,29.0,33.0,63.3,42.0,21.0,19.5,37.5,1.5,HOU,10.700000000000001,8.666666666666666,0.2855699855699856,0.6666666666666666,25.625,11.9
2025,10,00-0038611,Chris Rodriguez Jr.,RB,WSH,20.0,24.0,16.0,33.0,33.6,48.0,30.0,20.5,49.5,-8.5,DET,6.633333333333333,5.333333333333333,0.1634920634920635,1.3333333333333333,17.225,7.6
2025,10,00-0038621,DeMario Douglas,WR,NE,30.0,39.0,15.0,33.0,53.6,62.0,45.0,23.0,48.5,-2.5,TB,10.133333333333333,4.0,0.14663561076604556,0.6666666666666666,31.8625,5.4
2025,10,00-0038679,Tyrell Shavers,WR,BUF,18.0,9.0,9.0,0.0,31.2,100.0,20.0,29.5,50.5,8.5,MIA,2.466666666666667,2.3333333333333335,0.08854700854700855,0.0,25.48888888888889,3.4
2025,10,00-0038685,Chris Brooks,RB,GB,4.0,5.0,3.0,0.0,37.2,65.0,49.0,23.5,45.5,1.5,PHI,1.4666666666666668,1.0,0.030952380952380953,0.0,23.3125,0.0
2025,10,00-0038705,Emari Demercado,RB,ARI,25.0,20.0,23.0,25.0,34.8,38.0,38.0,18.75,44.5,-7.0,SEA,5.666666666666667,6.666666666666667,0.22933244916003537,1.0,19.9375,13.4
2025,10,00-0038710,Blake Whiteheart,TE,CLE,9.0,4.0,3.0,0.0,64.6,42.0,50.0,19.5,37.5,1.5,NYJ,0.7999999999999999,1.0,0.03485838779956427,0.0,13.975,0.0
2025,10,00-0038797,Emanuel Wilson,RB,GB,38.0,20.0,38.0,67.0,56.5,65.0,49.0,23.5,45.5,1.5,PHI,5.633333333333333,10.0,0.3770297818123905,2.6666666666666665,23.3125,1.4
2025,10,00-0038824,Ryan Miller,WR,TB,5.0,3.0,2.0,0.0,34.4,77.0,41.0,25.5,48.5,2.5,NE,0.7999999999999999,0.6666666666666666,0.018160919540229886,0.0,31.0,0.0
2025,10,00-0038933,Dalton Kincaid,TE,BUF,45.0,63.0,19.0,0.0,66.5,100.0,61.0,29.5,50.5,8.5,MIA,14.066666666666668,5.0,0.1901449275362319,0.0,17.233333333333334,5.7
2025,10,00-0038951,Sean Tucker,RB,TB,25.0,24.0,25.0,42.0,50.2,77.0,30.0,25.5,48.5,2.5,NE,6.766666666666666,6.666666666666667,0.24929855585027996,1.6666666666666667,17.200000000000003,6.1
2025,10,00-0038979,Cedric Tillman,WR,CLE,30.0,22.0,11.0,33.0,53.1,42.0,39.0,19.5,37.5,1.5,NYJ,5.8,4.0,0.10776841224294598,0.6666666666666666,30.45,3.1
2025,10,00-0038994,Jordan Addison,WR,MIN,52.0,53.0,22.0,83.0,62.4,57.0,70.0,22.0,48.5,-4.5,BAL,13.933333333333332,7.0,0.21647381437486388,1.6666666666666667,38.4625,6.5
2025,10,00-0038997,Josh Downs,WR,IND,48.0,59.0,18.0,100.0,77.0,88.0,31.0,27.5,48.5,6.5,ATL,15.6,6.333333333333333,0.1759920634920635,2.3333333333333335,28.3,1.3
2025,10,00-0039040,De'Von Achane,RB,MIA,84.0,59.0,83.0,75.0,85.8,51.0,51.0,21.0,50.5,-8.5,BUF,16.5,22.333333333333332,0.8278544278544278,3.0,23.924999999999997,40.5
2025,10,00-0039041,Elijah Higgins,TE,ARI,18.0,19.0,6.0,0.0,59.6,38.0,54.0,18.75,44.5,-7.0,SEA,4.233333333333333,2.0,0.061380697283334194,0.0,15.049999999999999,3.9
2025,10,00-0039050,Payne Durham,TE,TB,3.0,0.0,1.0,0.0,41.8,77.0,62.0,25.5,48.5,2.5,NE,0.0,0.3333333333333333,0.009259259259259259,0.0,17.4375,0.0
2025,10,00-0039064,Zay Flowers,WR,BAL,62.0,46.0,32.0,50.0,81.6,83.0,35.0,26.5,48.5,4.5,MIN,12.033333333333333,8.333333333333334,0.3225178806700546,1.0,29.35,12.1
2025,10,00-0039065,Sam LaPorta,TE,DET,52.0,64.0,18.0,17.0,64.6,97.0,56.0,29.0,49.5,8.5,WSH,14.233333333333334,5.666666666666667,0.18386243386243387,0.3333333333333333,15.699999999999998,10.3
2025,10,00-0039066,Michael Mayer,TE,LV,48.0,35.0,21.0,33.0,51.8,25.0,42.0,16.5,42.5,-9.5,DEN,7.866666666666667,5.333333333333333,0.20667980110704567,0.6666666666666666,11.466666666666667,5.2
2025,10,00-0039074,Davis Allen,TE,LA,21.0,15.0,8.0,33.0,47.2,88.0,43.0,27.5,49.5,5.5,SF,3.266666666666666,2.3333333333333335,0.07875278843020779,0.6666666666666666,11.922222222222222,8.8
2025,10,00-0039075,Puka Nacua,WR,LA,60.0,66.0,22.0,83.0,60.9,88.0,48.0,27.5,49.5,5.5,SF,17.366666666666667,8.0,0.21919150356150907,1.6666666666666667,32.77777777777778,17.4
2025,10,00-0039139,Jahmyr Gibbs,RB,DET,64.0,60.0,66.0,58.0,60.8,97.0,43.0,29.0,49.5,8.5,WSH,16.7,17.0,0.6616435664442911,2.3333333333333335,21.244444444444447,38.2
2025,10,00-0039144,Luke Musgrave,TE,GB,18.0,14.0,6.0,0.0,54.3,65.0,30.0,23.5,45.5,1.5,PHI,3.1999999999999997,2.0,0.06373626373626373,0.0,8.012500000000001,5.3
2025,10,00-0039150,Bryce Young,QB,CAR,56.0,40.0,26.0,64.0,75.5,57.0,48.0,22.0,38.5,5.5,NO,11.986666666666666,25.666666666666668,0.06503632819422293,6.0,19.20888888888889,5.56
2025,10,00-0039165,Zach Charbonnet,RB,SEA,45.0,36.0,44.0,67.0,67.2,78.0,41.0,25.75,44.5,7.0,ARI,9.933333333333334,12.0,0.4369356696942904,2.6666666666666665,20.7625,14.3
2025,10,00-0039299,George Holani,RB,SEA,4.0,1.0,4.0,0.0,31.2,78.0,41.0,25.75,44.5,7.0,ARI,0.3,1.0,0.041666666666666664,0.0,20.7625,9.1
2025,10,00-0039305,Jack Westover,TE,NE,0.0,0.0,0.0,0.0,56.8,62.0,48.0,23.0,48.5,-2.5,TB,0.0,0.0,0.0,0.0,13.412500000000001,0.0
2025,10,00-0039338,Brock Bowers,TE,LV,76.0,90.0,29.0,100.0,52.1,25.0,42.0,16.5,42.5,-9.5,DEN,20.23333333333333,8.333333333333334,0.2933073424301494,2.6666666666666665,11.466666666666667,3.7
2025,10,00-0039342,Xavier Legette,WR,CAR,42.0,39.0,21.0,83.0,41.8,57.0,43.0,22.0,38.5,5.5,NO,10.366666666666667,5.666666666666667,0.21438940970940676,1.6666666666666667,31.54444444444444,0.0
2025,10,00-0039356,Ja'Tavion Sanders,TE,CAR,18.0,10.0,8.0,50.0,50.8,57.0,52.0,22.0,38.5,5.5,NO,2.1333333333333333,2.0,0.08252749686277404,1.0,14.544444444444444,8.2
2025,10,00-0039364,Sione Vaki,RB,DET,0.0,0.0,0.0,0.0,56.8,97.0,43.0,29.0,49.5,8.5,WSH,0.0,0.0,0.0,0.0,21.244444444444447,0.4
2025,10,00-0039379,Jamari Thrash,WR,CLE,20.0,15.0,9.0,17.0,81.1,42.0,39.0,19.5,37.5,1.5,NYJ,3.9,2.6666666666666665,0.08694791047732224,0.3333333333333333,30.45,0.0
2025,10,00-0039384,Tyrone Tracy Jr.,RB,NYG,39.0,30.0,42.0,8.0,80.3,48.0,50.0,20.5,45.5,-4.5,CHI,8.200000000000001,10.333333333333334,0.41896645021645024,0.3333333333333333,23.475,8.1
2025,10,00-0039391,Kimani Vidal,RB,LAC,65.0,36.0,57.0,75.0,62.6,70.0,38.0,24.25,45.5,3.0,PIT,10.066666666666666,17.333333333333332,0.5701155612977319,3.0,19.75,17.8
2025,10,00-0039407,Dylan Laube,RB,LV,4.0,2.0,8.0,0.0,31.2,25.0,33.0,16.5,42.5,-9.5,DEN,0.46666666666666673,1.0,0.08021390374331551,0.0,18.11111111111111,0.0
2025,10,00-0039424,Devaughn Vele,WR,NO,20.0,16.0,6.0,17.0,52.1,25.0,21.0,16.5,38.5,-5.5,CAR,4.2,2.6666666666666665,0.06464263124604681,0.3333333333333333,25.700000000000003,2.5
2025,10,00-0039451,Isaiah Williams,WR,NYJ,12.0,11.0,5.0,0.0,31.2,34.0,46.0,18.0,37.5,-1.5,CLE,2.8666666666666667,1.6666666666666667,0.05498602050326188,0.0,32.225,1.4
2025,10,00-0039491,Jalen Coker,WR,CAR,18.0,11.0,10.0,0.0,44.2,57.0,43.0,22.0,38.5,5.5,NO,2.8333333333333335,2.3333333333333335,0.09702025048596245,0.0,31.54444444444444,5.1
2025,10,00-0039589,Kameron Johnson,WR,TB,12.0,21.0,6.0,0.0,31.2,77.0,41.0,25.5,48.5,2.5,NE,5.466666666666666,1.6666666666666667,0.06463768115942028,0.0,31.0,1.1
2025,10,00-0039732,Bo Nix,QB,DEN,91.0,90.0,51.0,89.0,81.1,80.0,50.0,26.0,42.5,9.5,LV,26.75333333333333,41.666666666666664,0.1268037518037518,8.333333333333334,19.4475,9.8
2025,10,00-0039738,Blake Corum,RB,LA,39.0,16.0,32.0,42.0,71.0,88.0,45.0,27.5,49.5,5.5,SF,4.466666666666666,10.333333333333334,0.32127100649816037,1.6666666666666667,22.12222222222222,5.6
2025,10,00-0039739,Roman Wilson,WR,PIT,22.0,29.0,9.0,0.0,47.0,52.0,21.0,21.25,45.5,-3.0,LAC,7.499999999999999,3.0,0.09364439324116743,0.0,25.79111111111111,11.5
2025,10,00-0039746,Will Shipley,RB,PHI,5.0,2.0,4.0,0.0,31.2,57.0,33.0,22.0,45.5,-1.5,GB,0.6333333333333333,1.3333333333333333,0.04479578392621871,0.0,18.3625,5.4
2025,10,00-0039757,Terrell Jennings,RB,NE,24.0,18.0,19.0,25.0,38.2,62.0,49.0,23.0,48.5,-2.5,TB,4.9,6.333333333333333,0.18835978835978837,1.0,23.2125,0.5
2025,10,00-0039793,AJ Barner,TE,SEA,36.0,35.0,16.0,17.0,70.3,78.0,56.0,25.75,44.5,7.0,ARI,7.833333333333333,4.0,0.15569487983281086,0.3333333333333333,15.687500000000002,0.3
2025,10,00-0039798,Isaiah Davis,RB,NYJ,26.0,27.0,24.0,17.0,46.6,34.0,26.0,18.0,37.5,-1.5,CLE,7.400000000000001,7.0,0.2406060120186928,0.6666666666666666,16.185000000000002,2.1
2025,10,00-0039847,Theo Johnson,TE,NYG,52.0,48.0,19.0,17.0,76.9,48.0,54.0,20.5,45.5,-4.5,CHI,10.766666666666666,5.666666666666667,0.1938131313131313,0.3333333333333333,15.2375,14.5
2025,10,00-0039849,Marvin Harrison Jr.,WR,ARI,45.0,45.0,19.0,33.0,47.7,38.0,34.0,18.75,44.5,-7.0,SEA,11.866666666666667,6.0,0.19086007524141402,0.6666666666666666,29.0375,12.3
2025,10,00-0039851,Drake Maye,QB,NE,72.0,81.0,89.0,89.0,91.2,62.0,47.0,23.0,48.5,-2.5,TB,23.906666666666666,33.0,0.22154882154882158,8.333333333333334,18.9,20.1
2025,10,00-0039868,Troy Franklin,WR,DEN,75.0,56.0,30.0,100.0,70.5,80.0,67.0,26.0,42.5,9.5,LV,14.700000000000001,10.0,0.2980296639036731,2.3333333333333335,37.725,15.0
2025,10,00-0039874,Jaylen Wright,RB,MIA,38.0,14.0,28.0,0.0,56.8,51.0,51.0,21.0,50.5,-8.5,BUF,3.8,10.0,0.28170478170478175,0.0,23.924999999999997,1.7
2025,10,00-0039875,Ray Davis,RB,BUF,15.0,14.0,13.0,17.0,31.2,100.0,55.0,29.5,50.5,8.5,MIA,3.8333333333333335,4.0,0.12584806497849974,0.6666666666666666,25.077777777777776,0.8
2025,10,00-0039880,Malik Washington,WR,MIA,48.0,39.0,23.0,33.0,76.4,51.0,40.0,21.0,50.5,-8.5,BUF,10.233333333333333,6.333333333333333,0.23001848001848002,0.6666666666666666,30.675,9.3
2025,10,00-0039901,Keon Coleman,WR,BUF,30.0,18.0,16.0,17.0,71.7,100.0,20.0,29.5,50.5,8.5,MIA,4.6,4.0,0.16156075808249723,0.3333333333333333,25.48888888888889,13.6
2025,10,00-0039912,Ben Sinnott,TE,WSH,6.0,7.0,2.0,0.0,35.4,48.0,46.0,20.5,49.5,-8.5,DET,1.6333333333333335,0.6666666666666666,0.019444444444444445,0.0,12.700000000000001,7.4
2025,10,00-0039915,Ladd McConkey,WR,LAC,78.0,59.0,31.0,50.0,72.6,70.0,80.0,24.25,45.5,3.0,PIT,15.366666666666665,10.333333333333334,0.3055555555555555,1.0,41.0375,20.7
2025,10,00-0039917,Michael Penix Jr.,QB,ATL,82.0,58.0,38.0,61.0,88.7,51.0,45.0,21.0,48.5,-6.5,IND,17.19333333333333,37.666666666666664,0.09583333333333333,5.666666666666667,18.426666666666666,10.98
2025,10,00-0039918,Caleb Williams,QB,CHI,80.0,67.0,49.0,79.0,70.2,74.0,57.0,25.0,45.5,4.5,NYG,19.726666666666667,36.666666666666664,0.12185663924794359,7.333333333333333,21.05333333333333,25.1
2025,10,00-0039919,Rome Odunze,WR,CHI,48.0,30.0,20.0,33.0,49.5,74.0,62.0,25.0,45.5,4.5,NYG,7.833333333333333,6.333333333333333,0.20464985994397758,0.6666666666666666,36.31111111111111,20.6
2025,10,00-0039920,Malachi Corley,WR,CLE,10.0,10.0,7.0,0.0,58.0,42.0,39.0,19.5,37.5,1.5,NYJ,2.6333333333333333,1.3333333333333333,0.06828703703703703,0.0,30.45,3.2
2025,10,00-0039923,J.J. McCarthy,QB,MIN,59.0,58.0,87.0,64.0,80.0,57.0,53.0,22.0,48.5,-4.5,BAL,17.319999999999997,27.333333333333332,0.21680859974870867,6.0,20.2025,18.72
2025,10,00-0040009,Savion Williams,WR,GB,12.0,14.0,5.0,33.0,32.8,65.0,43.0,23.5,45.5,1.5,PHI,3.7000000000000006,1.6666666666666667,0.05472527472527472,0.6666666666666666,31.5,2.2
2025,10,00-0040075,LaJohntay Wester,WR,BAL,0.0,0.0,0.0,0.0,56.8,83.0,35.0,26.5,48.5,4.5,MIN,0.0,0.0,0.0,0.0,29.35,0.0
2025,10,00-0040122,Ashton Jeanty,RB,LV,65.0,49.0,77.0,75.0,65.6,25.0,33.0,16.5,42.5,-9.5,DEN,13.633333333333333,17.333333333333332,0.7735452434562342,3.0,18.11111111111111,15.3
2025,10,00-0040124,Tetairoa McMillan,WR,CAR,52.0,40.0,30.0,50.0,67.5,57.0,43.0,22.0,38.5,5.5,NO,10.6,7.0,0.30395413498683593,1.0,31.54444444444444,11.0
2025,10,00-0040126,Colston Loveland,TE,CHI,48.0,63.0,17.0,67.0,61.1,74.0,46.0,25.0,45.5,4.5,NYG,14.0,5.333333333333333,0.16957983193277312,1.3333333333333333,12.895555555555555,9.5
2025,10,00-0040128,Tyler Warren,TE,IND,52.0,50.0,16.0,83.0,79.8,88.0,20.0,27.5,48.5,6.5,ATL,11.266666666666666,5.666666666666667,0.16021825396825398,1.6666666666666667,5.074999999999999,17.9
2025,10,00-0040129,Emeka Egbuka,WR,TB,62.0,26.0,26.0,50.0,69.7,77.0,41.0,25.5,48.5,2.5,NE,6.900000000000001,8.333333333333334,0.2629710144927536,1.0,31.0,23.5
2025,10,00-0040130,Jayden Higgins,WR,HOU,30.0,19.0,10.0,50.0,33.2,34.0,51.0,18.0,37.5,-1.5,JAC,4.933333333333334,4.0,0.10046157757828238,1.0,33.4875,15.2
2025,10,00-0040131,Kyle Williams,WR,NE,10.0,0.0,5.0,0.0,63.2,62.0,45.0,23.0,48.5,-2.5,TB,0.0,1.3333333333333333,0.05357142857142857,0.0,31.8625,14.2
2025,10,00-0040134,Pat Bryant,WR,DEN,27.0,22.0,11.0,17.0,63.4,80.0,67.0,26.0,42.5,9.5,LV,5.866666666666667,3.6666666666666665,0.1071632750815062,0.3333333333333333,37.725,5.3
2025,10,00-0040138,Jaylin Noel,WR,HOU,35.0,29.0,12.0,17.0,42.3,34.0,51.0,18.0,37.5,-1.5,JAC,7.566666666666666,4.666666666666667,0.11526097853328975,0.3333333333333333,33.4875,7.5
2025,10,00-0040142,Kaleb Johnson,RB,PIT,19.0,7.0,18.0,17.0,70.0,52.0,42.0,21.25,45.5,-3.0,LAC,2.0,5.0,0.18268398268398267,0.6666666666666666,20.9,0.3
2025,10,00-0040162,Dylan Sampson,RB,CLE,22.0,18.0,24.0,8.0,67.8,42.0,48.0,19.5,37.5,1.5,NYJ,5.000000000000001,6.0,0.24382303426421073,0.3333333333333333,22.95,0.9
2025,10,00-0040164,Jaylin Lane,WR,WSH,32.0,20.0,17.0,17.0,57.1,48.0,58.0,20.5,49.5,-8.5,DET,5.3,4.333333333333333,0.16610343061955965,0.3333333333333333,35.3625,5.1
2025,10,00-0040187,Mitchell Evans,TE,CAR,15.0,22.0,6.0,33.0,60.9,57.0,52.0,22.0,38.5,5.5,NO,4.966666666666667,1.6666666666666667,0.06047675940149058,0.6666666666666666,14.544444444444444,0.0
2025,10,00-0040189,Oronde Gadsden II,TE,LAC,58.0,89.0,19.0,67.0,75.8,70.0,64.0,24.25,45.5,3.0,PIT,19.966666666666665,6.333333333333333,0.18672839506172836,1.3333333333333333,18.037499999999998,4.3
2025,10,00-0040194,Jackson Hawes,TE,BUF,18.0,13.0,9.0,17.0,73.8,100.0,61.0,29.5,50.5,8.5,MIA,2.9333333333333336,2.0,0.08529644268774704,0.3333333333333333,17.233333333333334,9.6
2025,10,00-0040198,Ollie Gordon II,RB,MIA,26.0,21.0,24.0,25.0,50.0,51.0,51.0,21.0,50.5,-8.5,BUF,5.933333333333334,7.0,0.24323274323274324,1.0,23.924999999999997,-0.3
2025,10,00-0040202,Devin Neal,RB,NO,10.0,8.0,12.0,8.0,42.2,25.0,46.0,16.5,38.5,-5.5,CAR,2.1333333333333333,2.6666666666666665,0.12492530345471521,0.3333333333333333,22.322222222222223,6.1
2025,10,00-0040236,Kyle Monangai,RB,CHI,68.0,51.0,53.0,100.0,53.2,74.0,61.0,25.0,45.5,4.5,NYG,14.200000000000001,18.0,0.5330364507730238,4.333333333333333,27.12222222222222,8.8
2025,10,00-0040237,Tez Johnson,WR,TB,45.0,46.0,19.0,17.0,74.0,77.0,41.0,25.5,48.5,2.5,NE,12.200000000000001,6.0,0.18681159420289853,0.3333333333333333,31.0,20.2
2025,10,00-0040238,LeQuint Allen Jr.,RB,JAC,8.0,7.0,6.0,0.0,64.3,42.0,38.0,19.5,37.5,1.5,HOU,1.9000000000000001,2.0,0.06473000683526998,0.0,19.650000000000002,1.6
2025,10,00-0040241,Dominic Lovett,WR,DET,0.0,0.0,0.0,0.0,56.8,97.0,67.0,29.0,49.5,8.5,WSH,0.0,0.0,0.0,0.0,37.56666666666667,0.0
2025,10,00-0040242,Jacory Croskey-Merritt,RB,WSH,48.0,14.0,46.0,17.0,82.2,48.0,30.0,20.5,49.5,-8.5,DET,3.9333333333333336,12.666666666666666,0.4643625192012289,0.6666666666666666,17.225,3.0
2025,10,00-0040259,Gage Larvadain,WR,CLE,15.0,6.0,7.0,0.0,35.1,42.0,39.0,19.5,37.5,1.5,NYJ,1.5,2.0,0.06549564270152505,0.0,30.45,0.0
2025,10,00-0040506,Myles Price,WR,MIN,0.0,0.0,0.0,0.0,56.8,57.0,70.0,22.0,48.5,-4.5,BAL,0.0,0.0,0.0,0.0,38.4625,0.0
2025,10,00-0040509,Ben Yurosek,TE,MIN,6.0,2.0,2.0,0.0,31.2,57.0,48.0,22.0,48.5,-4.5,BAL,0.5,0.6666666666666666,0.022222222222222223,0.0,13.4875,0.0
2025,10,00-0040534,Ke'Shawn Williams,WR,PIT,0.0,0.0,0.0,0.0,56.8,52.0,21.0,21.25,45.5,-3.0,LAC,0.0,0.0,0.0,0.0,25.79111111111111,0.0
2025,10,00-0040563,Efton Chism III,WR,NE,0.0,0.0,0.0,0.0,56.8,62.0,45.0,23.0,48.5,-2.5,TB,0.0,0.0,0.0,0.0,31.8625,0.0
2025,10,00-0040581,Dont'e Thornton Jr.,WR,LV,18.0,0.0,11.0,17.0,66.8,25.0,24.0,16.5,42.5,-9.5,DEN,0.0,2.3333333333333335,0.11067538126361658,0.3333333333333333,26.51111111111111,1.4
2025,10,00-0040582,Arian Smith,WR,NYJ,12.0,5.0,7.0,0.0,46.4,34.0,46.0,18.0,37.5,-1.5,CLE,1.4333333333333333,1.6666666666666667,0.06597453961191446,0.0,32.225,1.3
2025,10,00-0040583,Woody Marks,RB,HOU,54.0,36.0,51.0,42.0,72.8,34.0,34.0,18.0,37.5,-1.5,JAC,10.1,14.333333333333334,0.5139385312692623,1.6666666666666667,18.7,16.1
2025,10,00-0040590,Konata Mumpfield,WR,LA,11.0,18.0,5.0,25.0,58.7,88.0,48.0,27.5,49.5,5.5,SF,4.6,1.5,0.053613053613053616,0.5,32.77777777777778,0.0
2025,10,00-0040644,Trevor Etienne,RB,CAR,5.0,2.0,5.0,0.0,31.2,57.0,48.0,22.0,38.5,5.5,NO,0.5333333333333333,1.3333333333333333,0.047619047619047616,0.0,22.844444444444445,0.0
2025,10,00-0040649,Robbie Ouzts,RB,SEA,0.0,0.0,0.0,0.0,56.8,78.0,41.0,25.75,44.5,7.0,ARI,0.0,0.0,0.0,0.0,20.7625,0.0
2025,10,00-0040663,Harold Fannin Jr.,TE,CLE,73.0,61.0,26.0,50.0,76.8,42.0,50.0,19.5,37.5,1.5,NYJ,13.700000000000001,8.0,0.25959348385818976,1.0,13.975,8.4
2025,10,00-0040669,Isaac TeSlaa,WR,DET,10.0,10.0,5.0,33.0,54.0,97.0,67.0,29.0,49.5,8.5,WSH,2.733333333333333,1.3333333333333333,0.05203854116897596,0.6666666666666666,37.56666666666667,2.1
2025,10,00-0040691,Jaxson Dart,QB,NYG,79.0,87.0,100.0,68.0,87.7,48.0,66.0,20.5,45.5,-4.5,CHI,25.69333333333333,36.333333333333336,0.2743055555555555,6.333333333333333,22.905,28.28
2025,10,00-0040704,Dillon Gabriel,QB,CLE,80.0,34.0,24.0,75.0,74.3,42.0,47.0,19.5,37.5,1.5,NYJ,10.073333333333334,36.666666666666664,0.061237373737373736,7.0,18.8175,20.08
2025,10,00-0040719,Bhayshul Tuten,RB,JAC,25.0,20.0,24.0,58.0,62.3,42.0,38.0,19.5,37.5,1.5,HOU,5.533333333333334,6.666666666666667,0.23778132199184832,2.3333333333333335,19.650000000000002,2.0
2025,10,00-0040727,Tre Harris,WR,LAC,15.0,21.0,6.0,17.0,79.0,70.0,80.0,24.25,45.5,3.0,PIT,5.633333333333334,2.0,0.06481481481481481,0.3333333333333333,41.0375,2.4
2025,10,00-0040729,Jack Bech,WR,LV,8.0,4.0,5.0,0.0,31.2,25.0,24.0,16.5,42.5,-9.5,DEN,1.0999999999999999,1.0,0.05436720142602495,0.0,26.51111111111111,0.0
2025,10,00-0040730,RJ Harvey,RB,DEN,26.0,58.0,24.0,17.0,73.0,80.0,47.0,26.0,42.5,9.5,LV,15.966666666666669,7.0,0.2447416032105227,0.6666666666666666,22.7,3.8
2025,10,00-0040734,TreVeyon Henderson,RB,NE,40.0,25.0,33.0,42.0,41.3,62.0,49.0,23.0,48.5,-2.5,TB,6.8999999999999995,10.666666666666666,0.3265993265993266,1.6666666666666667,23.2125,28.0
2025,10,00-0040735,Luther Burden III,WR,CHI,20.0,17.0,9.0,0.0,46.7,74.0,62.0,25.0,45.5,4.5,NYG,4.366666666666666,2.6666666666666665,0.09050082101806241,0.0,36.31111111111111,8.1
2025,10,00-0040736,Mason Taylor,TE,NYJ,42.0,32.0,17.0,83.0,44.5,34.0,43.0,18.0,37.5,-1.5,CLE,7.233333333333333,4.666666666666667,0.167939686070943,1.6666666666666667,11.9,1.4
2025,10,00-0040737,Terrance Ferguson,TE,LA,21.0,26.0,8.0,0.0,47.5,88.0,43.0,27.5,49.5,5.5,SF,5.833333333333333,2.3333333333333335,0.07705384844234774,0.0,11.922222222222222,4.2
2025,10,00-0040739,Elijah Arroyo,TE,SEA,27.0,31.0,11.0,33.0,57.8,78.0,56.0,25.75,44.5,7.0,ARI,6.900000000000001,3.0,0.11302681992337164,0.6666666666666666,15.687500000000002,1.5
2025,10,00-0040743,Tyler Shough,QB,NO,43.0,20.0,36.0,18.0,38.4,25.0,37.0,16.5,38.5,-5.5,CAR,5.853333333333333,20.0,0.09047619047619049,1.6666666666666667,16.76222222222222,18.98
2025,10,00-0040784,Quinshon Judkins,RB,CLE,62.0,42.0,71.0,50.0,58.4,42.0,48.0,19.5,37.5,1.5,NYJ,11.566666666666665,16.666666666666668,0.71215834818776,2.0,22.95,10.5
2025,11,00-0023459,Aaron Rodgers,QB,PIT,76.0,46.0,12.0,49.0,89.0,94.0,66.0,27.0,48.5,5.5,CIN,13.106666666666667,34.666666666666664,0.030303030303030304,5.666666666666667,22.85111111111111,9.44
2025,11,00-0026158,Joe Flacco,QB,CIN,100.0,100.0,49.0,77.0,88.0,62.0,60.0,21.5,48.5,-5.5,PIT,28.333333333333332,45.333333333333336,0.12367149758454106,9.0,21.737777777777776,11.86
2025,11,00-0026498,Matthew Stafford,QB,LA,81.0,95.0,35.0,77.0,97.2,90.0,44.0,26.25,49.5,3.0,SEA,27.040000000000003,36.666666666666664,0.08732959101844427,9.0,18.40888888888889,13.2
2025,11,00-0029604,Kirk Cousins,QB,ATL,44.0,15.0,24.0,4.0,39.5,74.0,38.0,23.5,42.5,4.5,CAR,4.14,20.0,0.058823529411764705,0.5,16.984,2.12
2025,11,00-0030035,Adam Thielen,WR,MIN,14.0,7.0,6.0,0.0,62.8,84.0,61.0,25.25,47.5,3.0,CHI,1.8666666666666665,2.3333333333333335,0.06370648321867833,0.0,35.78888888888889,1.6
2025,11,00-0030061,Zach Ertz,TE,WSH,43.0,32.0,21.0,17.0,85.5,68.0,62.0,22.5,47.5,-2.5,MIA,7.866666666666667,5.0,0.20591630591630591,0.3333333333333333,17.71,8.2
2025,11,00-0030279,Keenan Allen,WR,LAC,30.0,24.0,18.0,17.0,86.2,73.0,57.0,23.25,43.5,3.0,JAC,6.133333333333333,5.0,0.18167789001122336,0.3333333333333333,34.72222222222222,9.3
2025,11,00-0030506,Travis Kelce,TE,KC,46.0,56.0,17.0,50.0,64.7,77.0,39.0,24.0,44.5,3.5,DEN,13.633333333333333,5.333333333333333,0.17021636240703178,1.0,11.209999999999999,24.1
2025,11,00-0030564,DeAndre Hopkins,WR,BAL,12.0,8.0,8.0,17.0,39.7,68.0,34.0,22.5,37.5,7.5,CLE,2.0,2.0,0.07726331639375117,0.3333333333333333,29.011111111111113,2.1
2025,11,00-0030565,Geno Smith,QB,LV,67.0,44.0,75.0,29.0,59.2,68.0,80.0,22.5,48.5,-3.5,DAL,12.486666666666666,30.333333333333332,0.18832535885167465,3.3333333333333335,25.804444444444446,14.92
2025,11,00-0031237,Teddy Bridgewater,QB,TB,2.0,-0.0,33.0,0.0,56.8,55.0,26.0,20.25,46.5,-6.0,BUF,-0.1,1.0,0.08333333333333333,0.0,14.622222222222222,-0.1
2025,11,00-0031381,Davante Adams,WR,LA,46.0,91.0,23.0,100.0,92.7,90.0,33.0,26.25,49.5,3.0,SEA,23.066666666666666,7.666666666666667,0.23450827056140147,3.0,28.688888888888886,7.1
2025,11,00-0031588,Stefon Diggs,WR,NE,34.0,51.0,21.0,83.0,79.5,100.0,38.0,28.0,43.5,12.5,NYJ,12.933333333333332,5.666666666666667,0.2120368387234954,1.6666666666666667,29.966666666666665,19.5
2025,11,00-0031687,Raheem Mostert,RB,LV,5.0,8.0,6.0,0.0,62.6,68.0,57.0,22.5,48.5,-3.5,DAL,2.0333333333333337,1.3333333333333333,0.05504643962848297,0.0,26.366666666666667,3.3
2025,11,00-0032211,Tyler Lockett,WR,LV,18.0,17.0,11.0,33.0,33.6,68.0,79.0,22.5,48.5,-3.5,DAL,4.3999999999999995,3.0,0.10960526315789472,0.6666666666666666,40.27777777777778,6.3
2025,11,00-0032268,Marcus Mariota,QB,WSH,57.0,47.0,88.0,37.0,63.5,68.0,54.0,22.5,47.5,-2.5,MIA,13.32,25.666666666666668,0.21887125220458556,4.333333333333333,20.298000000000002,17.42
2025,11,00-0032385,Sterling Shepard,WR,TB,28.0,23.0,12.0,50.0,62.5,55.0,41.0,20.25,46.5,-6.0,BUF,5.8,4.666666666666667,0.1213252122554448,1.0,30.644444444444446,10.1
2025,11,00-0032398,Chris Moore,WR,WSH,20.0,28.0,12.0,0.0,36.2,68.0,25.0,22.5,47.5,-2.5,MIA,7.166666666666667,3.3333333333333335,0.1232078853046595,0.0,26.51,4.8
2025,11,00-0032464,Kalif Raymond,WR,DET,18.0,19.0,10.0,17.0,45.2,65.0,40.0,22.0,46.5,-2.5,PHI,4.866666666666667,3.0,0.09674122174122174,0.3333333333333333,30.533333333333335,0.0
2025,11,00-0032688,Robbie Chosen,WR,WSH,24.0,20.0,16.0,0.0,79.1,68.0,25.0,22.5,47.5,-2.5,MIA,5.15,4.0,0.15542521994134897,0.0,26.51,0.0
2025,11,00-0032764,Derrick Henry,RB,BAL,84.0,54.0,65.0,100.0,88.6,68.0,23.0,22.5,37.5,7.5,CLE,14.533333333333333,21.666666666666668,0.6548448149429916,4.0,16.78666666666667,20.2
2025,11,00-0032775,Demarcus Robinson,WR,SF,16.0,12.0,9.0,33.0,50.8,88.0,45.0,26.0,48.5,3.5,ARI,2.966666666666667,2.6666666666666665,0.08639181052974156,0.6666666666666666,31.688888888888886,2.3
2025,11,00-0033077,Dak Prescott,QB,DAL,85.0,60.0,73.0,57.0,85.2,88.0,44.0,26.0,48.5,3.5,LV,17.093333333333334,38.333333333333336,0.1817716333845366,6.666666666666667,18.375555555555554,26.32
2025,11,00-0033090,Hunter Henry,TE,NE,31.0,25.0,13.0,33.0,54.4,100.0,50.0,28.0,43.5,12.5,NYJ,6.233333333333333,3.6666666666666665,0.13189833654601268,0.6666666666666666,14.47777777777778,8.5
2025,11,00-0033106,Jared Goff,QB,DET,74.0,69.0,8.0,46.0,88.4,65.0,37.0,22.0,46.5,-2.5,PHI,19.5,33.666666666666664,0.020833333333333332,5.333333333333333,16.962222222222223,14.1
2025,11,00-0033110,Tyler Higbee,TE,LA,37.0,29.0,13.0,50.0,73.5,90.0,59.0,26.25,49.5,3.0,SEA,7.166666666666667,4.333333333333333,0.133028578000115,1.0,16.88888888888889,3.3
2025,11,00-0033119,Jacoby Brissett,QB,ARI,93.0,80.0,75.0,100.0,92.8,68.0,49.0,22.5,48.5,-3.5,SF,22.673333333333332,42.0,0.18687085028914116,11.666666666666666,19.419999999999998,25.88
2025,11,00-0033246,Johnny Mundt,TE,JAC,17.0,7.0,7.0,0.0,33.5,55.0,34.0,20.25,43.5,-3.0,LAC,1.6666666666666667,2.0,0.06938954765041722,0.0,9.989999999999998,4.5
2025,11,00-0033280,Christian McCaffrey,RB,SF,91.0,76.0,95.0,67.0,68.5,88.0,41.0,26.0,48.5,3.5,ARI,20.566666666666666,23.333333333333332,0.9507527990286612,2.6666666666666665,21.944444444444443,35.1
2025,11,00-0033282,Curtis Samuel,WR,BUF,4.0,6.0,2.0,0.0,34.8,90.0,54.0,26.25,46.5,6.0,TB,1.5666666666666667,0.6666666666666666,0.02188034188034188,0.0,34.077777777777776,3.9
2025,11,00-0033288,George Kittle,TE,SF,54.0,61.0,21.0,100.0,71.5,88.0,49.0,26.0,48.5,3.5,ARI,14.866666666666665,6.333333333333333,0.2105914174879692,2.0,14.144444444444446,24.7
2025,11,00-0033293,Aaron Jones,RB,MIN,45.0,40.0,54.0,17.0,74.8,84.0,45.0,25.25,47.5,3.0,CHI,10.9,11.666666666666666,0.5438405335395865,0.6666666666666666,22.91111111111111,11.1
2025,11,00-0033375,Tim Patrick,WR,JAC,6.0,17.0,3.0,0.0,66.8,55.0,20.0,20.25,43.5,-3.0,LAC,4.266666666666667,1.0,0.03477633477633477,0.0,25.352,11.0
2025,11,00-0033376,Patrick Ricard,RB,BAL,4.0,1.0,3.0,0.0,56.8,68.0,23.0,22.5,37.5,7.5,CLE,0.3,1.0,0.027777777777777776,0.0,16.78666666666667,0.0
2025,11,00-0033555,Mack Hollins,WR,NE,38.0,46.0,24.0,50.0,55.1,100.0,38.0,28.0,43.5,12.5,NYJ,11.799999999999999,6.333333333333333,0.24020132790747484,1.0,29.966666666666665,10.4
2025,11,00-0033572,Jamal Agnew,WR,ATL,0.0,0.0,0.0,0.0,56.8,74.0,21.0,23.5,42.5,4.5,CAR,0.0,0.0,0.0,0.0,25.52,0.0
2025,11,00-0033757,Robert Tonyan,TE,KC,0.0,0.0,0.0,0.0,56.8,77.0,39.0,24.0,44.5,3.5,DEN,0.0,0.0,0.0,0.0,11.209999999999999,1.1
2025,11,00-0033854,Dare Ogunbowale,RB,HOU,5.0,5.0,3.0,8.0,44.8,62.0,56.0,21.5,37.5,5.5,TEN,1.3,1.3333333333333333,0.033824574442423413,0.3333333333333333,26.044444444444444,1.9
2025,11,00-0033857,JuJu Smith-Schuster,WR,KC,12.0,17.0,6.0,17.0,61.2,77.0,21.0,24.0,44.5,3.5,DEN,4.2,2.0,0.061739350912778906,0.3333333333333333,25.490000000000002,0.0
2025,11,00-0033858,Jonnu Smith,TE,PIT,29.0,14.0,10.0,33.0,65.9,94.0,80.0,27.0,48.5,5.5,CIN,3.5333333333333337,3.3333333333333335,0.10368663594470046,0.6666666666666666,22.833333333333332,0.0
2025,11,00-0033873,Patrick Mahomes,QB,KC,82.0,75.0,37.0,57.0,84.5,77.0,22.0,24.0,44.5,3.5,DEN,21.233333333333334,37.333333333333336,0.09363143631436315,6.666666666666667,13.803999999999998,15.34
2025,11,00-0033881,Evan Engram,TE,DEN,34.0,15.0,14.0,50.0,59.2,57.0,37.0,20.5,44.5,-3.5,KC,3.6,4.0,0.14289704485782917,1.0,10.58888888888889,7.3
2025,11,00-0033885,David Njoku,TE,CLE,37.0,40.0,11.0,67.0,69.4,25.0,43.0,15.0,37.5,-7.5,BAL,9.866666666666665,4.333333333333333,0.11055407011289364,1.3333333333333333,12.3,1.7
2025,11,00-0033908,Cooper Kupp,WR,SEA,12.0,34.0,11.0,17.0,63.5,73.0,38.0,23.25,49.5,-3.0,LA,8.533333333333333,2.0,0.10871647509578543,0.3333333333333333,30.022222222222222,5.3
2025,11,00-0033923,Kareem Hunt,RB,KC,35.0,39.0,35.0,67.0,53.5,77.0,28.0,24.0,44.5,3.5,DEN,10.5,9.0,0.3492588309503785,2.6666666666666665,18.080000000000002,13.2
2025,11,00-0033955,Jeremy McNichols,RB,WSH,18.0,19.0,17.0,17.0,38.6,68.0,50.0,22.5,47.5,-2.5,MIA,5.233333333333333,4.666666666666667,0.16947250280583614,0.6666666666666666,24.380000000000003,4.9
2025,11,00-0034348,Courtland Sutton,WR,DEN,32.0,34.0,18.0,0.0,81.4,57.0,21.0,20.5,44.5,-3.5,KC,8.700000000000001,5.333333333333333,0.18417965476789008,0.0,25.566666666666666,9.9
2025,11,00-0034351,Dallas Goedert,TE,PHI,34.0,42.0,18.0,33.0,63.8,80.0,46.0,24.5,46.5,2.5,DET,10.3,4.0,0.18043478260869564,0.6666666666666666,13.333333333333334,4.4
2025,11,00-0034365,Ian Thomas,TE,LV,14.0,11.0,5.0,0.0,52.7,68.0,47.0,22.5,48.5,-3.5,DAL,2.766666666666667,1.6666666666666667,0.05170122275385433,0.0,13.555555555555555,3.0
2025,11,00-0034383,Dalton Schultz,TE,HOU,63.0,49.0,18.0,17.0,60.8,62.0,41.0,21.5,37.5,5.5,TEN,12.133333333333333,7.333333333333333,0.1780251911830859,0.3333333333333333,11.966666666666665,11.1
2025,11,00-0034613,Tanner Hudson,TE,CIN,26.0,26.0,8.0,50.0,55.8,62.0,59.0,21.5,48.5,-5.5,PIT,6.366666666666667,3.0,0.07668350168350169,1.0,16.944444444444443,5.2
2025,11,00-0034753,Mark Andrews,TE,BAL,37.0,45.0,17.0,67.0,76.5,68.0,37.0,22.5,37.5,7.5,CLE,11.133333333333333,4.333333333333333,0.16996199219200622,1.3333333333333333,10.844444444444445,15.7
2025,11,00-0034771,Mason Rudolph,QB,PIT,6.0,1.0,21.0,0.0,59.2,94.0,66.0,27.0,48.5,5.5,CIN,0.24,2.5,0.05357142857142857,0.0,22.85111111111111,8.98
2025,11,00-0034775,Christian Kirk,WR,HOU,30.0,24.0,13.0,17.0,56.6,62.0,59.0,21.5,37.5,5.5,TEN,6.1000000000000005,5.0,0.13411409379151315,0.3333333333333333,35.31111111111111,1.6
2025,11,00-0034791,Nick Chubb,RB,HOU,47.0,23.0,39.0,42.0,67.5,62.0,56.0,21.5,37.5,5.5,TEN,6.166666666666667,12.0,0.3892369813422445,1.6666666666666667,26.044444444444444,1.7
2025,11,00-0034796,Lamar Jackson,QB,BAL,68.0,65.0,100.0,54.0,82.1,68.0,30.0,22.5,37.5,7.5,CLE,18.293333333333333,30.666666666666668,0.25474383301707776,6.333333333333333,15.384444444444446,8.72
2025,11,00-0034798,Durham Smythe,TE,CHI,0.0,0.0,0.0,0.0,56.8,67.0,53.0,22.25,47.5,-3.0,MIN,0.0,0.0,0.0,0.0,15.344444444444443,1.8
2025,11,00-0034827,DJ Moore,WR,CHI,40.0,45.0,20.0,17.0,57.4,67.0,31.0,22.25,47.5,-3.0,MIN,11.526666666666666,6.666666666666667,0.20052174937085424,0.3333333333333333,28.055555555555557,3.1
2025,11,00-0034837,Calvin Ridley,WR,TEN,28.0,34.0,14.0,17.0,34.1,31.0,20.0,16.0,37.5,-5.5,HOU,8.633333333333335,4.666666666666667,0.14337227252828277,0.3333333333333333,25.477777777777778,2.3
2025,11,00-0034844,Saquon Barkley,RB,PHI,82.0,64.0,76.0,33.0,66.4,80.0,24.0,24.5,46.5,2.5,DET,17.233333333333334,21.0,0.7592743289674236,1.3333333333333333,16.922222222222224,10.0
2025,11,00-0034854,KhaDarel Hodge,WR,ATL,16.0,8.0,9.0,0.0,31.2,74.0,21.0,23.5,42.5,4.5,CAR,2.033333333333333,2.6666666666666665,0.08888888888888889,0.0,25.52,0.0
2025,11,00-0034855,Baker Mayfield,QB,TB,86.0,50.0,0.0,43.0,73.7,55.0,26.0,20.25,46.5,-6.0,BUF,14.04,39.0,0.0,5.0,14.622222222222222,20.82
2025,11,00-0034857,Josh Allen,QB,BUF,72.0,89.0,59.0,31.0,85.1,90.0,47.0,26.25,46.5,6.0,TB,25.126666666666665,32.666666666666664,0.14632034632034632,3.6666666666666665,19.033333333333335,46.68
2025,11,00-0034869,Sam Darnold,QB,SEA,54.0,62.0,21.0,26.0,72.6,73.0,38.0,23.25,49.5,-3.0,LA,17.580000000000002,24.333333333333332,0.052042160737812905,3.0,17.06222222222222,12.26
2025,11,00-0034960,Jakobi Meyers,WR,JAC,26.0,28.0,16.0,17.0,84.8,55.0,20.0,20.25,43.5,-3.0,LAC,7.099999999999999,4.333333333333333,0.15671590042299424,0.3333333333333333,25.352,11.4
2025,11,00-0035229,T.J. Hockenson,TE,MIN,23.0,22.0,9.0,17.0,69.8,84.0,53.0,25.25,47.5,3.0,CHI,5.5,2.6666666666666665,0.09307175680452458,0.3333333333333333,15.355555555555554,6.9
2025,11,00-0035249,Josh Oliver,TE,MIN,14.0,18.0,5.0,50.0,41.1,84.0,53.0,25.25,47.5,3.0,CHI,4.466666666666667,1.6666666666666667,0.04589528118939884,1.0,15.355555555555554,0.7
2025,11,00-0035250,Devin Singletary,RB,NYG,31.0,26.0,31.0,33.0,63.4,37.0,29.0,17.0,41.5,-7.5,GB,7.066666666666666,8.0,0.3148538961038961,1.3333333333333333,18.455555555555556,17.7
2025,11,00-0035261,Tony Pollard,RB,TEN,48.0,32.0,60.0,33.0,86.8,31.0,33.0,16.0,37.5,-5.5,HOU,8.733333333333334,12.333333333333334,0.6010359795886112,1.3333333333333333,19.61111111111111,5.6
2025,11,00-0035291,Trayveon Williams,RB,LAC,0.0,0.0,0.0,0.0,56.8,73.0,31.0,23.25,43.5,3.0,JAC,0.0,0.0,0.0,0.0,19.1,0.9
2025,11,00-0035359,David Sills,WR,ATL,10.0,4.0,6.0,0.0,43.1,74.0,21.0,23.5,42.5,4.5,CAR,1.1333333333333333,1.6666666666666667,0.05647058823529413,0.0,25.52,2.1
2025,11,00-0035500,Greg Dortch,WR,ARI,10.0,13.0,6.0,0.0,50.7,68.0,52.0,22.5,48.5,-3.5,SF,3.2000000000000006,1.6666666666666667,0.06008760325719493,0.0,33.45,18.6
2025,11,00-0035537,Ty Johnson,RB,BUF,14.0,19.0,12.0,17.0,60.4,90.0,48.0,26.25,46.5,6.0,TB,5.066666666666666,3.6666666666666665,0.11605505605505606,0.6666666666666666,23.811111111111114,15.0
2025,11,00-0035594,Travis Homer,RB,CHI,0.0,0.0,0.0,0.0,56.8,67.0,36.0,22.25,47.5,-3.0,MIN,0.0,0.0,0.0,0.0,20.433333333333334,-0.2
2025,11,00-0035628,D'Ernest Johnson,RB,NE,4.0,0.0,4.0,12.0,70.8,100.0,40.0,28.0,43.5,12.5,NYJ,0.05,1.0,0.036375661375661374,0.5,21.677777777777777,0.6
2025,11,00-0035640,DK Metcalf,WR,PIT,36.0,34.0,20.0,83.0,61.9,94.0,42.0,27.0,48.5,5.5,CIN,8.533333333333333,6.0,0.19669738863287248,1.6666666666666667,31.04222222222222,9.9
2025,11,00-0035644,Noah Fant,TE,CIN,29.0,44.0,8.0,17.0,82.7,62.0,59.0,21.5,48.5,-5.5,PIT,10.766666666666666,3.3333333333333335,0.08215488215488216,0.3333333333333333,16.944444444444443,8.6
2025,11,00-0035645,Gunner Olszewski,WR,NYG,6.0,12.0,3.0,33.0,31.2,37.0,40.0,17.0,41.5,-7.5,GB,3.1333333333333333,1.0,0.03125,0.6666666666666666,30.400000000000002,0.0
2025,11,00-0035662,Marquise Brown,WR,KC,18.0,25.0,10.0,33.0,50.7,77.0,21.0,24.0,44.5,3.5,DEN,6.233333333333334,3.0,0.09560936443542933,0.6666666666666666,25.490000000000002,8.0
2025,11,00-0035676,A.J. Brown,WR,PHI,36.0,60.0,22.0,33.0,57.5,80.0,57.0,24.5,46.5,2.5,DET,15.133333333333335,6.0,0.22418478260869565,0.6666666666666666,34.71111111111111,11.9
2025,11,00-0035685,David Montgomery,RB,DET,61.0,33.0,55.0,42.0,84.2,65.0,46.0,22.0,46.5,-2.5,PHI,9.0,15.666666666666666,0.5534331409331409,1.6666666666666667,23.288888888888888,4.7
2025,11,00-0035689,Dawson Knox,TE,BUF,17.0,18.0,6.0,17.0,55.1,90.0,42.0,26.25,46.5,6.0,TB,4.3999999999999995,2.0,0.06201412114455593,0.3333333333333333,12.133333333333333,3.3
2025,11,00-0035700,Josh Jacobs,RB,GB,84.0,68.0,79.0,67.0,82.7,80.0,58.0,24.5,41.5,7.5,NYG,18.400000000000002,21.666666666666668,0.7893891293891294,2.6666666666666665,26.77,4.0
2025,11,00-0035719,Deebo Samuel Sr.,WR,WSH,38.0,35.0,26.0,100.0,77.8,68.0,25.0,22.5,47.5,-2.5,MIA,8.833333333333332,6.333333333333333,0.2635882635882636,2.3333333333333335,26.51,20.7
2025,11,00-0035891,Cody White,WR,SEA,4.0,17.0,3.0,0.0,31.2,73.0,38.0,23.25,49.5,-3.0,LA,4.333333333333333,0.6666666666666666,0.027777777777777776,0.0,30.022222222222222,0.0
2025,11,00-0036139,Rico Dowdle,RB,CAR,74.0,60.0,70.0,58.0,58.5,48.0,57.0,19.0,42.5,-4.5,ATL,16.26666666666667,19.0,0.7047427527976727,2.3333333333333335,26.444444444444443,15.0
2025,11,00-0036176,Mason Kinsey,WR,TEN,0.0,0.0,0.0,0.0,56.8,31.0,20.0,16.0,37.5,-5.5,HOU,0.0,0.0,0.0,0.0,25.477777777777778,2.4
2025,11,00-0036187,Reggie Gilliam,RB,BUF,0.0,0.0,0.0,0.0,56.8,90.0,48.0,26.25,46.5,6.0,TB,0.0,0.0,0.0,0.0,23.811111111111114,0.0
2025,11,00-0036212,Tua Tagovailoa,QB,MIA,66.0,58.0,15.0,37.0,78.4,83.0,62.0,25.0,47.5,2.5,WSH,16.52,30.0,0.038172043010752686,4.333333333333333,22.078,6.84
2025,11,00-0036244,Colby Parkinson,TE,LA,29.0,34.0,10.0,83.0,62.1,90.0,59.0,26.25,49.5,3.0,SEA,8.266666666666667,3.3333333333333335,0.10082801449025358,1.6666666666666667,16.88888888888889,9.4
2025,11,00-0036259,Jauan Jennings,WR,SF,42.0,55.0,24.0,100.0,81.3,88.0,45.0,26.0,48.5,3.5,ARI,13.9,7.0,0.240905930561103,2.0,31.688888888888886,9.4
2025,11,00-0036264,Jordan Love,QB,GB,86.0,55.0,35.0,46.0,80.0,80.0,59.0,24.5,41.5,7.5,NYG,15.719999999999999,39.0,0.08788224121557454,5.333333333333333,21.458000000000002,15.66
2025,11,00-0036275,D'Andre Swift,RB,CHI,70.0,63.0,58.0,100.0,87.5,67.0,36.0,22.25,47.5,-3.0,MIN,16.9,18.0,0.5789705544053371,4.666666666666667,20.433333333333334,9.0
2025,11,00-0036290,Cole Kmet,TE,CHI,14.0,8.0,5.0,17.0,79.9,67.0,53.0,22.25,47.5,-3.0,MIN,2.033333333333333,1.6666666666666667,0.05145969498910675,0.3333333333333333,15.344444444444443,9.5
2025,11,00-0036309,Darnell Mooney,WR,ATL,28.0,10.0,17.0,17.0,67.0,74.0,21.0,23.5,42.5,4.5,CAR,2.4333333333333336,4.666666666666667,0.17071895424836603,0.3333333333333333,25.52,6.4
2025,11,00-0036322,Justin Jefferson,WR,MIN,64.0,51.0,35.0,83.0,82.8,84.0,61.0,25.25,47.5,3.0,CHI,12.933333333333332,10.666666666666666,0.350217980440674,1.6666666666666667,35.78888888888889,11.1
2025,11,00-0036331,Devin Duvernay,WR,CHI,6.0,2.0,3.0,17.0,31.2,67.0,31.0,22.25,47.5,-3.0,MIN,0.39999999999999997,1.0,0.02857142857142857,0.3333333333333333,28.055555555555557,0.0
2025,11,00-0036332,Josiah Deguara,TE,ARI,0.0,0.0,0.0,0.0,56.8,68.0,49.0,22.5,48.5,-3.5,SF,0.0,0.0,0.0,0.0,14.069999999999999,0.0
2025,11,00-0036355,Justin Herbert,QB,LAC,79.0,84.0,83.0,57.0,86.0,73.0,70.0,23.25,43.5,3.0,JAC,23.89333333333333,36.0,0.20802700675168792,6.666666666666667,23.633333333333333,5.34
2025,11,00-0036358,CeeDee Lamb,WR,DAL,62.0,68.0,31.0,67.0,86.0,88.0,63.0,26.0,48.5,3.5,LV,17.366666666666667,10.333333333333334,0.30599078341013825,1.3333333333333333,36.388888888888886,17.6
2025,11,00-0036389,Jalen Hurts,QB,PHI,60.0,75.0,59.0,23.0,87.4,80.0,52.0,24.5,46.5,2.5,DET,21.139999999999997,27.333333333333332,0.1473946627399313,2.6666666666666665,20.026666666666667,14.5
2025,11,00-0036407,Jerry Jeudy,WR,CLE,36.0,31.0,22.0,50.0,37.9,25.0,73.0,15.0,37.5,-7.5,BAL,7.833333333333333,6.0,0.2192760942760943,1.0,38.766666666666666,5.1
2025,11,00-0036410,Tee Higgins,WR,CIN,42.0,84.0,16.0,67.0,61.9,62.0,80.0,21.5,48.5,-5.5,PIT,21.366666666666664,7.0,0.16094276094276094,1.3333333333333333,40.644444444444446,15.3
2025,11,00-0036415,Van Jefferson,WR,TEN,32.0,17.0,18.0,17.0,61.6,31.0,20.0,16.0,37.5,-5.5,HOU,4.266666666666667,5.333333333333333,0.17723080223080223,0.3333333333333333,25.477777777777778,11.2
2025,11,00-0036422,Adam Trautman,TE,DEN,9.0,8.0,3.0,0.0,32.2,57.0,37.0,20.5,44.5,-3.5,KC,1.9000000000000001,1.0,0.032428355957767725,0.0,10.58888888888889,1.8
2025,11,00-0036554,Nico Collins,WR,HOU,72.0,55.0,28.0,100.0,75.9,62.0,59.0,21.5,37.5,5.5,TEN,13.933333333333335,12.0,0.2801172257693997,2.6666666666666665,35.31111111111111,24.2
2025,11,00-0036555,Chuba Hubbard,RB,CAR,30.0,17.0,28.0,42.0,46.2,48.0,57.0,19.0,42.5,-4.5,ATL,4.533333333333334,7.666666666666667,0.2833698211272582,1.6666666666666667,26.444444444444443,3.8
2025,11,00-0036590,Quintin Morris,TE,JAC,0.0,0.0,0.0,0.0,56.8,55.0,34.0,20.25,43.5,-3.0,LAC,0.0,0.0,0.0,0.0,9.989999999999998,2.1
2025,11,00-0036613,Jaylen Waddle,WR,MIA,44.0,71.0,27.0,33.0,85.2,83.0,74.0,25.0,47.5,2.5,WSH,18.166666666666664,7.333333333333333,0.2691152691152691,0.6666666666666666,39.08,8.2
2025,11,00-0036626,Dyami Brown,WR,JAC,26.0,17.0,13.0,50.0,43.6,55.0,20.0,20.25,43.5,-3.0,LAC,4.3,4.333333333333333,0.13354037267080746,1.0,25.352,0.0
2025,11,00-0036630,Tylan Wallace,WR,BAL,2.0,2.0,2.0,0.0,31.2,68.0,34.0,22.5,37.5,7.5,CLE,0.5333333333333333,0.3333333333333333,0.015151515151515152,0.0,29.011111111111113,0.0
2025,11,00-0036637,Noah Gray,TE,KC,17.0,11.0,6.0,17.0,39.1,77.0,39.0,24.0,44.5,3.5,DEN,2.6999999999999997,2.0,0.06296484110885735,0.3333333333333333,11.209999999999999,2.9
2025,11,00-0036754,Brock Wright,TE,DET,14.0,10.0,6.0,0.0,41.0,65.0,26.0,22.0,46.5,-2.5,PHI,2.466666666666667,1.6666666666666667,0.055390211640211635,0.0,7.711111111111112,2.8
2025,11,00-0036825,Feleipe Franks,TE,ATL,0.0,0.0,0.0,0.0,56.8,74.0,55.0,23.5,42.5,4.5,CAR,0.0,0.0,0.0,0.0,15.84,0.0
2025,11,00-0036841,Austin Trammell,WR,JAC,12.0,10.0,8.0,0.0,43.9,55.0,20.0,20.25,43.5,-3.0,LAC,2.65,2.0,0.08036890645586298,0.0,25.352,2.3
2025,11,00-0036842,Kene Nwangwu,RB,NYJ,0.0,0.0,0.0,0.0,56.8,28.0,25.0,15.5,43.5,-12.5,NE,0.0,0.0,0.0,0.0,17.130000000000003,0.0
2025,11,00-0036862,Ben Skowronek,WR,PIT,2.0,3.0,1.0,0.0,31.2,94.0,42.0,27.0,48.5,5.5,CIN,0.7666666666666666,0.3333333333333333,0.01075268817204301,0.0,31.04222222222222,0.0
2025,11,00-0036876,Kylen Granson,TE,PHI,0.0,0.0,0.0,0.0,56.8,80.0,46.0,24.5,46.5,2.5,DET,0.0,0.0,0.0,0.0,13.333333333333334,1.4
2025,11,00-0036887,Luke Farrell,TE,SF,9.0,15.0,3.0,17.0,33.0,88.0,49.0,26.0,48.5,3.5,ARI,3.8000000000000003,1.0,0.03389103389103389,0.3333333333333333,14.144444444444446,0.0
2025,11,00-0036894,Pat Freiermuth,TE,PIT,31.0,30.0,12.0,33.0,79.0,94.0,80.0,27.0,48.5,5.5,CIN,7.433333333333334,3.6666666666666665,0.11682027649769584,0.6666666666666666,22.833333333333332,2.9
2025,11,00-0036898,Davis Mills,QB,HOU,64.0,41.0,40.0,57.0,43.5,62.0,47.0,21.5,37.5,5.5,TEN,11.693333333333333,29.0,0.09956709956709957,6.666666666666667,18.95555555555556,16.36
2025,11,00-0036900,Ja'Marr Chase,WR,CIN,100.0,100.0,42.0,100.0,67.0,62.0,80.0,21.5,48.5,-5.5,PIT,25.433333333333337,16.666666666666668,0.4215488215488216,2.6666666666666665,40.644444444444446,6.0
2025,11,00-0036912,DeVonta Smith,WR,PHI,54.0,85.0,41.0,17.0,76.4,80.0,57.0,24.5,46.5,2.5,DET,21.53333333333333,9.0,0.4108695652173913,0.3333333333333333,34.71111111111111,1.8
2025,11,00-0036919,Kenny Gainwell,RB,PIT,23.0,19.0,24.0,8.0,58.5,94.0,80.0,27.0,48.5,5.5,CIN,5.1000000000000005,6.0,0.24288584772455737,0.3333333333333333,32.986666666666665,29.5
2025,11,00-0036924,Michael Carter,RB,ARI,34.0,18.0,31.0,25.0,51.5,68.0,44.0,22.5,48.5,-3.5,SF,4.8,8.666666666666666,0.3141544800751962,1.0,22.71,7.8
2025,11,00-0036945,Justin Fields,QB,NYJ,57.0,35.0,95.0,49.0,59.9,28.0,43.0,15.5,43.5,-12.5,NE,9.953333333333333,25.666666666666668,0.23647283647283648,5.666666666666667,18.026,21.34
2025,11,00-0036963,Amon-Ra St. Brown,WR,DET,62.0,74.0,32.0,83.0,87.2,65.0,40.0,22.0,46.5,-2.5,PHI,18.7,10.333333333333334,0.3227513227513228,1.6666666666666667,30.533333333333335,6.2
2025,11,00-0036970,Kyle Pitts,TE,ATL,60.0,39.0,24.0,33.0,74.2,74.0,55.0,23.5,42.5,4.5,CAR,9.5,7.0,0.2352941176470588,0.6666666666666666,15.84,3.4
2025,11,00-0036971,Trevor Lawrence,QB,JAC,89.0,64.0,68.0,60.0,84.2,55.0,26.0,20.25,43.5,-3.0,LAC,18.220000000000002,40.333333333333336,0.17019400352733682,7.0,14.588,17.02
2025,11,00-0036972,Mac Jones,QB,SF,75.0,72.0,47.0,74.0,87.9,88.0,33.0,26.0,48.5,3.5,ARI,20.293333333333333,34.0,0.11672771672771672,8.666666666666666,15.986666666666666,-0.3
2025,11,00-0036973,Travis Etienne,RB,JAC,75.0,48.0,66.0,100.0,74.4,55.0,35.0,20.25,43.5,-3.0,LAC,12.9,19.333333333333332,0.6590612822496881,5.0,20.19,19.3
2025,11,00-0036988,Josh Palmer,WR,BUF,14.0,24.0,9.0,17.0,78.2,90.0,54.0,26.25,46.5,6.0,TB,6.033333333333334,2.3333333333333335,0.09331779331779332,0.3333333333333333,34.077777777777776,3.7
2025,11,00-0036997,Javonte Williams,RB,DAL,70.0,57.0,65.0,100.0,79.2,88.0,40.0,26.0,48.5,3.5,LV,15.333333333333334,18.0,0.6549325823519373,4.333333333333333,21.644444444444446,10.3
2025,11,00-0037005,Tommy Tremble,TE,CAR,9.0,3.0,4.0,0.0,69.5,48.0,22.0,19.0,42.5,-4.5,ATL,0.7999999999999999,1.0,0.04278930144435422,0.0,6.5,6.4
2025,11,00-0037012,Trey Lance,QB,LAC,11.0,10.0,15.0,0.0,56.8,73.0,70.0,23.25,43.5,3.0,JAC,2.8600000000000003,5.0,0.037037037037037035,0.0,23.633333333333333,1.58
2025,11,00-0037085,Tyler Badie,RB,DEN,6.0,4.0,5.0,0.0,38.1,57.0,30.0,20.5,44.5,-3.5,KC,1.0666666666666667,1.6666666666666667,0.05413703943115707,0.0,18.688888888888886,1.0
2025,11,00-0037091,Bo Melton,WR,GB,10.0,6.0,5.0,0.0,31.2,80.0,61.0,24.5,41.5,7.5,NYG,1.5999999999999999,1.6666666666666667,0.050505050505050504,0.0,35.7,1.7
2025,11,00-0037112,Jake Tonges,TE,SF,54.0,49.0,16.0,50.0,56.4,88.0,49.0,26.0,48.5,3.5,ARI,12.033333333333333,6.333333333333333,0.15964240102171137,1.0,14.144444444444446,0.0
2025,11,00-0037157,Bam Knight,RB,ARI,56.0,25.0,51.0,58.0,78.6,68.0,44.0,22.5,48.5,-3.5,SF,6.8,14.333333333333334,0.5075497010852862,2.3333333333333335,22.71,14.5
2025,11,00-0037228,Jaylen Warren,RB,PIT,65.0,46.0,85.0,58.0,86.5,94.0,80.0,27.0,48.5,5.5,CIN,12.433333333333332,16.666666666666668,0.8499468572049217,2.3333333333333335,32.986666666666665,8.7
2025,11,00-0037238,Drake London,WR,ATL,64.0,91.0,34.0,100.0,70.0,74.0,21.0,23.5,42.5,4.5,CAR,23.13333333333333,10.666666666666666,0.3365141612200436,2.6666666666666665,25.52,18.9
2025,11,00-0037240,Jameson Williams,WR,DET,30.0,53.0,15.0,33.0,52.4,65.0,40.0,22.0,46.5,-2.5,PHI,13.5,5.0,0.15228174603174602,0.6666666666666666,30.533333333333335,19.7
2025,11,00-0037247,George Pickens,WR,DAL,48.0,54.0,24.0,17.0,88.8,88.0,63.0,26.0,48.5,3.5,LV,13.633333333333335,8.0,0.23571428571428568,0.3333333333333333,36.388888888888886,29.4
2025,11,00-0037248,James Cook,RB,BUF,84.0,74.0,69.0,58.0,72.8,90.0,48.0,26.25,46.5,6.0,TB,19.933333333333334,21.666666666666668,0.6911333111333112,2.3333333333333335,23.811111111111114,20.4
2025,11,00-0037252,Greg Dulcich,TE,MIA,39.0,27.0,16.0,0.0,74.7,83.0,53.0,25.0,47.5,2.5,WSH,6.550000000000001,4.5,0.1628056628056628,0.0,15.16,3.8
2025,11,00-0037256,Rachaad White,RB,TB,60.0,33.0,69.0,25.0,88.5,55.0,55.0,20.25,46.5,-6.0,BUF,8.966666666666667,15.333333333333334,0.6924706915645168,1.0,25.92222222222222,8.2
2025,11,00-0037261,Khalil Shakir,WR,BUF,48.0,59.0,29.0,33.0,83.7,90.0,54.0,26.25,46.5,6.0,TB,14.966666666666669,8.0,0.28503901895206246,0.6666666666666666,34.077777777777776,0.7
2025,11,00-0037263,Tyler Allgeier,RB,ATL,25.0,34.0,27.0,67.0,46.9,74.0,42.0,23.5,42.5,4.5,CAR,9.233333333333334,6.333333333333333,0.26875704304710385,2.6666666666666665,22.15,9.6
2025,11,00-0037267,Jerome Ford,RB,CLE,9.0,5.0,9.0,0.0,51.0,25.0,54.0,15.0,37.5,-7.5,BAL,1.3333333333333333,2.3333333333333335,0.08817340067340067,0.0,25.62222222222222,0.2
2025,11,00-0037291,Jalen Nailor,WR,MIN,22.0,34.0,12.0,33.0,44.0,84.0,61.0,25.25,47.5,3.0,CHI,8.666666666666666,3.6666666666666665,0.11786261340874278,0.6666666666666666,35.78888888888889,2.6
2025,11,00-0037306,John FitzPatrick,TE,GB,11.0,17.0,5.0,17.0,51.4,80.0,44.0,24.5,41.5,7.5,NYG,4.066666666666666,1.3333333333333333,0.0480952380952381,0.3333333333333333,12.706,1.5
2025,11,00-0037525,Jordan Mason,RB,MIN,27.0,13.0,34.0,42.0,69.6,84.0,45.0,25.25,47.5,3.0,CHI,3.4666666666666663,7.0,0.34396267005694003,1.6666666666666667,22.91111111111111,10.5
2025,11,00-0037545,Rashid Shaheed,WR,SEA,48.0,41.0,25.0,33.0,56.8,73.0,38.0,23.25,49.5,-3.0,LA,10.533333333333333,8.0,0.2472705314009662,0.6666666666666666,30.022222222222222,4.9
2025,11,00-0037563,Malik Davis,RB,DAL,4.0,1.0,4.0,0.0,35.8,88.0,40.0,26.0,48.5,3.5,LV,0.19999999999999998,1.0,0.037378392217101895,0.0,21.644444444444446,2.0
2025,11,00-0037594,Julius Chestnut,RB,TEN,3.0,1.0,3.0,0.0,31.2,31.0,33.0,16.0,37.5,-5.5,HOU,0.16666666666666666,0.6666666666666666,0.02666666666666667,0.0,19.61111111111111,0.0
2025,11,00-0037614,John Metchie III,WR,NYJ,10.0,7.0,8.0,0.0,64.5,28.0,50.0,15.5,43.5,-12.5,NE,1.8,1.6666666666666667,0.07929292929292929,0.0,32.989999999999995,13.5
2025,11,00-0037666,Jalen Tolbert,WR,DAL,10.0,22.0,5.0,0.0,56.6,88.0,63.0,26.0,48.5,3.5,LV,5.699999999999999,1.6666666666666667,0.05107376283846873,0.0,36.388888888888886,0.0
2025,11,00-0037741,Jahan Dotson,WR,PHI,10.0,18.0,7.0,17.0,56.0,80.0,57.0,24.5,46.5,2.5,DET,4.566666666666666,1.6666666666666667,0.06865942028985507,0.3333333333333333,34.71111111111111,6.3
2025,11,00-0037744,Trey McBride,TE,ARI,100.0,100.0,33.0,100.0,84.0,68.0,49.0,22.5,48.5,-3.5,SF,24.53333333333333,11.666666666666666,0.3293841047390743,3.0,14.069999999999999,27.5
2025,11,00-0037746,Brian Robinson,RB,SF,18.0,28.0,18.0,33.0,34.7,88.0,41.0,26.0,48.5,3.5,ARI,7.6000000000000005,4.666666666666667,0.1787281787281787,1.3333333333333333,21.944444444444443,2.4
2025,11,00-0037801,KaVontae Turpin,WR,DAL,20.0,9.0,10.0,17.0,57.1,88.0,63.0,26.0,48.5,3.5,LV,2.2666666666666666,3.3333333333333335,0.10238095238095236,0.3333333333333333,36.388888888888886,1.0
2025,11,00-0037805,Jeremy Ruckert,TE,NYJ,9.0,6.0,5.0,0.0,60.9,28.0,61.0,15.5,43.5,-12.5,NE,1.4666666666666668,1.0,0.05254997134863653,0.0,17.41111111111111,6.3
2025,11,00-0037809,Chig Okonkwo,TE,TEN,26.0,17.0,10.0,0.0,51.1,31.0,32.0,16.0,37.5,-5.5,HOU,4.1000000000000005,3.0,0.09762441012441013,0.0,9.411111111111111,8.6
2025,11,00-0037816,Romeo Doubs,WR,GB,40.0,33.0,19.0,67.0,55.8,80.0,61.0,24.5,41.5,7.5,NYG,8.333333333333334,6.666666666666667,0.1927849927849928,1.3333333333333333,35.7,9.3
2025,11,00-0037834,Brock Purdy,QB,SF,88.0,75.0,44.0,81.0,98.2,88.0,33.0,26.0,48.5,3.5,ARI,21.22,40.0,0.1111111111111111,9.5,15.986666666666666,19.3
2025,11,00-0037837,Calvin Austin III,WR,PIT,38.0,27.0,20.0,17.0,79.2,94.0,42.0,27.0,48.5,5.5,CIN,6.933333333333334,6.333333333333333,0.20499231950844854,0.3333333333333333,31.04222222222222,1.5
2025,11,00-0037838,Isaiah Likely,TE,BAL,29.0,21.0,14.0,33.0,67.3,68.0,37.0,22.5,37.5,7.5,CLE,5.166666666666667,3.3333333333333335,0.13589309241483152,0.6666666666666666,10.844444444444445,3.5
2025,11,00-0037840,Kyren Williams,RB,LA,74.0,60.0,55.0,92.0,77.0,90.0,34.0,26.25,49.5,3.0,SEA,16.099999999999998,19.0,0.5469998346596299,3.6666666666666665,19.733333333333334,16.6
2025,11,00-0038041,Jake Ferguson,TE,DAL,43.0,43.0,15.0,100.0,42.5,88.0,31.0,26.0,48.5,3.5,LV,10.633333333333333,5.0,0.15211640211640212,2.0,9.166666666666666,11.6
2025,11,00-0038046,Charlie Kolar,TE,BAL,14.0,29.0,7.0,33.0,71.8,68.0,37.0,22.5,37.5,7.5,CLE,7.2,1.6666666666666667,0.06794654620741576,0.6666666666666666,10.844444444444445,0.0
2025,11,00-0038090,Skyy Moore,WR,SF,6.0,8.0,4.0,0.0,69.8,88.0,45.0,26.0,48.5,3.5,ARI,1.9666666666666668,1.0,0.0363762777555881,0.0,31.688888888888886,0.0
2025,11,00-0038104,Tyquan Thornton,WR,KC,16.0,22.0,7.0,17.0,41.4,77.0,21.0,24.0,44.5,3.5,DEN,5.633333333333333,2.6666666666666665,0.07276876267748479,0.3333333333333333,25.490000000000002,7.1
2025,11,00-0038115,Daniel Bellinger,TE,NYG,20.0,31.0,8.0,50.0,47.0,37.0,52.0,17.0,41.5,-7.5,GB,7.566666666666667,2.3333333333333335,0.0763888888888889,1.0,15.033333333333335,0.0
2025,11,00-0038117,Wan'Dale Robinson,WR,NYG,52.0,44.0,29.0,0.0,74.9,37.0,40.0,17.0,41.5,-7.5,GB,11.199999999999998,8.666666666666666,0.2897727272727273,0.0,30.400000000000002,7.6
2025,11,00-0038120,Breece Hall,RB,NYJ,74.0,74.0,65.0,75.0,72.8,28.0,25.0,15.5,43.5,-12.5,NE,19.853333333333335,19.0,0.6546605610565567,3.0,17.130000000000003,8.4
2025,11,00-0038124,Christian Watson,WR,GB,24.0,35.0,12.0,0.0,88.5,80.0,61.0,24.5,41.5,7.5,NYG,8.933333333333334,4.0,0.11659451659451658,0.0,35.7,20.6
2025,11,00-0038129,Cade Otton,TE,TB,74.0,53.0,22.0,17.0,75.4,55.0,20.0,20.25,46.5,-6.0,BUF,12.9,8.666666666666666,0.2224677002583979,0.3333333333333333,5.933333333333334,4.8
2025,11,00-0038134,Kenneth Walker III,RB,SEA,58.0,28.0,48.0,75.0,88.6,73.0,20.0,23.25,49.5,-3.0,LA,7.566666666666667,15.0,0.4814997804128239,3.0,15.811111111111112,20.1
2025,11,00-0038359,Xavier Smith,WR,LA,14.0,12.0,7.0,17.0,73.6,90.0,33.0,26.25,49.5,3.0,SEA,3.033333333333333,2.3333333333333335,0.07236501638778679,0.3333333333333333,28.688888888888886,1.8
2025,11,00-0038393,Dontayvion Wicks,WR,GB,24.0,17.0,13.0,17.0,44.0,80.0,61.0,24.5,41.5,7.5,NYG,4.266666666666667,4.0,0.13025863025863024,0.3333333333333333,35.7,1.9
2025,11,00-0038454,Keaton Mitchell,RB,BAL,17.0,13.0,13.0,33.0,87.9,68.0,23.0,22.5,37.5,7.5,CLE,3.4,4.333333333333333,0.13263578144363558,1.3333333333333333,16.78666666666667,7.4
2025,11,00-0038488,Brady Russell,RB,SEA,0.0,0.0,0.0,0.0,56.8,73.0,20.0,23.25,49.5,-3.0,LA,0.0,0.0,0.0,0.0,15.811111111111112,0.0
2025,11,00-0038496,Xavier Gipson,WR,PHI,2.0,2.0,2.0,0.0,31.2,80.0,57.0,24.5,46.5,2.5,DET,0.43333333333333335,0.3333333333333333,0.016666666666666666,0.0,34.71111111111111,0.0
2025,11,00-0038519,Nikko Remigio,WR,KC,0.0,0.0,0.0,0.0,56.8,77.0,21.0,24.0,44.5,3.5,DEN,0.0,0.0,0.0,0.0,25.490000000000002,0.0
2025,11,00-0038542,Bijan Robinson,RB,ATL,69.0,45.0,78.0,33.0,77.2,74.0,42.0,23.5,42.5,4.5,CAR,12.066666666666668,17.666666666666668,0.7799121027721433,1.3333333333333333,22.15,30.3
2025,11,00-0038543,Jaxon Smith-Njigba,WR,SEA,60.0,90.0,47.0,17.0,83.1,73.0,38.0,23.25,49.5,-3.0,LA,22.866666666666664,10.0,0.46647509578544066,0.3333333333333333,30.022222222222222,20.6
2025,11,00-0038544,Quentin Johnston,WR,LAC,44.0,47.0,21.0,67.0,76.3,73.0,57.0,23.25,43.5,3.0,JAC,11.833333333333334,7.333333333333333,0.21212121212121215,1.3333333333333333,34.72222222222222,0.0
2025,11,00-0038555,Tank Bigsby,RB,PHI,18.0,16.0,15.0,17.0,36.6,80.0,24.0,24.5,46.5,2.5,DET,4.366666666666666,4.666666666666667,0.14930636286135007,0.6666666666666666,16.922222222222224,3.4
2025,11,00-0038558,Darnell Washington,TE,PIT,34.0,27.0,12.0,100.0,57.3,94.0,80.0,27.0,48.5,5.5,CIN,6.666666666666667,4.0,0.12113095238095238,2.0,22.833333333333332,10.7
2025,11,00-0038559,Michael Wilson,WR,ARI,30.0,31.0,14.0,67.0,84.2,68.0,52.0,22.5,48.5,-3.5,SF,7.833333333333333,5.0,0.13822300079906572,1.3333333333333333,33.45,33.5
2025,11,00-0038563,Tre Tucker,WR,LV,28.0,27.0,21.0,0.0,75.5,68.0,79.0,22.5,48.5,-3.5,DAL,6.866666666666667,4.666666666666667,0.2060681114551084,0.0,40.27777777777778,14.7
2025,11,00-0038564,Cameron Latu,TE,PHI,0.0,0.0,0.0,0.0,56.8,80.0,46.0,24.5,46.5,2.5,DET,0.0,0.0,0.0,0.0,13.333333333333334,0.0
2025,11,00-0038573,Derius Davis,WR,LAC,2.0,2.0,1.0,0.0,31.2,73.0,57.0,23.25,43.5,3.0,JAC,0.43333333333333335,0.3333333333333333,0.010101010101010102,0.0,34.72222222222222,0.0
2025,11,00-0038576,Charlie Jones,WR,CIN,0.0,0.0,0.0,0.0,56.8,62.0,80.0,21.5,48.5,-5.5,PIT,0.0,0.0,0.0,0.0,40.644444444444446,0.0
2025,11,00-0038597,Chase Brown,RB,CIN,71.0,70.0,74.0,75.0,77.5,62.0,33.0,21.5,48.5,-5.5,PIT,18.900000000000002,18.333333333333332,0.7414141414141414,3.0,19.544444444444444,18.7
2025,11,00-0038606,Parker Washington,WR,JAC,62.0,51.0,37.0,100.0,85.1,55.0,20.0,20.25,43.5,-3.0,LAC,13.033333333333331,10.333333333333334,0.3736153808617577,2.0,25.352,4.0
2025,11,00-0038611,Chris Rodriguez Jr.,RB,WSH,25.0,25.0,20.0,33.0,40.1,68.0,50.0,22.5,47.5,-2.5,MIA,6.766666666666667,6.333333333333333,0.20185185185185187,1.3333333333333333,24.380000000000003,9.5
2025,11,00-0038618,Xavier Hutchinson,WR,HOU,30.0,34.0,12.0,33.0,63.2,62.0,59.0,21.5,37.5,5.5,TEN,8.733333333333333,5.0,0.12435212892878796,0.6666666666666666,35.31111111111111,7.2
2025,11,00-0038619,Andrei Iosivas,WR,CIN,30.0,34.0,13.0,50.0,52.8,62.0,80.0,21.5,48.5,-5.5,PIT,8.633333333333333,5.0,0.13400673400673402,1.0,40.644444444444446,5.0
2025,11,00-0038621,DeMario Douglas,WR,NE,24.0,41.0,14.0,17.0,51.9,100.0,38.0,28.0,43.5,12.5,NYJ,10.366666666666665,4.0,0.140303128858851,0.3333333333333333,29.966666666666665,6.1
2025,11,00-0038679,Tyrell Shavers,WR,BUF,14.0,14.0,9.0,0.0,43.1,90.0,54.0,26.25,46.5,6.0,TB,3.6,2.3333333333333335,0.08598290598290599,0.0,34.077777777777776,19.0
2025,11,00-0038685,Chris Brooks,RB,GB,3.0,5.0,2.0,0.0,37.2,80.0,58.0,24.5,41.5,7.5,NYG,1.4666666666666668,0.6666666666666666,0.019047619047619046,0.0,26.77,0.8
2025,11,00-0038705,Emari Demercado,RB,ARI,32.0,28.0,28.0,33.0,38.3,68.0,44.0,22.5,48.5,-3.5,SF,7.4333333333333345,8.333333333333334,0.28312373533512963,1.3333333333333333,22.71,4.0
2025,11,00-0038720,Julian Hill,TE,MIA,29.0,18.0,11.0,33.0,63.2,83.0,53.0,25.0,47.5,2.5,WSH,4.466666666666666,3.3333333333333335,0.10721003134796238,0.6666666666666666,15.16,2.4
2025,11,00-0038738,Hunter Luepke,RB,DAL,3.0,2.0,2.0,0.0,34.0,88.0,40.0,26.0,48.5,3.5,LV,0.5,0.6666666666666666,0.021863799283154118,0.0,21.644444444444446,7.1
2025,11,00-0038794,Jaleel McLaughlin,RB,DEN,8.0,0.0,8.0,0.0,56.8,57.0,30.0,20.5,44.5,-3.5,KC,0.0,2.0,0.07846153846153847,0.0,18.688888888888886,8.4
2025,11,00-0038797,Emanuel Wilson,RB,GB,32.0,20.0,30.0,58.0,38.4,80.0,58.0,24.5,41.5,7.5,NYG,5.266666666666667,8.333333333333334,0.30061518728185394,2.3333333333333335,26.77,11.9
2025,11,00-0038824,Ryan Miller,WR,TB,2.0,3.0,1.0,0.0,31.2,55.0,41.0,20.25,46.5,-6.0,BUF,0.7999999999999999,0.3333333333333333,0.006666666666666667,0.0,30.644444444444446,0.0
2025,11,00-0038840,Brycen Tremayne,WR,CAR,2.0,2.0,2.0,17.0,31.2,48.0,30.0,19.0,42.5,-4.5,ATL,0.6,0.3333333333333333,0.017543859649122806,0.3333333333333333,28.022222222222222,3.7
2025,11,00-0038896,Jacob Saylors,RB,DET,0.0,0.0,0.0,0.0,56.8,65.0,46.0,22.0,46.5,-2.5,PHI,0.0,0.0,0.0,0.0,23.288888888888888,0.0
2025,11,00-0038938,Jalin Hyatt,WR,NYG,12.0,6.0,7.0,0.0,31.2,37.0,40.0,17.0,41.5,-7.5,GB,1.5666666666666667,2.0,0.07420357420357421,0.0,30.400000000000002,3.8
2025,11,00-0038951,Sean Tucker,RB,TB,32.0,22.0,33.0,33.0,52.0,55.0,55.0,20.25,46.5,-6.0,BUF,5.966666666666666,8.333333333333334,0.3307364977533382,1.3333333333333333,25.92222222222222,34.0
2025,11,00-0038976,Marvin Mims Jr.,WR,DEN,32.0,29.0,16.0,17.0,51.4,57.0,21.0,20.5,44.5,-3.5,KC,7.466666666666668,5.333333333333333,0.16338911548131405,0.3333333333333333,25.566666666666666,0.2
2025,11,00-0038979,Cedric Tillman,WR,CLE,18.0,13.0,9.0,33.0,68.5,25.0,73.0,15.0,37.5,-7.5,BAL,3.4333333333333336,3.0,0.09252450980392157,0.6666666666666666,38.766666666666666,8.2
2025,11,00-0038994,Jordan Addison,WR,MIN,40.0,35.0,20.0,50.0,71.2,84.0,61.0,25.25,47.5,3.0,CHI,8.833333333333334,6.666666666666667,0.2033406061197044,1.0,35.78888888888889,10.0
2025,11,00-0039021,Roschon Johnson,RB,CHI,3.0,2.0,2.0,0.0,35.3,67.0,36.0,22.25,47.5,-3.0,MIN,0.5666666666666668,0.6666666666666666,0.020679012345679013,0.0,20.433333333333334,0.0
2025,11,00-0039032,Tyjae Spears,RB,TEN,40.0,41.0,50.0,33.0,80.6,31.0,33.0,16.0,37.5,-5.5,HOU,11.133333333333333,10.333333333333334,0.49800864774548986,1.3333333333333333,19.61111111111111,8.4
2025,11,00-0039040,De'Von Achane,RB,MIA,100.0,96.0,91.0,83.0,79.6,83.0,48.0,25.0,47.5,2.5,WSH,25.73333333333333,25.666666666666668,0.9071264103522169,3.3333333333333335,23.79,21.5
2025,11,00-0039041,Elijah Higgins,TE,ARI,20.0,15.0,7.0,17.0,60.4,68.0,49.0,22.5,48.5,-3.5,SF,3.733333333333334,2.3333333333333335,0.06701395291658983,0.3333333333333333,14.069999999999999,3.1
2025,11,00-0039064,Zay Flowers,WR,BAL,44.0,49.0,30.0,50.0,81.1,68.0,34.0,22.5,37.5,7.5,CLE,12.533333333333333,7.333333333333333,0.2990390446912186,1.0,29.011111111111113,11.3
2025,11,00-0039066,Michael Mayer,TE,LV,37.0,17.0,15.0,33.0,68.2,68.0,47.0,22.5,48.5,-3.5,DAL,4.266666666666667,4.333333333333333,0.15395252837977294,0.6666666666666666,13.555555555555555,4.3
2025,11,00-0039067,Rashee Rice,WR,KC,60.0,88.0,33.0,100.0,90.7,77.0,21.0,24.0,44.5,3.5,DEN,22.433333333333334,10.0,0.32780454135677256,2.0,25.490000000000002,9.8
2025,11,00-0039075,Puka Nacua,WR,LA,36.0,59.0,19.0,50.0,63.1,90.0,33.0,26.25,49.5,3.0,SEA,15.0,6.0,0.19105851123414339,1.0,28.688888888888886,16.3
2025,11,00-0039139,Jahmyr Gibbs,RB,DET,66.0,100.0,58.0,58.0,71.8,65.0,46.0,22.0,46.5,-2.5,PHI,26.933333333333334,17.0,0.583757215007215,2.3333333333333335,23.288888888888888,19.6
2025,11,00-0039144,Luke Musgrave,TE,GB,20.0,18.0,7.0,0.0,62.2,80.0,44.0,24.5,41.5,7.5,NYG,4.3999999999999995,2.3333333333333335,0.0683982683982684,0.0,12.706,0.9
2025,11,00-0039150,Bryce Young,QB,CAR,56.0,25.0,27.0,40.0,82.1,48.0,36.0,19.0,42.5,-4.5,ATL,7.02,25.333333333333332,0.06770604596691553,4.666666666666667,16.646666666666665,29.82
2025,11,00-0039165,Zach Charbonnet,RB,SEA,48.0,49.0,37.0,50.0,76.8,73.0,20.0,23.25,49.5,-3.0,LA,13.133333333333333,12.333333333333334,0.3706499023215665,2.0,15.811111111111112,6.7
2025,11,00-0039299,George Holani,RB,SEA,13.0,12.0,9.0,25.0,32.9,73.0,20.0,23.25,49.5,-3.0,LA,3.3333333333333335,3.3333333333333335,0.0923913043478261,1.0,15.811111111111112,0.6
2025,11,00-0039305,Jack Westover,TE,NE,4.0,0.0,2.0,0.0,41.8,100.0,50.0,28.0,43.5,12.5,NYJ,0.0,0.5,0.017241379310344827,0.0,14.47777777777778,0.0
2025,11,00-0039338,Brock Bowers,TE,LV,69.0,77.0,28.0,100.0,47.4,68.0,47.0,22.5,48.5,-3.5,DAL,18.866666666666667,8.0,0.2849122807017544,2.0,13.555555555555555,14.2
2025,11,00-0039342,Xavier Legette,WR,CAR,14.0,9.0,11.0,33.0,53.6,48.0,30.0,19.0,42.5,-4.5,ATL,2.3000000000000003,2.3333333333333335,0.11060259344012204,0.6666666666666666,28.022222222222222,18.3
2025,11,00-0039356,Ja'Tavion Sanders,TE,CAR,26.0,20.0,13.0,33.0,53.4,48.0,22.0,19.0,42.5,-4.5,ATL,4.866666666666666,3.0,0.13348588863463007,0.6666666666666666,6.5,6.2
2025,11,00-0039384,Tyrone Tracy Jr.,RB,NYG,49.0,27.0,50.0,17.0,84.0,37.0,29.0,17.0,41.5,-7.5,GB,7.366666666666667,12.666666666666666,0.5016053391053391,0.6666666666666666,18.455555555555556,17.9
2025,11,00-0039391,Kimani Vidal,RB,LAC,83.0,50.0,63.0,75.0,65.8,73.0,31.0,23.25,43.5,3.0,JAC,13.5,21.333333333333332,0.630669578168953,3.0,19.1,3.2
2025,11,00-0039407,Dylan Laube,RB,LV,4.0,2.0,8.0,0.0,31.2,68.0,57.0,22.5,48.5,-3.5,DAL,0.46666666666666673,1.0,0.08021390374331551,0.0,26.366666666666667,0.0
2025,11,00-0039410,Ryan Flournoy,WR,DAL,8.0,14.0,4.0,17.0,35.8,88.0,63.0,26.0,48.5,3.5,LV,3.633333333333333,1.3333333333333333,0.03756613756613756,0.3333333333333333,36.388888888888886,7.2
2025,11,00-0039451,Isaiah Williams,WR,NYJ,12.0,13.0,9.0,0.0,32.2,28.0,50.0,15.5,43.5,-12.5,NE,3.3333333333333335,2.0,0.08528905080629219,0.0,32.989999999999995,1.6
2025,11,00-0039491,Jalen Coker,WR,CAR,18.0,18.0,13.0,0.0,61.5,48.0,30.0,19.0,42.5,-4.5,ATL,4.533333333333333,3.0,0.13348588863463004,0.0,28.022222222222222,9.2
2025,11,00-0039521,Xavier Weaver,WR,ARI,3.0,0.0,1.0,0.0,41.8,68.0,52.0,22.5,48.5,-3.5,SF,0.0,0.5,0.0125,0.0,33.45,3.5
2025,11,00-0039530,Brevyn Spann-Ford,TE,DAL,3.0,3.0,1.0,0.0,31.2,88.0,31.0,26.0,48.5,3.5,LV,0.6333333333333333,0.3333333333333333,0.009523809523809523,0.0,9.166666666666666,1.4
2025,11,00-0039589,Kameron Johnson,WR,TB,6.0,1.0,3.0,0.0,33.0,55.0,41.0,20.25,46.5,-6.0,BUF,0.3666666666666667,1.0,0.030291620524178664,0.0,30.644444444444446,0.0
2025,11,00-0039648,David Martin-Robinson,TE,TEN,3.0,10.0,1.0,17.0,31.2,31.0,32.0,16.0,37.5,-5.5,HOU,2.3666666666666667,0.3333333333333333,0.00980392156862745,0.3333333333333333,9.411111111111111,0.0
2025,11,00-0039686,Colson Yankoff,TE,WSH,0.0,0.0,0.0,0.0,56.8,68.0,62.0,22.5,47.5,-2.5,MIA,0.0,0.0,0.0,0.0,17.71,1.4
2025,11,00-0039732,Bo Nix,QB,DEN,76.0,64.0,48.0,40.0,81.8,57.0,41.0,20.5,44.5,-3.5,KC,18.033333333333335,34.333333333333336,0.11908770242103574,4.666666666666667,17.76888888888889,12.6
2025,11,00-0039738,Blake Corum,RB,LA,51.0,21.0,39.0,50.0,94.8,90.0,34.0,26.25,49.5,3.0,SEA,5.566666666666666,13.0,0.3932516828266628,2.0,19.733333333333334,1.5
2025,11,00-0039739,Roman Wilson,WR,PIT,20.0,40.0,11.0,0.0,57.6,94.0,42.0,27.0,48.5,5.5,CIN,10.1,3.3333333333333335,0.10852534562211981,0.0,31.04222222222222,2.7
2025,11,00-0039751,Jordan Whittington,WR,LA,22.0,18.0,11.0,0.0,80.2,90.0,33.0,26.25,49.5,3.0,SEA,4.5,3.6666666666666665,0.1134252221208743,0.0,28.688888888888886,1.9
2025,11,00-0039793,AJ Barner,TE,SEA,31.0,19.0,13.0,17.0,45.9,73.0,51.0,23.25,49.5,-3.0,LA,4.566666666666667,3.6666666666666665,0.1285209667893326,0.3333333333333333,14.733333333333333,17.1
2025,11,00-0039796,Rasheen Ali,RB,BAL,0.0,0.0,0.0,0.0,56.8,68.0,23.0,22.5,37.5,7.5,CLE,0.0,0.0,0.0,0.0,16.78666666666667,2.5
2025,11,00-0039798,Isaiah Davis,RB,NYJ,29.0,29.0,26.0,17.0,51.8,28.0,25.0,15.5,43.5,-12.5,NE,7.733333333333333,7.333333333333333,0.25748447405844516,0.6666666666666666,17.130000000000003,1.1
2025,11,00-0039847,Theo Johnson,TE,NYG,51.0,42.0,21.0,33.0,74.8,37.0,52.0,17.0,41.5,-7.5,GB,10.4,6.0,0.20643939393939395,0.6666666666666666,15.033333333333335,6.6
2025,11,00-0039851,Drake Maye,QB,NE,78.0,81.0,94.0,71.0,90.2,100.0,47.0,28.0,43.5,12.5,NYJ,22.913333333333338,35.333333333333336,0.23389450056116723,8.333333333333334,18.95777777777778,15.44
2025,11,00-0039868,Troy Franklin,WR,DEN,58.0,63.0,34.0,67.0,73.7,57.0,21.0,20.5,44.5,-3.5,KC,16.066666666666666,9.666666666666666,0.34249229347268556,1.3333333333333333,25.566666666666666,12.4
2025,11,00-0039874,Jaylen Wright,RB,MIA,29.0,10.0,22.0,12.0,72.0,83.0,48.0,25.0,47.5,2.5,WSH,2.75,7.5,0.22149755214271344,0.5,23.79,0.4
2025,11,00-0039875,Ray Davis,RB,BUF,18.0,3.0,15.0,17.0,31.2,90.0,48.0,26.25,46.5,6.0,TB,0.8000000000000002,4.666666666666667,0.1476040867345215,0.6666666666666666,23.811111111111114,0.0
2025,11,00-0039880,Malik Washington,WR,MIA,30.0,42.0,20.0,33.0,81.2,83.0,74.0,25.0,47.5,2.5,WSH,10.666666666666666,5.0,0.19950132692068176,0.6666666666666666,39.08,7.2
2025,11,00-0039890,Adonai Mitchell,WR,NYJ,6.0,5.0,3.0,0.0,70.2,28.0,50.0,15.5,43.5,-12.5,NE,1.1666666666666667,1.0,0.029265873015873013,0.0,32.989999999999995,2.0
2025,11,00-0039894,Xavier Worthy,WR,KC,40.0,32.0,22.0,33.0,80.2,77.0,21.0,24.0,44.5,3.5,DEN,8.033333333333333,6.666666666666667,0.21738887102359872,0.6666666666666666,25.490000000000002,5.5
2025,11,00-0039915,Ladd McConkey,WR,LAC,44.0,67.0,27.0,33.0,73.2,73.0,57.0,23.25,43.5,3.0,JAC,17.03333333333333,7.333333333333333,0.2735690235690236,0.6666666666666666,34.72222222222222,4.3
2025,11,00-0039916,Ricky Pearsall,WR,SF,46.0,49.0,21.0,17.0,68.4,88.0,45.0,26.0,48.5,3.5,ARI,12.5,7.666666666666667,0.21499327381680322,0.3333333333333333,31.688888888888886,1.0
2025,11,00-0039917,Michael Penix Jr.,QB,ATL,79.0,56.0,35.0,40.0,83.4,74.0,38.0,23.5,42.5,4.5,CAR,15.986666666666666,36.0,0.08649425287356323,4.666666666666667,16.984,7.9
2025,11,00-0039918,Caleb Williams,QB,CHI,91.0,91.0,74.0,54.0,82.5,67.0,38.0,22.25,47.5,-3.0,MIN,25.86666666666667,41.333333333333336,0.18376140115270548,6.333333333333333,17.06888888888889,10.32
2025,11,00-0039919,Rome Odunze,WR,CHI,46.0,51.0,22.0,67.0,53.1,67.0,31.0,22.25,47.5,-3.0,MIN,13.0,7.666666666666667,0.21724245253657018,1.3333333333333333,28.055555555555557,6.1
2025,11,00-0039920,Malachi Corley,WR,CLE,12.0,13.0,9.0,0.0,68.1,25.0,73.0,15.0,37.5,-7.5,BAL,3.3333333333333335,2.0,0.08912037037037036,0.0,38.766666666666666,2.9
2025,11,00-0039923,J.J. McCarthy,QB,MIN,79.0,57.0,100.0,57.0,80.1,84.0,71.0,25.25,47.5,3.0,CHI,16.153333333333332,35.666666666666664,0.2837601667002756,6.666666666666667,23.835555555555555,10.0
2025,11,00-0040009,Savion Williams,WR,GB,14.0,17.0,7.0,33.0,67.8,80.0,61.0,24.5,41.5,7.5,NYG,4.433333333333334,2.3333333333333335,0.07492729492729493,0.6666666666666666,35.7,4.3
2025,11,00-0040058,Nick Kallerup,TE,SEA,9.0,0.0,8.0,50.0,56.8,73.0,51.0,23.25,49.5,-3.0,LA,0.0,1.0,0.08333333333333333,1.0,14.733333333333333,0.0
2025,11,00-0040075,LaJohntay Wester,WR,BAL,0.0,0.0,0.0,0.0,56.8,68.0,34.0,22.5,37.5,7.5,CLE,0.0,0.0,0.0,0.0,29.011111111111113,0.0
2025,11,00-0040078,Brashard Smith,RB,KC,34.0,18.0,26.0,67.0,36.6,77.0,28.0,24.0,44.5,3.5,DEN,4.866666666666667,8.666666666666666,0.2576683322614159,2.6666666666666665,18.080000000000002,2.8
2025,11,00-0040122,Ashton Jeanty,RB,LV,64.0,49.0,79.0,42.0,66.6,68.0,57.0,22.5,48.5,-3.5,DAL,13.200000000000001,16.333333333333332,0.7933558495168404,1.6666666666666667,26.366666666666667,9.4
2025,11,00-0040124,Tetairoa McMillan,WR,CAR,48.0,48.0,37.0,50.0,80.3,48.0,30.0,19.0,42.5,-4.5,ATL,12.166666666666666,8.0,0.36613272311212813,1.0,28.022222222222222,33.0
2025,11,00-0040126,Colston Loveland,TE,CHI,46.0,63.0,15.0,50.0,63.7,67.0,53.0,22.25,47.5,-3.0,MIN,15.366666666666665,5.333333333333333,0.15328353563647681,1.0,15.344444444444443,7.0
2025,11,00-0040129,Emeka Egbuka,WR,TB,68.0,52.0,31.0,83.0,71.9,55.0,41.0,20.25,46.5,-6.0,BUF,13.266666666666666,11.333333333333334,0.3057751937984496,1.6666666666666667,30.644444444444446,9.0
2025,11,00-0040130,Jayden Higgins,WR,HOU,32.0,39.0,13.0,83.0,48.7,62.0,59.0,21.5,37.5,5.5,TEN,10.0,5.333333333333333,0.1317527501738028,1.6666666666666667,35.31111111111111,9.5
2025,11,00-0040131,Kyle Williams,WR,NE,8.0,19.0,5.0,0.0,54.8,100.0,38.0,28.0,43.5,12.5,NYJ,4.733333333333333,1.3333333333333333,0.04878215654077723,0.0,29.966666666666665,0.0
2025,11,00-0040134,Pat Bryant,WR,DEN,18.0,28.0,10.0,0.0,68.0,57.0,21.0,20.5,44.5,-3.5,KC,7.1000000000000005,3.0,0.10443550639629072,0.0,25.566666666666666,13.2
2025,11,00-0040138,Jaylin Noel,WR,HOU,22.0,24.0,9.0,17.0,39.5,62.0,59.0,21.5,37.5,5.5,TEN,6.166666666666667,3.6666666666666665,0.09483937115516063,0.3333333333333333,35.31111111111111,2.2
2025,11,00-0040142,Kaleb Johnson,RB,PIT,13.0,5.0,14.0,0.0,50.4,94.0,80.0,27.0,48.5,5.5,CIN,1.3666666666666665,3.3333333333333335,0.13777056277056277,0.0,32.986666666666665,1.5
2025,11,00-0040154,Tai Felton,WR,MIN,0.0,0.0,0.0,0.0,56.8,84.0,61.0,25.25,47.5,3.0,CHI,0.0,0.0,0.0,0.0,35.78888888888889,0.0
2025,11,00-0040162,Dylan Sampson,RB,CLE,21.0,14.0,20.0,8.0,48.2,25.0,54.0,15.0,37.5,-7.5,BAL,3.8333333333333335,5.333333333333333,0.20317760942760943,0.3333333333333333,25.62222222222222,1.9
2025,11,00-0040164,Jaylin Lane,WR,WSH,16.0,16.0,12.0,17.0,46.4,68.0,25.0,22.5,47.5,-2.5,MIA,4.0,2.6666666666666665,0.11673881673881674,0.3333333333333333,26.51,2.3
2025,11,00-0040170,Elic Ayomanor,WR,TEN,38.0,28.0,22.0,33.0,79.7,31.0,20.0,16.0,37.5,-5.5,HOU,7.233333333333332,6.333333333333333,0.21939350064350063,0.6666666666666666,25.477777777777778,3.1
2025,11,00-0040187,Mitchell Evans,TE,CAR,14.0,10.0,6.0,17.0,48.5,48.0,22.0,19.0,42.5,-4.5,ATL,2.5,1.6666666666666667,0.0626238340123333,0.3333333333333333,6.5,4.8
2025,11,00-0040189,Oronde Gadsden II,TE,LAC,46.0,47.0,19.0,83.0,77.5,73.0,66.0,23.25,43.5,3.0,JAC,11.6,5.333333333333333,0.19177890011223345,1.6666666666666667,18.87777777777778,6.1
2025,11,00-0040198,Ollie Gordon II,RB,MIA,19.0,19.0,16.0,17.0,32.2,83.0,48.0,25.0,47.5,2.5,WSH,5.066666666666666,5.0,0.15600563342498827,0.6666666666666666,23.79,10.5
2025,11,00-0040208,Tahj Brooks,RB,CIN,1.0,0.0,2.0,0.0,31.2,62.0,33.0,21.5,48.5,-5.5,PIT,0.03333333333333333,0.3333333333333333,0.022222222222222223,0.0,19.544444444444444,0.5
2025,11,00-0040236,Kyle Monangai,RB,CHI,60.0,42.0,48.0,92.0,41.8,67.0,36.0,22.25,47.5,-3.0,MIN,11.333333333333334,15.333333333333334,0.477295710032283,3.6666666666666665,20.433333333333334,10.7
2025,11,00-0040237,Tez Johnson,WR,TB,40.0,59.0,18.0,67.0,75.2,55.0,41.0,20.25,46.5,-6.0,BUF,15.1,6.666666666666667,0.18209302325581392,1.3333333333333333,30.644444444444446,1.6
2025,11,00-0040238,LeQuint Allen Jr.,RB,JAC,5.0,6.0,4.0,0.0,66.8,55.0,35.0,20.25,43.5,-3.0,LAC,1.7,1.3333333333333333,0.042631281761716544,0.0,20.19,3.6
2025,11,00-0040242,Jacory Croskey-Merritt,RB,WSH,44.0,13.0,42.0,33.0,82.3,68.0,50.0,22.5,47.5,-2.5,MIA,3.533333333333333,11.333333333333334,0.4238977072310406,1.3333333333333333,24.380000000000003,4.3
2025,11,00-0040259,Gage Larvadain,WR,CLE,4.0,0.0,4.0,0.0,34.0,25.0,73.0,15.0,37.5,-7.5,BAL,0.09999999999999999,0.6666666666666666,0.03935185185185185,0.0,38.766666666666666,0.0
2025,11,00-0040488,Carter Runyon,TE,LV,9.0,5.0,6.0,0.0,56.8,68.0,47.0,22.5,48.5,-3.5,DAL,1.3,1.0,0.058823529411764705,0.0,13.555555555555555,0.0
2025,11,00-0040506,Myles Price,WR,MIN,0.0,0.0,0.0,0.0,56.8,84.0,61.0,25.25,47.5,3.0,CHI,0.0,0.0,0.0,0.0,35.78888888888889,0.0
2025,11,00-0040534,Ke'Shawn Williams,WR,PIT,0.0,0.0,0.0,0.0,56.8,94.0,42.0,27.0,48.5,5.5,CIN,0.0,0.0,0.0,0.0,31.04222222222222,0.0
2025,11,00-0040563,Efton Chism III,WR,NE,0.0,0.0,0.0,0.0,56.8,100.0,38.0,28.0,43.5,12.5,NYJ,0.0,0.0,0.0,0.0,29.966666666666665,0.0
2025,11,00-0040583,Woody Marks,RB,HOU,58.0,42.0,52.0,58.0,70.2,62.0,56.0,21.5,37.5,5.5,TEN,11.299999999999999,15.0,0.516476700687227,2.3333333333333335,26.044444444444444,6.1
2025,11,00-0040584,Gunnar Helm,TE,TEN,26.0,28.0,9.0,33.0,56.6,31.0,32.0,16.0,37.5,-5.5,HOU,6.8,3.0,0.09498337623337623,0.6666666666666666,9.411111111111111,6.9
2025,11,00-0040644,Trevor Etienne,RB,CAR,5.0,2.0,5.0,0.0,31.2,48.0,57.0,19.0,42.5,-4.5,ATL,0.5333333333333333,1.3333333333333333,0.047619047619047616,0.0,26.444444444444443,0.2
2025,11,00-0040663,Harold Fannin Jr.,TE,CLE,60.0,47.0,27.0,33.0,75.3,25.0,43.0,15.0,37.5,-7.5,BAL,11.466666666666667,7.0,0.2671506734006734,0.6666666666666666,12.3,4.6
2025,11,00-0040667,Matthew Golden,WR,GB,20.0,18.0,10.0,0.0,73.8,80.0,61.0,24.5,41.5,7.5,NYG,4.666666666666667,3.3333333333333335,0.10476190476190476,0.0,35.7,3.4
2025,11,00-0040669,Isaac TeSlaa,WR,DET,6.0,13.0,4.0,33.0,68.5,65.0,40.0,22.0,46.5,-2.5,PHI,3.433333333333333,1.0,0.036814182194616976,0.6666666666666666,30.533333333333335,0.0
2025,11,00-0040676,Cam Ward,QB,TEN,71.0,42.0,25.0,26.0,80.7,31.0,20.0,16.0,37.5,-5.5,HOU,11.786666666666667,32.333333333333336,0.061754385964912284,3.0,13.326666666666666,15.06
2025,11,00-0040704,Dillon Gabriel,QB,CLE,70.0,49.0,45.0,40.0,77.0,25.0,52.0,15.0,37.5,-7.5,BAL,13.819999999999999,31.666666666666668,0.11332070707070707,4.666666666666667,20.037777777777777,2.92
2025,11,00-0040705,Chimere Dike,WR,TEN,34.0,46.0,20.0,33.0,59.6,31.0,20.0,16.0,37.5,-5.5,HOU,11.6,5.666666666666667,0.20246889746889743,0.6666666666666666,25.477777777777778,3.4
2025,11,00-0040719,Bhayshul Tuten,RB,JAC,27.0,17.0,25.0,67.0,58.0,55.0,35.0,20.25,43.5,-3.0,LAC,4.6000000000000005,7.0,0.2524903974179336,2.6666666666666665,20.19,13.4
2025,11,00-0040727,Tre Harris,WR,LAC,12.0,20.0,7.0,17.0,77.4,73.0,57.0,23.25,43.5,3.0,JAC,5.0,2.0,0.07267115600448933,0.3333333333333333,34.72222222222222,2.2
2025,11,00-0040729,Jack Bech,WR,LV,6.0,4.0,5.0,0.0,31.2,68.0,79.0,22.5,48.5,-3.5,DAL,1.0999999999999999,1.0,0.05254901960784314,0.0,40.27777777777778,2.9
2025,11,00-0040730,RJ Harvey,RB,DEN,29.0,55.0,26.0,25.0,69.5,57.0,30.0,20.5,44.5,-3.5,KC,14.833333333333334,7.333333333333333,0.2628459050027678,1.0,18.688888888888886,8.0
2025,11,00-0040734,TreVeyon Henderson,RB,NE,58.0,60.0,49.0,67.0,67.7,100.0,40.0,28.0,43.5,12.5,NYJ,16.066666666666666,15.0,0.4924145671272108,2.6666666666666665,21.677777777777777,32.3
2025,11,00-0040735,Luther Burden III,WR,CHI,14.0,16.0,7.0,0.0,53.2,67.0,31.0,22.25,47.5,-3.0,MIN,4.033333333333333,2.3333333333333335,0.0723015873015873,0.0,28.055555555555557,5.7
2025,11,00-0040736,Mason Taylor,TE,NYJ,43.0,30.0,21.0,83.0,53.9,28.0,61.0,15.5,43.5,-12.5,NE,7.3,5.0,0.20632352445478142,1.6666666666666667,17.41111111111111,7.0
2025,11,00-0040739,Elijah Arroyo,TE,SEA,23.0,28.0,11.0,33.0,52.4,73.0,51.0,23.25,49.5,-3.0,LA,6.866666666666667,2.6666666666666665,0.11302681992337164,0.6666666666666666,14.733333333333333,0.0
2025,11,00-0040782,Isaiah Bond,WR,CLE,32.0,10.0,15.0,50.0,58.2,25.0,73.0,15.0,37.5,-7.5,BAL,2.6,5.333333333333333,0.14600044563279857,1.0,38.766666666666666,0.8
2025,11,00-0040784,Quinshon Judkins,RB,CLE,81.0,51.0,73.0,50.0,64.8,25.0,54.0,15.0,37.5,-7.5,BAL,13.866666666666665,20.666666666666668,0.7307449494949495,2.0,25.62222222222222,5.9
2025,12,00-0026158,Joe Flacco,QB,CIN,87.0,72.0,27.0,42.0,81.2,55.0,46.0,21.5,50.5,-7.5,NE,23.626666666666665,41.666666666666664,0.06635924462011418,5.666666666666667,18.327272727272728,11.62
2025,12,00-0026498,Matthew Stafford,QB,LA,72.0,68.0,26.0,60.0,84.1,83.0,64.0,28.25,49.5,7.0,TB,22.313333333333333,34.333333333333336,0.06434108527131784,8.0,21.798000000000002,22.92
2025,12,00-0028118,Tyrod Taylor,QB,NYJ,58.0,36.0,85.0,25.0,59.9,28.0,48.0,15.25,44.5,-14.0,BAL,11.719999999999999,27.666666666666668,0.2135610766045549,3.3333333333333335,18.674,14.78
2025,12,00-0029604,Kirk Cousins,QB,ATL,38.0,11.0,20.0,2.0,41.9,48.0,43.0,20.0,41.5,-1.5,NO,3.466666666666667,18.333333333333332,0.051120448179271714,0.3333333333333333,17.844,16.46
2025,12,00-0030035,Adam Thielen,WR,MIN,19.0,8.0,7.0,0.0,63.9,38.0,39.0,17.5,41.5,-6.5,GB,1.7333333333333334,2.3333333333333335,0.06744579945799457,0.0,29.57,0.0
2025,12,00-0030506,Travis Kelce,TE,KC,79.0,79.0,24.0,50.0,72.6,78.0,60.0,27.0,50.5,3.5,IND,18.866666666666667,8.666666666666666,0.24157979149959904,1.0,16.56,8.4
2025,12,00-0030564,DeAndre Hopkins,WR,BAL,25.0,9.0,12.0,17.0,49.0,87.0,43.0,29.25,44.5,14.0,NYJ,1.9000000000000001,3.0,0.11544513457556933,0.3333333333333333,30.57,3.3
2025,12,00-0030565,Geno Smith,QB,LV,83.0,50.0,96.0,48.0,72.8,45.0,27.0,19.25,35.5,3.0,CLE,16.53333333333333,39.666666666666664,0.23883040935672514,6.333333333333333,14.718,16.2
2025,12,00-0031237,Teddy Bridgewater,QB,TB,2.0,-0.0,22.0,0.0,71.2,54.0,36.0,21.25,49.5,-7.0,LA,-0.1,1.0,0.05448717948717949,0.0,16.582,3.08
2025,12,00-0031381,Davante Adams,WR,LA,64.0,79.0,25.0,100.0,80.7,83.0,58.0,28.25,49.5,7.0,TB,16.599999999999998,7.666666666666667,0.25246562185208615,2.3333333333333335,34.1,23.2
2025,12,00-0031503,Jameis Winston,QB,NYG,67.0,46.0,32.0,38.0,56.8,41.0,52.0,18.25,50.5,-14.0,DET,15.04,32.0,0.07894736842105263,5.0,19.474,34.24
2025,12,00-0031588,Stefon Diggs,WR,NE,64.0,76.0,25.0,33.0,75.8,86.0,38.0,29.0,50.5,7.5,CIN,15.966666666666669,7.666666666666667,0.25068418171866447,0.6666666666666666,29.348000000000003,4.0
2025,12,00-0031687,Raheem Mostert,RB,LV,9.0,9.0,11.0,0.0,62.1,45.0,26.0,19.25,35.5,3.0,CLE,2.733333333333333,2.3333333333333335,0.10808816914080073,0.0,18.118000000000002,5.0
2025,12,00-0032104,Ameer Abdullah,RB,IND,8.0,5.0,9.0,0.0,68.1,63.0,27.0,23.5,50.5,-3.5,KC,1.7,2.0,0.0872252747252747,0.0,18.56,0.0
2025,12,00-0032211,Tyler Lockett,WR,LV,28.0,25.0,11.0,33.0,38.4,45.0,30.0,19.25,35.5,3.0,CLE,5.233333333333333,3.3333333333333335,0.11441295546558705,0.6666666666666666,27.45,10.2
2025,12,00-0032385,Sterling Shepard,WR,TB,36.0,29.0,14.0,33.0,60.4,54.0,41.0,21.25,49.5,-7.0,LA,6.000000000000001,4.333333333333333,0.14493394919751507,0.6666666666666666,30.1,4.2
2025,12,00-0032392,Austin Hooper,TE,NE,12.0,12.0,5.0,0.0,51.4,86.0,80.0,29.0,50.5,7.5,CIN,2.9333333333333336,1.3333333333333333,0.05238452202470193,0.0,21.91,6.9
2025,12,00-0032464,Kalif Raymond,WR,DET,17.0,16.0,6.0,17.0,31.2,100.0,67.0,32.25,50.5,14.0,NYG,3.3000000000000003,2.0,0.06102693602693602,0.3333333333333333,36.199999999999996,5.7
2025,12,00-0032764,Derrick Henry,RB,BAL,84.0,47.0,67.0,83.0,87.2,87.0,42.0,29.25,44.5,14.0,NYJ,14.9,21.0,0.6663599664581432,3.3333333333333335,22.8,22.8
2025,12,00-0032775,Demarcus Robinson,WR,SF,19.0,14.0,8.0,17.0,49.2,82.0,22.0,28.0,48.5,7.5,CAR,2.9,2.3333333333333335,0.08089455915542872,0.3333333333333333,25.69090909090909,1.8
2025,12,00-0032951,Laquon Treadwell,WR,IND,0.0,0.0,0.0,0.0,56.8,63.0,26.0,23.5,50.5,-3.5,KC,0.0,0.0,0.0,0.0,26.580000000000002,0.0
2025,12,00-0033077,Dak Prescott,QB,DAL,82.0,55.0,68.0,72.0,84.1,58.0,37.0,22.25,47.5,-3.0,PHI,18.113333333333333,39.0,0.17101894521249358,9.666666666666666,16.676,29.06
2025,12,00-0033090,Hunter Henry,TE,NE,48.0,27.0,18.0,33.0,72.8,86.0,80.0,29.0,50.5,7.5,CIN,6.5,5.333333333333333,0.1780116435288849,0.6666666666666666,21.91,24.5
2025,12,00-0033106,Jared Goff,QB,DET,76.0,59.0,7.0,42.0,89.0,100.0,63.0,32.25,50.5,14.0,NYG,19.419999999999998,36.0,0.016666666666666666,5.666666666666667,21.461818181818185,19.16
2025,12,00-0033119,Jacoby Brissett,QB,ARI,100.0,73.0,65.0,100.0,90.2,59.0,65.0,22.5,47.5,-2.5,JAC,24.046666666666663,47.666666666666664,0.16306132647961732,13.333333333333334,21.962,18.68
2025,12,00-0033217,Mo Alie-Cox,TE,IND,12.0,2.0,4.0,33.0,52.4,63.0,37.0,23.5,50.5,-3.5,KC,0.5333333333333333,1.3333333333333333,0.0405982905982906,0.6666666666666666,10.440000000000001,1.9
2025,12,00-0033246,Johnny Mundt,TE,JAC,15.0,11.0,7.0,17.0,35.7,69.0,55.0,25.0,47.5,2.5,ARI,2.533333333333333,1.6666666666666667,0.07444005270092226,0.3333333333333333,15.2,2.2
2025,12,00-0033280,Christian McCaffrey,RB,SF,100.0,92.0,88.0,83.0,78.8,82.0,46.0,28.0,48.5,7.5,CAR,29.0,25.0,0.8754104701930788,3.3333333333333335,23.763636363636362,27.2
2025,12,00-0033288,George Kittle,TE,SF,61.0,77.0,24.0,100.0,73.8,82.0,53.0,28.0,48.5,7.5,CAR,18.333333333333332,6.666666666666667,0.24007667485928355,2.3333333333333335,14.70909090909091,13.8
2025,12,00-0033293,Aaron Jones,RB,MIN,64.0,41.0,65.0,17.0,78.7,38.0,33.0,17.5,41.5,-6.5,GB,12.933333333333332,16.0,0.6528051800042328,0.6666666666666666,20.169999999999998,8.7
2025,12,00-0033357,Taysom Hill,TE,NO,45.0,10.0,22.0,0.0,64.0,55.0,27.0,21.5,41.5,1.5,ATL,2.4,5.0,0.22223278223278223,0.0,7.589999999999999,1.7
2025,12,00-0033375,Tim Patrick,WR,JAC,17.0,38.0,8.0,33.0,46.9,69.0,40.0,25.0,47.5,2.5,ARI,7.933333333333333,2.0,0.08023088023088024,0.6666666666666666,29.79,0.0
2025,12,00-0033439,Pharaoh Brown,TE,ARI,0.0,0.0,0.0,0.0,56.8,59.0,64.0,22.5,47.5,-2.5,JAC,0.0,0.0,0.0,0.0,17.6,0.0
2025,12,00-0033555,Mack Hollins,WR,NE,47.0,48.0,19.0,33.0,50.0,86.0,38.0,29.0,50.5,7.5,CIN,9.966666666666667,5.666666666666667,0.1892571030502065,0.6666666666666666,29.348000000000003,5.0
2025,12,00-0033572,Jamal Agnew,WR,ATL,0.0,0.0,0.0,0.0,56.8,48.0,41.0,20.0,41.5,-1.5,NO,0.0,0.0,0.0,0.0,30.0,0.0
2025,12,00-0033854,Dare Ogunbowale,RB,HOU,5.0,6.0,3.0,8.0,61.5,44.0,59.0,19.0,43.5,-5.5,BUF,1.9333333333333333,1.3333333333333333,0.034911530964162545,0.3333333333333333,27.55,0.0
2025,12,00-0033857,JuJu Smith-Schuster,WR,KC,8.0,10.0,3.0,0.0,31.4,78.0,63.0,27.0,50.5,3.5,IND,2.0333333333333337,1.0,0.032327586206896554,0.0,35.33,1.8
2025,12,00-0033858,Jonnu Smith,TE,PIT,27.0,10.0,9.0,17.0,50.0,56.0,53.0,21.75,46.5,-3.0,CHI,2.3000000000000003,3.0,0.09441707717569786,0.3333333333333333,14.580000000000002,5.8
2025,12,00-0033873,Patrick Mahomes,QB,KC,83.0,53.0,34.0,40.0,81.4,78.0,42.0,27.0,50.5,3.5,IND,17.599999999999998,39.666666666666664,0.08492063492063491,5.333333333333333,17.682,17.08
2025,12,00-0033906,Alvin Kamara,RB,NO,56.0,25.0,57.0,17.0,57.2,55.0,52.0,21.5,41.5,1.5,ATL,7.8999999999999995,14.0,0.5678502128502129,0.6666666666666666,25.7,3.5
2025,12,00-0033908,Cooper Kupp,WR,SEA,28.0,30.0,12.0,17.0,52.8,78.0,67.0,27.0,41.5,12.5,TEN,6.3,3.3333333333333335,0.12260536398467432,0.3333333333333333,36.25,4.4
2025,12,00-0033921,Chris Godwin Jr.,WR,TB,58.0,27.0,19.0,50.0,79.5,54.0,41.0,21.25,49.5,-7.0,LA,5.6,7.0,0.1907051282051282,1.0,30.1,2.9
2025,12,00-0033923,Kareem Hunt,RB,KC,51.0,45.0,64.0,83.0,80.8,78.0,33.0,27.0,50.5,3.5,IND,14.300000000000002,12.666666666666666,0.6417661912399283,3.3333333333333335,20.15,22.0
2025,12,00-0034073,Ross Dwelley,TE,DET,9.0,0.0,3.0,0.0,56.8,100.0,45.0,32.25,50.5,14.0,NYG,0.0,1.0,0.03125,0.0,12.423636363636364,0.0
2025,12,00-0034351,Dallas Goedert,TE,PHI,42.0,43.0,20.0,33.0,67.3,70.0,52.0,25.25,47.5,3.0,DAL,10.166666666666666,4.666666666666667,0.19868491680085884,0.6666666666666666,14.35,4.0
2025,12,00-0034365,Ian Thomas,TE,LV,9.0,9.0,3.0,0.0,82.5,45.0,42.0,19.25,35.5,3.0,CLE,2.1,1.0,0.032470453523085106,0.0,11.680000000000001,7.6
2025,12,00-0034383,Dalton Schultz,TE,HOU,85.0,60.0,23.0,33.0,86.4,44.0,20.0,19.0,43.5,-5.5,BUF,14.366666666666665,9.333333333333334,0.2267094017094017,0.6666666666666666,5.82,1.8
2025,12,00-0034521,Allen Lazard,WR,NYJ,19.0,10.0,7.0,33.0,70.5,28.0,69.0,15.25,44.5,-14.0,BAL,2.1333333333333333,2.3333333333333335,0.07111958613627134,0.6666666666666666,36.589999999999996,1.9
2025,12,00-0034613,Tanner Hudson,TE,CIN,21.0,19.0,6.0,17.0,74.5,55.0,62.0,21.5,50.5,-7.5,NE,4.433333333333334,2.3333333333333335,0.06065786065786066,0.3333333333333333,17.0,1.9
2025,12,00-0034753,Mark Andrews,TE,BAL,48.0,60.0,20.0,83.0,86.5,87.0,50.0,29.25,44.5,14.0,NYJ,14.233333333333334,5.333333333333333,0.20228522451523853,1.6666666666666667,13.88,2.1
2025,12,00-0034771,Mason Rudolph,QB,PIT,15.0,10.0,19.0,5.0,31.2,56.0,68.0,21.75,46.5,-3.0,CHI,3.1533333333333338,7.333333333333333,0.04853479853479853,0.6666666666666666,22.451999999999998,11.54
2025,12,00-0034775,Christian Kirk,WR,HOU,42.0,15.0,12.0,50.0,50.0,44.0,39.0,19.0,43.5,-5.5,BUF,3.1666666666666665,5.0,0.12443667443667443,1.0,29.65,16.4
2025,12,00-0034791,Nick Chubb,RB,HOU,29.0,12.0,27.0,33.0,62.7,44.0,59.0,19.0,43.5,-5.5,BUF,3.766666666666667,7.333333333333333,0.27443064182194615,1.3333333333333333,27.55,2.5
2025,12,00-0034796,Lamar Jackson,QB,BAL,66.0,49.0,73.0,55.0,79.2,87.0,47.0,29.25,44.5,14.0,NYJ,16.30666666666667,31.666666666666668,0.1815412186379928,7.333333333333333,18.606,7.22
2025,12,00-0034798,Durham Smythe,TE,CHI,14.0,4.0,5.0,0.0,31.2,68.0,60.0,24.75,46.5,3.0,PIT,0.9,1.5,0.05357142857142857,0.0,16.63,1.4
2025,12,00-0034827,DJ Moore,WR,CHI,42.0,41.0,15.0,0.0,58.0,68.0,80.0,24.75,46.5,3.0,PIT,8.693333333333333,5.0,0.14913086971910502,0.0,39.21,23.4
2025,12,00-0034829,Mike Gesicki,TE,CIN,27.0,10.0,10.0,0.0,62.7,55.0,62.0,21.5,50.5,-7.5,NE,2.3000000000000003,3.0,0.09527972027972027,0.0,17.0,7.5
2025,12,00-0034844,Saquon Barkley,RB,PHI,96.0,60.0,73.0,42.0,71.6,70.0,50.0,25.25,47.5,3.0,DAL,18.833333333333332,24.0,0.7252700348182021,1.6666666666666667,25.0,14.4
2025,12,00-0034855,Baker Mayfield,QB,TB,70.0,50.0,17.0,42.0,75.4,54.0,36.0,21.25,49.5,-7.0,LA,16.606666666666666,33.333333333333336,0.04273504273504273,5.666666666666667,16.582,7.54
2025,12,00-0034857,Josh Allen,QB,BUF,78.0,100.0,82.0,30.0,84.2,67.0,20.0,24.5,43.5,5.5,HOU,32.946666666666665,37.333333333333336,0.20470543948804817,4.0,13.5,12.12
2025,12,00-0034860,Dante Pettis,WR,NO,0.0,0.0,0.0,0.0,56.8,55.0,48.0,21.5,41.5,1.5,ATL,0.0,0.0,0.0,0.0,31.639999999999997,2.4
2025,12,00-0034869,Sam Darnold,QB,SEA,59.0,53.0,16.0,25.0,68.0,78.0,48.0,27.0,41.5,12.5,TEN,17.459999999999997,28.333333333333332,0.04078674948240166,3.3333333333333335,18.696,17.66
2025,12,00-0034960,Jakobi Meyers,WR,JAC,42.0,39.0,19.0,17.0,74.8,69.0,40.0,25.0,47.5,2.5,ARI,8.266666666666667,5.0,0.18701893072602452,0.3333333333333333,29.79,15.0
2025,12,00-0034975,Justice Hill,RB,BAL,9.0,13.0,8.0,8.0,57.9,87.0,42.0,29.25,44.5,14.0,NYJ,3.9999999999999996,2.3333333333333335,0.08233078801101242,0.3333333333333333,22.8,0.0
2025,12,00-0034981,Foster Moreau,TE,NO,15.0,8.0,6.0,17.0,40.0,55.0,27.0,21.5,41.5,1.5,ATL,1.8333333333333333,1.6666666666666667,0.05794871794871795,0.3333333333333333,7.589999999999999,0.0
2025,12,00-0035021,Ashton Dulin,WR,IND,6.0,4.0,2.0,17.0,34.0,63.0,26.0,23.5,50.5,-3.5,KC,0.8000000000000002,0.6666666666666666,0.02003484320557491,0.3333333333333333,26.580000000000002,5.8
2025,12,00-0035100,Jake Browning,QB,CIN,70.0,41.0,66.0,20.0,68.9,55.0,46.0,21.5,50.5,-7.5,NE,13.479999999999999,33.333333333333336,0.16587301587301587,2.6666666666666665,18.327272727272728,0.56
2025,12,00-0035208,Olamide Zaccheaus,WR,CHI,53.0,47.0,18.0,33.0,61.5,68.0,80.0,24.75,46.5,3.0,PIT,9.866666666666667,6.333333333333333,0.18213507625272332,0.6666666666666666,39.21,1.6
2025,12,00-0035229,T.J. Hockenson,TE,MIN,33.0,26.0,12.0,17.0,61.4,38.0,51.0,17.5,41.5,-6.5,GB,6.266666666666666,3.6666666666666665,0.12223842347119122,0.3333333333333333,14.190000000000001,5.9
2025,12,00-0035249,Josh Oliver,TE,MIN,15.0,20.0,5.0,33.0,42.5,38.0,51.0,17.5,41.5,-6.5,GB,4.7,1.6666666666666667,0.04837543991955757,0.6666666666666666,14.190000000000001,1.4
2025,12,00-0035250,Devin Singletary,RB,NYG,51.0,37.0,42.0,100.0,75.2,41.0,20.0,18.25,50.5,-14.0,DET,11.700000000000001,12.666666666666666,0.41980147927289485,4.333333333333333,16.57,4.7
2025,12,00-0035261,Tony Pollard,RB,TEN,51.0,21.0,60.0,33.0,90.8,25.0,31.0,14.5,41.5,-12.5,SEA,6.566666666666667,12.666666666666666,0.5957255220722714,1.3333333333333333,19.57,8.1
2025,12,00-0035359,David Sills,WR,ATL,11.0,3.0,5.0,0.0,53.5,48.0,41.0,20.0,41.5,-1.5,NO,0.7000000000000001,1.3333333333333333,0.04612576064908722,0.0,30.0,9.6
2025,12,00-0035500,Greg Dortch,WR,ARI,25.0,41.0,8.0,33.0,33.6,59.0,53.0,22.5,47.5,-2.5,JAC,8.566666666666666,3.0,0.07619404583422575,0.6666666666666666,32.83,16.8
2025,12,00-0035535,Darius Slayton,WR,NYG,44.0,46.0,19.0,17.0,74.6,41.0,54.0,18.25,50.5,-14.0,DET,9.566666666666668,5.333333333333333,0.1903409090909091,0.3333333333333333,33.239999999999995,3.3
2025,12,00-0035537,Ty Johnson,RB,BUF,13.0,31.0,11.0,25.0,77.6,67.0,29.0,24.5,43.5,5.5,HOU,9.866666666666667,3.3333333333333335,0.1146747938052286,1.0,19.05,8.2
2025,12,00-0035602,Alex Bachman,WR,LV,0.0,0.0,0.0,0.0,56.8,45.0,30.0,19.25,35.5,3.0,CLE,0.0,0.0,0.0,0.0,27.45,0.0
2025,12,00-0035631,Drew Sample,TE,CIN,9.0,2.0,3.0,0.0,34.4,55.0,62.0,21.5,50.5,-7.5,NE,0.5666666666666668,1.0,0.025000000000000005,0.0,17.0,1.0
2025,12,00-0035640,DK Metcalf,WR,PIT,53.0,30.0,21.0,50.0,68.1,56.0,61.0,21.75,46.5,-3.0,CHI,6.333333333333333,6.333333333333333,0.2133825944170772,1.0,34.739999999999995,14.4
2025,12,00-0035644,Noah Fant,TE,CIN,36.0,37.0,10.0,0.0,75.8,55.0,62.0,21.5,50.5,-7.5,NE,8.833333333333334,4.0,0.10380730380730381,0.0,17.0,1.9
2025,12,00-0035645,Gunner Olszewski,WR,NYG,8.0,15.0,3.0,33.0,31.2,41.0,54.0,18.25,50.5,-14.0,DET,3.1333333333333333,1.0,0.03125,0.6666666666666666,33.239999999999995,5.32
2025,12,00-0035662,Marquise Brown,WR,KC,25.0,28.0,9.0,0.0,50.3,78.0,63.0,27.0,50.5,3.5,IND,5.766666666666667,3.0,0.08740143009890404,0.0,35.33,2.0
2025,12,00-0035676,A.J. Brown,WR,PHI,56.0,69.0,27.0,50.0,51.3,70.0,78.0,25.25,47.5,3.0,DAL,14.433333333333332,6.666666666666667,0.26623725174449814,1.0,38.64,25.0
2025,12,00-0035685,David Montgomery,RB,DET,51.0,27.0,49.0,42.0,70.8,100.0,53.0,32.25,50.5,14.0,NYG,8.6,12.666666666666666,0.49156144781144784,1.6666666666666667,25.854545454545452,6.7
2025,12,00-0035689,Dawson Knox,TE,BUF,24.0,20.0,8.0,17.0,67.1,67.0,36.0,24.5,43.5,5.5,HOU,4.666666666666667,2.6666666666666665,0.08085470085470085,0.3333333333333333,10.02,4.7
2025,12,00-0035710,Daniel Jones,QB,IND,81.0,68.0,52.0,50.0,86.7,63.0,40.0,23.5,50.5,-3.5,KC,22.253333333333334,38.666666666666664,0.13098464317976513,6.666666666666667,17.252,16.84
2025,12,00-0035891,Cody White,WR,SEA,6.0,21.0,3.0,0.0,31.2,78.0,67.0,27.0,41.5,12.5,TEN,4.333333333333333,0.6666666666666666,0.027777777777777776,0.0,36.25,0.0
2025,12,00-0036040,Juwan Johnson,TE,NO,48.0,58.0,16.0,33.0,78.4,55.0,27.0,21.5,41.5,1.5,ATL,13.866666666666665,5.333333333333333,0.16017094017094016,0.6666666666666666,7.589999999999999,10.6
2025,12,00-0036139,Rico Dowdle,RB,CAR,100.0,62.0,92.0,100.0,84.6,50.0,43.0,20.5,48.5,-7.5,SF,19.46666666666667,25.0,0.9158682939232138,4.666666666666667,23.036363636363635,11.4
2025,12,00-0036165,Isaiah Hodgins,WR,NYG,50.0,51.0,21.0,0.0,56.8,41.0,54.0,18.25,50.5,-14.0,DET,10.7,6.0,0.20689655172413793,0.0,33.239999999999995,12.2
2025,12,00-0036176,Mason Kinsey,WR,TEN,8.0,4.0,3.0,0.0,31.2,25.0,34.0,14.5,41.5,-12.5,SEA,0.7999999999999999,1.0,0.027777777777777776,0.0,28.53,0.0
2025,12,00-0036187,Reggie Gilliam,RB,BUF,0.0,0.0,0.0,0.0,56.8,67.0,29.0,24.5,43.5,5.5,HOU,0.0,0.0,0.0,0.0,19.05,1.2
2025,12,00-0036196,Gabe Davis,WR,BUF,33.0,33.0,13.0,50.0,56.8,67.0,20.0,24.5,43.5,5.5,HOU,7.0,4.0,0.13333333333333333,1.0,25.169999999999998,3.2
2025,12,00-0036223,Jonathan Taylor,RB,IND,87.0,100.0,82.0,92.0,65.1,63.0,27.0,23.5,50.5,-3.5,KC,31.566666666666674,21.666666666666668,0.817804034267449,3.6666666666666665,18.56,8.6
2025,12,00-0036244,Colby Parkinson,TE,LA,27.0,37.0,10.0,83.0,59.1,83.0,41.0,28.25,49.5,7.0,TB,8.833333333333334,3.0,0.09521634221191462,1.6666666666666667,11.39,14.1
2025,12,00-0036252,Michael Pittman,WR,IND,64.0,76.0,22.0,0.0,54.5,63.0,26.0,23.5,50.5,-3.5,KC,15.966666666666667,7.666666666666667,0.21611721611721613,0.0,26.580000000000002,13.7
2025,12,00-0036259,Jauan Jennings,WR,SF,56.0,68.0,25.0,100.0,81.2,82.0,22.0,28.0,48.5,7.5,CAR,14.200000000000001,6.666666666666667,0.2474026821852909,2.0,25.69090909090909,15.1
2025,12,00-0036264,Jordan Love,QB,GB,73.0,37.0,42.0,27.0,84.8,65.0,35.0,24.0,41.5,6.5,MIN,12.173333333333332,35.0,0.10404723564143853,3.6666666666666665,16.394,7.06
2025,12,00-0036275,D'Andre Swift,RB,CHI,75.0,41.0,60.0,83.0,83.5,68.0,31.0,24.75,46.5,3.0,PIT,12.966666666666667,18.666666666666668,0.5986958291306118,3.3333333333333335,19.53,3.9
2025,12,00-0036290,Cole Kmet,TE,CHI,27.0,18.0,10.0,17.0,45.4,68.0,60.0,24.75,46.5,3.0,PIT,4.333333333333333,3.0,0.09765017117958295,0.3333333333333333,16.63,1.3
2025,12,00-0036309,Darnell Mooney,WR,ATL,47.0,18.0,21.0,0.0,58.7,48.0,41.0,20.0,41.5,-1.5,NO,3.866666666666667,5.666666666666667,0.2067342799188641,0.0,30.0,16.4
2025,12,00-0036322,Justin Jefferson,WR,MIN,83.0,56.0,32.0,83.0,81.2,38.0,39.0,17.5,41.5,-6.5,GB,11.833333333333334,10.0,0.32174575821845175,1.6666666666666667,29.57,8.8
2025,12,00-0036331,Devin Duvernay,WR,CHI,0.0,0.0,0.0,0.0,56.8,68.0,80.0,24.75,46.5,3.0,PIT,0.0,0.0,0.0,0.0,39.21,0.0
2025,12,00-0036332,Josiah Deguara,TE,ARI,0.0,0.0,0.0,0.0,56.8,59.0,64.0,22.5,47.5,-2.5,JAC,0.0,0.0,0.0,0.0,17.6,1.6
2025,12,00-0036358,CeeDee Lamb,WR,DAL,83.0,76.0,29.0,100.0,86.4,58.0,41.0,22.25,47.5,-3.0,PHI,15.9,10.0,0.29001856118791597,2.3333333333333335,30.07,11.5
2025,12,00-0036360,Clyde Edwards-Helaire,RB,KC,8.0,2.0,10.0,0.0,56.8,78.0,33.0,27.0,50.5,3.5,IND,0.5,2.0,0.1,0.0,20.15,3.7
2025,12,00-0036389,Jalen Hurts,QB,PHI,65.0,55.0,69.0,27.0,82.7,70.0,80.0,25.25,47.5,3.0,DAL,17.959999999999997,31.0,0.172756981580511,3.6666666666666665,24.716,30.86
2025,12,00-0036407,Jerry Jeudy,WR,CLE,58.0,40.0,24.0,50.0,42.9,32.0,76.0,16.25,35.5,-3.0,LV,8.299999999999999,7.0,0.23853535353535352,1.0,38.269999999999996,4.9
2025,12,00-0036410,Tee Higgins,WR,CIN,53.0,92.0,16.0,50.0,60.5,55.0,47.0,21.5,50.5,-7.5,NE,19.26666666666667,6.333333333333333,0.15524475524475526,1.0,31.545454545454547,8.1
2025,12,00-0036415,Van Jefferson,WR,TEN,53.0,25.0,20.0,33.0,62.0,25.0,34.0,14.5,41.5,-12.5,SEA,5.3,6.333333333333333,0.20037895037895037,0.6666666666666666,28.53,2.1
2025,12,00-0036429,Charlie Woerner,TE,ATL,9.0,4.0,3.0,0.0,66.8,48.0,50.0,20.0,41.5,-1.5,NO,0.9666666666666667,1.0,0.030722673893405595,0.0,13.91,5.4
2025,12,00-0036554,Nico Collins,WR,HOU,100.0,94.0,29.0,100.0,84.2,44.0,39.0,19.0,43.5,-5.5,BUF,19.766666666666666,12.0,0.290986790986791,3.0,29.65,8.5
2025,12,00-0036555,Chuba Hubbard,RB,CAR,23.0,8.0,20.0,33.0,79.8,50.0,43.0,20.5,48.5,-7.5,SF,2.6666666666666665,5.666666666666667,0.20208053070753298,1.3333333333333333,23.036363636363635,8.3
2025,12,00-0036590,Quintin Morris,TE,JAC,9.0,3.0,5.0,0.0,31.2,69.0,55.0,25.0,47.5,2.5,ARI,0.7000000000000001,1.0,0.04545454545454545,0.0,15.2,0.0
2025,12,00-0036630,Tylan Wallace,WR,BAL,3.0,0.0,1.0,0.0,41.8,87.0,43.0,29.25,44.5,14.0,NYJ,0.0,0.3333333333333333,0.013333333333333334,0.0,30.57,0.0
2025,12,00-0036637,Noah Gray,TE,KC,24.0,10.0,8.0,17.0,49.1,78.0,60.0,27.0,50.5,3.5,IND,2.4,2.6666666666666665,0.07641673349371826,0.3333333333333333,16.56,5.5
2025,12,00-0036741,Jack Stoll,TE,NO,9.0,2.0,3.0,0.0,65.8,55.0,27.0,21.5,41.5,1.5,ATL,0.5666666666666667,1.0,0.03075268817204301,0.0,7.589999999999999,1.7
2025,12,00-0036754,Brock Wright,TE,DET,27.0,7.0,8.0,0.0,33.7,100.0,45.0,32.25,50.5,14.0,NYG,1.6333333333333335,3.0,0.08449074074074074,0.0,12.423636363636364,5.9
2025,12,00-0036825,Feleipe Franks,TE,ATL,0.0,0.0,0.0,0.0,56.8,48.0,50.0,20.0,41.5,-1.5,NO,0.0,0.0,0.0,0.0,13.91,0.2
2025,12,00-0036841,Austin Trammell,WR,JAC,14.0,12.0,7.0,0.0,41.3,69.0,40.0,25.0,47.5,2.5,ARI,2.533333333333333,1.6666666666666667,0.06873078612209046,0.0,29.79,0.0
2025,12,00-0036842,Kene Nwangwu,RB,NYJ,0.0,0.0,0.0,0.0,56.8,28.0,46.0,15.25,44.5,-14.0,BAL,0.0,0.0,0.0,0.0,23.86,0.0
2025,12,00-0036862,Ben Skowronek,WR,PIT,0.0,0.0,0.0,0.0,56.8,56.0,61.0,21.75,46.5,-3.0,CHI,0.0,0.0,0.0,0.0,34.739999999999995,3.1
2025,12,00-0036875,Rhamondre Stevenson,RB,NE,67.0,26.0,51.0,67.0,65.5,86.0,80.0,29.0,50.5,7.5,CIN,8.166666666666668,16.666666666666668,0.5104371201496026,2.6666666666666665,33.658,2.0
2025,12,00-0036887,Luke Farrell,TE,SF,9.0,16.0,3.0,17.0,33.0,82.0,53.0,28.0,48.5,7.5,CAR,3.8000000000000003,1.0,0.03389103389103389,0.3333333333333333,14.70909090909091,1.3
2025,12,00-0036894,Pat Freiermuth,TE,PIT,24.0,29.0,9.0,33.0,58.5,56.0,53.0,21.75,46.5,-3.0,CHI,6.966666666666666,2.6666666666666665,0.08530377668308703,0.6666666666666666,14.580000000000002,10.9
2025,12,00-0036898,Davis Mills,QB,HOU,86.0,51.0,39.0,62.0,73.5,44.0,29.0,19.0,43.5,-5.5,BUF,16.74,41.0,0.09824957651044608,8.333333333333334,15.232,14.52
2025,12,00-0036912,DeVonta Smith,WR,PHI,58.0,53.0,31.0,17.0,64.3,70.0,78.0,25.25,47.5,3.0,DAL,11.033333333333333,7.0,0.31317767042404726,0.3333333333333333,38.64,14.9
2025,12,00-0036919,Kenny Gainwell,RB,PIT,37.0,41.0,34.0,33.0,36.6,56.0,42.0,21.75,46.5,-3.0,CHI,13.1,9.333333333333334,0.3361265171609999,1.3333333333333333,22.78,18.2
2025,12,00-0036924,Michael Carter,RB,ARI,28.0,15.0,24.0,25.0,57.6,59.0,24.0,22.5,47.5,-2.5,JAC,4.6,7.0,0.23570515162586772,1.0,17.68,8.8
2025,12,00-0036963,Amon-Ra St. Brown,WR,DET,92.0,66.0,31.0,100.0,76.2,100.0,67.0,32.25,50.5,14.0,NYG,13.9,11.0,0.3148148148148148,2.0,36.199999999999996,29.9
2025,12,00-0036970,Kyle Pitts,TE,ATL,45.0,24.0,17.0,33.0,72.5,48.0,50.0,20.0,41.5,-1.5,NO,5.666666666666667,5.0,0.16977687626774848,0.6666666666666666,13.91,4.5
2025,12,00-0036971,Trevor Lawrence,QB,JAC,69.0,55.0,67.0,50.0,84.2,69.0,35.0,25.0,47.5,2.5,ARI,18.013333333333335,32.666666666666664,0.16861795939810123,6.666666666666667,16.288,25.14
2025,12,00-0036973,Travis Etienne,RB,JAC,91.0,54.0,65.0,100.0,88.9,69.0,45.0,25.0,47.5,2.5,ARI,17.166666666666668,22.666666666666668,0.6456649071511852,7.666666666666667,23.5,20.6
2025,12,00-0036980,Elijah Moore,WR,BUF,22.0,14.0,10.0,0.0,64.3,67.0,20.0,24.5,43.5,5.5,HOU,3.0,2.6666666666666665,0.10354988007161921,0.0,25.169999999999998,0.7
2025,12,00-0036988,Josh Palmer,WR,BUF,25.0,28.0,10.0,0.0,65.7,67.0,20.0,24.5,43.5,5.5,HOU,5.766666666666666,3.0,0.10341880341880343,0.0,25.169999999999998,4.1
2025,12,00-0036997,Javonte Williams,RB,DAL,72.0,40.0,65.0,100.0,78.0,58.0,44.0,22.25,47.5,-3.0,PHI,12.5,18.0,0.6531628690902885,4.333333333333333,23.39,12.1
2025,12,00-0037086,Grant Calcaterra,TE,PHI,15.0,9.0,6.0,0.0,59.3,70.0,52.0,25.25,47.5,3.0,DAL,2.1333333333333333,1.6666666666666667,0.060288549418984205,0.0,14.35,1.8
2025,12,00-0037120,Tyler Goodson,RB,IND,7.0,3.0,6.0,0.0,46.8,63.0,27.0,23.5,50.5,-3.5,KC,0.8000000000000002,1.6666666666666667,0.05905600722673893,0.0,18.56,0.0
2025,12,00-0037157,Bam Knight,RB,ARI,45.0,27.0,44.0,58.0,73.2,59.0,24.0,22.5,47.5,-2.5,JAC,8.5,11.333333333333334,0.44452449100125263,2.3333333333333335,17.68,13.2
2025,12,00-0037228,Jaylen Warren,RB,PIT,61.0,39.0,73.0,50.0,78.5,56.0,42.0,21.75,46.5,-3.0,CHI,12.233333333333334,15.333333333333334,0.7281416859003066,2.0,22.78,12.8
2025,12,00-0037239,Chris Olave,WR,NO,69.0,70.0,26.0,17.0,69.0,55.0,48.0,21.5,41.5,1.5,ATL,14.699999999999998,8.333333333333334,0.2603418803418803,0.3333333333333333,31.639999999999997,16.0
2025,12,00-0037240,Jameson Williams,WR,DET,58.0,96.0,21.0,50.0,88.2,100.0,67.0,32.25,50.5,14.0,NYG,20.066666666666666,7.0,0.2099537037037037,1.0,36.199999999999996,0.0
2025,12,00-0037247,George Pickens,WR,DAL,81.0,92.0,28.0,50.0,80.3,58.0,41.0,22.25,47.5,-3.0,PHI,19.366666666666664,9.666666666666666,0.2836309523809524,1.0,30.07,29.6
2025,12,00-0037248,James Cook,RB,BUF,87.0,49.0,78.0,58.0,83.0,67.0,29.0,24.5,43.5,5.5,HOU,15.533333333333333,21.666666666666668,0.775398321485278,2.3333333333333335,19.05,21.9
2025,12,00-0037256,Rachaad White,RB,TB,57.0,28.0,50.0,33.0,87.9,54.0,22.0,21.25,49.5,-7.0,LA,8.9,14.333333333333334,0.4972000362938614,1.3333333333333333,16.97,5.2
2025,12,00-0037261,Khalil Shakir,WR,BUF,56.0,39.0,22.0,17.0,56.4,67.0,20.0,24.5,43.5,5.5,HOU,8.266666666666667,6.666666666666667,0.2169230769230769,0.3333333333333333,25.169999999999998,19.0
2025,12,00-0037263,Tyler Allgeier,RB,ATL,24.0,29.0,23.0,58.0,42.2,48.0,41.0,20.0,41.5,-1.5,NO,9.299999999999999,6.0,0.2268062397372742,2.3333333333333335,22.339999999999996,5.9
2025,12,00-0037267,Jerome Ford,RB,CLE,7.0,1.0,5.0,0.0,48.4,32.0,37.0,16.25,35.5,-3.0,LV,0.4000000000000001,1.6666666666666667,0.05436868686868687,0.0,21.419999999999998,-0.3
2025,12,00-0037291,Jalen Nailor,WR,MIN,31.0,45.0,12.0,33.0,43.9,38.0,39.0,17.5,41.5,-6.5,GB,9.533333333333333,3.6666666666666665,0.11716816896429834,0.6666666666666666,29.57,0.0
2025,12,00-0037292,Andrew Ogletree,TE,IND,3.0,0.0,1.0,0.0,41.8,63.0,37.0,23.5,50.5,-3.5,KC,0.0,0.3333333333333333,0.011904761904761904,0.0,10.440000000000001,8.8
2025,12,00-0037306,John FitzPatrick,TE,GB,9.0,6.0,3.0,17.0,94.7,65.0,57.0,24.0,41.5,6.5,MIN,1.5,1.0,0.034761904761904765,0.3333333333333333,15.64,2.1
2025,12,00-0037525,Jordan Mason,RB,MIN,29.0,20.0,30.0,50.0,69.1,38.0,33.0,17.5,41.5,-6.5,GB,6.433333333333333,7.333333333333333,0.3025485286427986,2.0,20.169999999999998,4.2
2025,12,00-0037545,Rashid Shaheed,WR,SEA,50.0,32.0,22.0,33.0,54.3,78.0,67.0,27.0,41.5,12.5,TEN,6.666666666666667,6.0,0.2164768806073154,0.6666666666666666,36.25,0.5
2025,12,00-0037563,Malik Davis,RB,DAL,9.0,3.0,8.0,8.0,46.6,58.0,44.0,22.25,47.5,-3.0,PHI,0.8666666666666666,2.3333333333333335,0.08038914490527393,0.3333333333333333,23.39,2.4
2025,12,00-0037594,Julius Chestnut,RB,TEN,3.0,1.0,3.0,0.0,31.2,25.0,31.0,14.5,41.5,-12.5,SEA,0.16666666666666666,0.6666666666666666,0.02666666666666667,0.0,19.57,0.3
2025,12,00-0037614,John Metchie III,WR,NYJ,19.0,27.0,11.0,0.0,62.5,28.0,69.0,15.25,44.5,-14.0,BAL,5.7,2.3333333333333335,0.10664335664335665,0.0,36.589999999999996,18.5
2025,12,00-0037664,Alec Pierce,WR,IND,69.0,71.0,24.0,0.0,73.2,63.0,26.0,23.5,50.5,-3.5,KC,14.933333333333332,8.333333333333334,0.23954517704517705,0.0,26.580000000000002,3.6
2025,12,00-0037741,Jahan Dotson,WR,PHI,14.0,28.0,7.0,0.0,57.1,70.0,78.0,25.25,47.5,3.0,DAL,5.766666666666667,1.6666666666666667,0.0725174449812131,0.0,38.64,0.0
2025,12,00-0037744,Trey McBride,TE,ARI,100.0,100.0,27.0,100.0,83.2,59.0,64.0,22.5,47.5,-2.5,JAC,23.900000000000002,11.0,0.267409314823108,3.0,17.6,16.9
2025,12,00-0037746,Brian Robinson,RB,SF,31.0,27.0,30.0,42.0,66.1,82.0,46.0,28.0,48.5,7.5,CAR,8.4,7.666666666666667,0.2998875990180338,1.6666666666666667,23.763636363636362,5.4
2025,12,00-0037801,KaVontae Turpin,WR,DAL,31.0,8.0,11.0,17.0,58.6,58.0,41.0,22.25,47.5,-3.0,PHI,1.7,3.6666666666666665,0.1121031746031746,0.3333333333333333,30.07,6.2
2025,12,00-0037809,Chig Okonkwo,TE,TEN,30.0,29.0,10.0,0.0,70.0,25.0,60.0,14.5,41.5,-12.5,SEA,6.966666666666666,3.3333333333333335,0.10456885456885456,0.0,16.47,7.0
2025,12,00-0037816,Romeo Doubs,WR,GB,61.0,43.0,24.0,50.0,58.4,65.0,27.0,24.0,41.5,6.5,MIN,8.966666666666667,7.333333333333333,0.24230880230880233,1.0,26.74,4.3
2025,12,00-0037834,Brock Purdy,QB,SF,75.0,62.0,35.0,68.0,91.6,82.0,35.0,28.0,48.5,7.5,CAR,20.58,35.666666666666664,0.08740740740740742,9.0,16.350909090909088,13.32
2025,12,00-0037837,Calvin Austin III,WR,PIT,39.0,25.0,15.0,17.0,44.0,56.0,61.0,21.75,46.5,-3.0,CHI,5.166666666666667,4.666666666666667,0.1519704433497537,0.3333333333333333,34.739999999999995,7.6
2025,12,00-0037838,Isaiah Likely,TE,BAL,33.0,23.0,15.0,33.0,75.9,87.0,50.0,29.25,44.5,14.0,NYJ,5.3999999999999995,3.6666666666666665,0.14559006211180123,0.6666666666666666,13.88,2.0
2025,12,00-0037840,Kyren Williams,RB,LA,75.0,60.0,59.0,100.0,85.0,83.0,50.0,28.25,49.5,7.0,TB,18.8,18.666666666666668,0.5852753097167143,4.333333333333333,24.97,5.8
2025,12,00-0038041,Jake Ferguson,TE,DAL,39.0,30.0,13.0,83.0,45.8,58.0,25.0,22.25,47.5,-3.0,PHI,7.2,4.333333333333333,0.12642195767195766,1.6666666666666667,7.220000000000001,11.1
2025,12,00-0038046,Charlie Kolar,TE,BAL,15.0,19.0,7.0,33.0,56.8,87.0,50.0,29.25,44.5,14.0,NYJ,4.533333333333334,1.6666666666666667,0.06612836438923396,0.6666666666666666,13.88,0.0
2025,12,00-0038090,Skyy Moore,WR,SF,6.0,9.0,2.0,0.0,37.5,82.0,22.0,28.0,48.5,7.5,CAR,1.9666666666666668,0.6666666666666666,0.024882024882024883,0.0,25.69090909090909,0.0
2025,12,00-0038104,Tyquan Thornton,WR,KC,14.0,19.0,5.0,0.0,60.8,78.0,63.0,27.0,50.5,3.5,IND,4.0,1.6666666666666667,0.04660597197981037,0.0,35.33,0.0
2025,12,00-0038115,Daniel Bellinger,TE,NYG,12.0,7.0,5.0,33.0,56.6,41.0,45.0,18.25,50.5,-14.0,DET,1.6333333333333335,1.3333333333333333,0.047479101358411706,0.6666666666666666,12.58,0.0
2025,12,00-0038117,Wan'Dale Robinson,WR,NYG,86.0,53.0,33.0,17.0,87.5,41.0,54.0,18.25,50.5,-14.0,DET,11.133333333333333,10.333333333333334,0.33261494252873564,0.3333333333333333,33.239999999999995,30.6
2025,12,00-0038120,Breece Hall,RB,NYJ,79.0,64.0,63.0,75.0,75.6,28.0,46.0,15.25,44.5,-14.0,BAL,20.253333333333334,19.666666666666668,0.6313768555147865,3.0,23.86,15.9
2025,12,00-0038124,Christian Watson,WR,GB,36.0,55.0,15.0,33.0,71.3,65.0,27.0,24.0,41.5,6.5,MIN,11.633333333333333,4.333333333333333,0.14516594516594516,0.6666666666666666,26.74,9.9
2025,12,00-0038128,Malik Willis,QB,GB,6.0,18.0,17.0,15.0,56.8,65.0,35.0,24.0,41.5,6.5,MIN,5.84,3.0,0.043478260869565216,2.0,16.394,0.58
2025,12,00-0038129,Cade Otton,TE,TB,67.0,42.0,22.0,17.0,63.6,54.0,54.0,21.25,49.5,-7.0,LA,10.0,7.333333333333333,0.22419609532012633,0.3333333333333333,14.969999999999999,6.1
2025,12,00-0038134,Kenneth Walker III,RB,SEA,63.0,38.0,49.0,67.0,74.4,78.0,48.0,27.0,41.5,12.5,TEN,12.066666666666668,15.666666666666666,0.48597308488612834,2.6666666666666665,24.41,13.1
2025,12,00-0038393,Dontayvion Wicks,WR,GB,33.0,18.0,13.0,17.0,39.0,65.0,27.0,24.0,41.5,6.5,MIN,3.733333333333333,4.0,0.1312842712842713,0.3333333333333333,26.74,5.2
2025,12,00-0038454,Keaton Mitchell,RB,BAL,24.0,14.0,20.0,42.0,66.8,87.0,42.0,29.25,44.5,14.0,NYJ,4.433333333333334,6.0,0.20120721001506414,1.6666666666666667,22.8,2.9
2025,12,00-0038458,Owen Wright,RB,TB,0.0,0.0,0.0,0.0,56.8,54.0,22.0,21.25,49.5,-7.0,LA,0.0,0.0,0.0,0.0,16.97,0.6
2025,12,00-0038488,Brady Russell,RB,SEA,0.0,0.0,0.0,0.0,56.8,78.0,48.0,27.0,41.5,12.5,TEN,0.0,0.0,0.0,0.0,24.41,0.0
2025,12,00-0038496,Xavier Gipson,WR,PHI,3.0,2.0,2.0,0.0,31.2,70.0,78.0,25.25,47.5,3.0,DAL,0.43333333333333335,0.3333333333333333,0.016666666666666666,0.0,38.64,1.3
2025,12,00-0038519,Nikko Remigio,WR,KC,0.0,0.0,0.0,0.0,56.8,78.0,63.0,27.0,50.5,3.5,IND,0.0,0.0,0.0,0.0,35.33,0.0
2025,12,00-0038542,Bijan Robinson,RB,ATL,92.0,62.0,90.0,50.0,77.3,48.0,41.0,20.0,41.5,-1.5,NO,19.566666666666666,23.0,0.9013889693808558,2.0,22.339999999999996,12.7
2025,12,00-0038543,Jaxon Smith-Njigba,WR,SEA,81.0,100.0,41.0,33.0,84.2,78.0,67.0,27.0,41.5,12.5,TEN,20.96666666666667,9.666666666666666,0.41031746031746036,0.6666666666666666,36.25,37.1
2025,12,00-0038547,Luke Schoonmaker,TE,DAL,21.0,12.0,7.0,33.0,75.2,58.0,25.0,22.25,47.5,-3.0,PHI,2.9000000000000004,2.3333333333333335,0.066697790227202,0.6666666666666666,7.220000000000001,0.0
2025,12,00-0038555,Tank Bigsby,RB,PHI,21.0,15.0,15.0,17.0,45.5,70.0,50.0,25.25,47.5,3.0,DAL,4.833333333333333,5.333333333333333,0.1536541889483066,0.6666666666666666,25.0,0.8
2025,12,00-0038558,Darnell Washington,TE,PIT,36.0,30.0,13.0,50.0,56.0,56.0,53.0,21.75,46.5,-3.0,CHI,7.166666666666667,4.0,0.12651888341543513,1.0,14.580000000000002,4.2
2025,12,00-0038559,Michael Wilson,WR,ARI,81.0,79.0,21.0,50.0,47.5,59.0,53.0,22.5,47.5,-2.5,JAC,16.666666666666668,9.666666666666666,0.2061501716674131,1.0,32.83,21.8
2025,12,00-0038563,Tre Tucker,WR,LV,44.0,43.0,16.0,33.0,66.8,45.0,30.0,19.25,35.5,3.0,CLE,9.0,5.333333333333333,0.1567971210076473,0.6666666666666666,27.45,5.8
2025,12,00-0038564,Cameron Latu,TE,PHI,0.0,0.0,0.0,0.0,56.8,70.0,52.0,25.25,47.5,3.0,DAL,0.0,0.0,0.0,0.0,14.35,0.0
2025,12,00-0038576,Charlie Jones,WR,CIN,0.0,0.0,0.0,0.0,56.8,55.0,47.0,21.5,50.5,-7.5,NE,0.0,0.0,0.0,0.0,31.545454545454547,0.0
2025,12,00-0038589,Josh Whyle,TE,GB,9.0,30.0,4.0,50.0,56.8,65.0,57.0,24.0,41.5,6.5,MIN,7.2,1.0,0.04,1.0,15.64,1.1
2025,12,00-0038597,Chase Brown,RB,CIN,88.0,67.0,89.0,58.0,83.5,55.0,20.0,21.5,50.5,-7.5,NE,21.133333333333333,22.0,0.8934675630327805,2.3333333333333335,16.436363636363637,15.0
2025,12,00-0038606,Parker Washington,WR,JAC,56.0,52.0,25.0,100.0,59.0,69.0,40.0,25.0,47.5,2.5,ARI,10.966666666666667,6.666666666666667,0.24735275459913142,2.0,29.79,18.1
2025,12,00-0038608,Kayshon Boutte,WR,NE,22.0,48.0,11.0,0.0,41.0,86.0,38.0,29.0,50.5,7.5,CIN,10.0,2.6666666666666665,0.11214630779848171,0.0,29.348000000000003,3.5
2025,12,00-0038618,Xavier Hutchinson,WR,HOU,44.0,49.0,14.0,17.0,76.1,44.0,39.0,19.0,43.5,-5.5,BUF,10.366666666666665,5.333333333333333,0.13703328834907783,0.3333333333333333,29.65,0.9
2025,12,00-0038619,Andrei Iosivas,WR,CIN,42.0,37.0,14.0,33.0,53.5,55.0,47.0,21.5,50.5,-7.5,NE,7.666666666666667,5.0,0.13856513856513855,0.6666666666666666,31.545454545454547,10.6
2025,12,00-0038621,DeMario Douglas,WR,NE,36.0,50.0,15.0,17.0,58.0,86.0,38.0,29.0,50.5,7.5,CIN,10.5,4.333333333333333,0.14941146550341952,0.3333333333333333,29.348000000000003,6.1
2025,12,00-0038685,Chris Brooks,RB,GB,4.0,5.0,3.0,0.0,31.2,65.0,34.0,24.0,41.5,6.5,MIN,1.7333333333333334,1.0,0.03354037267080745,0.0,20.34,3.6
2025,12,00-0038738,Hunter Luepke,RB,DAL,7.0,8.0,5.0,0.0,33.0,58.0,44.0,22.25,47.5,-3.0,PHI,2.433333333333333,1.6666666666666667,0.05275537634408602,0.0,23.39,1.7
2025,12,00-0038752,Jake Bobo,WR,SEA,6.0,6.0,3.0,0.0,35.5,78.0,67.0,27.0,41.5,12.5,TEN,1.3333333333333333,0.6666666666666666,0.02538314176245211,0.0,36.25,0.0
2025,12,00-0038797,Emanuel Wilson,RB,GB,29.0,17.0,29.0,50.0,40.0,65.0,34.0,24.0,41.5,6.5,MIN,5.333333333333333,7.333333333333333,0.29424793134938065,2.0,20.34,26.5
2025,12,00-0038839,Mitchell Tinsley,WR,CIN,14.0,9.0,6.0,0.0,54.8,55.0,47.0,21.5,50.5,-7.5,NE,1.8666666666666665,1.6666666666666667,0.05793835793835794,0.0,31.545454545454547,10.9
2025,12,00-0038840,Brycen Tremayne,WR,CAR,8.0,9.0,3.0,17.0,33.0,50.0,65.0,20.5,48.5,-7.5,SF,1.8333333333333333,1.0,0.03269537480063796,0.3333333333333333,35.6,0.0
2025,12,00-0038896,Jacob Saylors,RB,DET,0.0,0.0,0.0,0.0,56.8,100.0,53.0,32.25,50.5,14.0,NYG,0.0,0.0,0.0,0.0,25.854545454545452,0.0
2025,12,00-0038935,Brenton Strange,TE,JAC,45.0,36.0,17.0,0.0,55.2,69.0,55.0,25.0,47.5,2.5,ARI,8.6,5.0,0.17329966329966331,0.0,15.2,14.3
2025,12,00-0038951,Sean Tucker,RB,TB,59.0,53.0,48.0,67.0,63.0,54.0,22.0,21.25,49.5,-7.0,LA,16.766666666666666,14.666666666666666,0.4833765737267474,2.6666666666666665,16.97,5.6
2025,12,00-0038979,Cedric Tillman,WR,CLE,28.0,21.0,11.0,33.0,60.4,32.0,76.0,16.25,35.5,-3.0,LV,4.3,3.3333333333333335,0.11460784313725492,0.6666666666666666,38.269999999999996,1.5
2025,12,00-0038994,Jordan Addison,WR,MIN,64.0,40.0,23.0,50.0,80.0,38.0,39.0,17.5,41.5,-6.5,GB,8.299999999999999,7.666666666666667,0.2318128283419266,1.0,29.57,0.0
2025,12,00-0038997,Josh Downs,WR,IND,39.0,51.0,12.0,50.0,49.1,63.0,26.0,23.5,50.5,-3.5,KC,10.633333333333333,4.666666666666667,0.12385531135531136,1.0,26.580000000000002,3.0
2025,12,00-0039032,Tyjae Spears,RB,TEN,41.0,37.0,44.0,33.0,80.0,25.0,31.0,14.5,41.5,-12.5,SEA,11.6,10.333333333333334,0.44218076103525017,1.3333333333333333,19.57,6.5
2025,12,00-0039041,Elijah Higgins,TE,ARI,27.0,18.0,8.0,33.0,83.9,59.0,64.0,22.5,47.5,-2.5,JAC,4.333333333333333,3.0,0.07506717420510524,0.6666666666666666,17.6,0.0
2025,12,00-0039064,Zay Flowers,WR,BAL,50.0,55.0,23.0,33.0,93.2,87.0,43.0,29.25,44.5,14.0,NYJ,11.6,6.0,0.23092937658155047,0.6666666666666666,30.57,11.9
2025,12,00-0039066,Michael Mayer,TE,LV,45.0,21.0,15.0,33.0,82.4,45.0,42.0,19.25,35.5,3.0,CLE,5.033333333333333,5.0,0.14892487629329734,0.6666666666666666,11.680000000000001,2.4
2025,12,00-0039067,Rashee Rice,WR,KC,81.0,86.0,30.0,83.0,81.2,78.0,63.0,27.0,50.5,3.5,IND,17.96666666666667,9.666666666666666,0.2995327675309632,1.6666666666666667,35.33,22.1
2025,12,00-0039074,Davis Allen,TE,LA,21.0,24.0,7.0,50.0,52.7,83.0,41.0,28.25,49.5,7.0,TB,5.633333333333333,2.3333333333333335,0.07271960592643704,1.0,11.39,5.9
2025,12,00-0039075,Puka Nacua,WR,LA,69.0,90.0,28.0,33.0,83.8,83.0,58.0,28.25,49.5,7.0,TB,18.833333333333332,8.333333333333334,0.2816654351744006,0.6666666666666666,34.1,16.7
2025,12,00-0039139,Jahmyr Gibbs,RB,DET,68.0,67.0,65.0,75.0,68.1,100.0,53.0,32.25,50.5,14.0,NYG,21.2,17.0,0.6450336700336701,3.0,25.854545454545452,55.4
2025,12,00-0039144,Luke Musgrave,TE,GB,24.0,18.0,9.0,0.0,72.9,65.0,57.0,24.0,41.5,6.5,MIN,4.2,2.6666666666666665,0.08554112554112554,0.0,15.64,1.7
2025,12,00-0039150,Bryce Young,QB,CAR,66.0,41.0,25.0,57.0,61.0,50.0,55.0,20.5,48.5,-7.5,SF,13.453333333333333,31.666666666666668,0.06252086078173034,7.666666666666667,20.007272727272728,12.26
2025,12,00-0039165,Zach Charbonnet,RB,SEA,48.0,28.0,35.0,58.0,77.7,78.0,48.0,27.0,41.5,12.5,TEN,8.866666666666667,12.0,0.3470841959972395,2.3333333333333335,24.41,9.5
2025,12,00-0039338,Brock Bowers,TE,LV,91.0,85.0,29.0,100.0,50.8,45.0,42.0,19.25,35.5,3.0,CLE,20.4,10.0,0.28747638326585695,2.3333333333333335,11.680000000000001,11.5
2025,12,00-0039342,Xavier Legette,WR,CAR,33.0,34.0,13.0,33.0,39.7,50.0,65.0,20.5,48.5,-7.5,SF,7.166666666666667,4.0,0.1277303931766174,0.6666666666666666,35.6,5.2
2025,12,00-0039356,Ja'Tavion Sanders,TE,CAR,30.0,22.0,12.0,33.0,53.6,50.0,56.0,20.5,48.5,-7.5,SF,5.3,3.3333333333333335,0.12031065806809514,0.6666666666666666,15.572727272727274,1.6
2025,12,00-0039359,Cade Stover,TE,HOU,36.0,26.0,15.0,0.0,56.8,44.0,20.0,19.0,43.5,-5.5,BUF,6.2,4.0,0.14814814814814814,0.0,5.82,0.0
2025,12,00-0039384,Tyrone Tracy Jr.,RB,NYG,64.0,35.0,51.0,17.0,66.5,41.0,20.0,18.25,50.5,-14.0,DET,10.9,16.0,0.5100643130815544,0.6666666666666666,16.57,16.0
2025,12,00-0039407,Dylan Laube,RB,LV,0.0,0.0,0.0,0.0,56.8,45.0,26.0,19.25,35.5,3.0,CLE,0.0,0.0,0.0,0.0,18.118000000000002,0.0
2025,12,00-0039410,Ryan Flournoy,WR,DAL,14.0,29.0,5.0,33.0,67.3,58.0,41.0,22.25,47.5,-3.0,PHI,6.033333333333332,1.6666666666666667,0.04798280423280423,0.6666666666666666,30.07,0.0
2025,12,00-0039424,Devaughn Vele,WR,NO,28.0,12.0,9.0,0.0,76.2,55.0,48.0,21.5,41.5,1.5,ATL,2.6,3.3333333333333335,0.09330024813895782,0.0,31.639999999999997,6.7
2025,12,00-0039451,Isaiah Williams,WR,NYJ,31.0,18.0,15.0,0.0,51.8,28.0,69.0,15.25,44.5,-14.0,BAL,3.8666666666666667,3.6666666666666665,0.1484758639931054,0.0,36.589999999999996,0.0
2025,12,00-0039491,Jalen Coker,WR,CAR,25.0,26.0,11.0,17.0,56.3,50.0,65.0,20.5,48.5,-7.5,SF,5.3999999999999995,3.0,0.10581790444490674,0.3333333333333333,35.6,6.2
2025,12,00-0039521,Xavier Weaver,WR,ARI,11.0,6.0,3.0,17.0,31.2,59.0,53.0,22.5,47.5,-2.5,JAC,1.1666666666666667,1.3333333333333333,0.02619047619047619,0.3333333333333333,32.83,1.9
2025,12,00-0039530,Brevyn Spann-Ford,TE,DAL,6.0,5.0,2.0,17.0,38.2,58.0,25.0,22.25,47.5,-3.0,PHI,1.0999999999999999,0.6666666666666666,0.01994047619047619,0.3333333333333333,7.220000000000001,7.4
2025,12,00-0039577,Kedon Slovis,QB,ARI,2.0,0.0,0.0,0.0,56.8,59.0,65.0,22.5,47.5,-2.5,JAC,0.0,1.0,0.0,0.0,21.962,-0.08
2025,12,00-0039589,Kameron Johnson,WR,TB,6.0,2.0,2.0,0.0,31.2,54.0,41.0,21.25,49.5,-7.0,LA,0.3666666666666667,0.6666666666666666,0.023624953857511996,0.0,30.1,0.0
2025,12,00-0039603,British Brooks,RB,HOU,5.0,2.0,4.0,17.0,35.8,44.0,59.0,19.0,43.5,-5.5,BUF,0.5,1.3333333333333333,0.04401154401154401,0.6666666666666666,27.55,0.0
2025,12,00-0039623,Mason Tipton,WR,NO,6.0,0.0,2.0,17.0,45.2,55.0,48.0,21.5,41.5,1.5,ATL,0.0,0.6666666666666666,0.01741935483870968,0.3333333333333333,31.639999999999997,6.3
2025,12,00-0039738,Blake Corum,RB,LA,48.0,14.0,39.0,50.0,76.5,83.0,50.0,28.25,49.5,7.0,TB,4.3,12.0,0.3911231174797066,2.0,24.97,2.4
2025,12,00-0039739,Roman Wilson,WR,PIT,19.0,25.0,8.0,17.0,59.9,56.0,61.0,21.75,46.5,-3.0,CHI,5.2,2.3333333333333335,0.07775041050903118,0.3333333333333333,34.739999999999995,0.0
2025,12,00-0039746,Will Shipley,RB,PHI,13.0,8.0,11.0,0.0,38.2,70.0,50.0,25.25,47.5,3.0,DAL,2.4333333333333336,3.3333333333333335,0.11299697744710531,0.0,25.0,0.0
2025,12,00-0039751,Jordan Whittington,WR,LA,25.0,16.0,10.0,0.0,61.0,83.0,58.0,28.25,49.5,7.0,TB,3.3666666666666667,3.0,0.10403177069843737,0.0,34.1,4.7
2025,12,00-0039757,Terrell Jennings,RB,NE,24.0,14.0,19.0,25.0,36.9,86.0,80.0,29.0,50.5,7.5,CIN,4.466666666666667,6.0,0.1914462081128748,1.0,33.658,0.0
2025,12,00-0039792,Devontez Walker,WR,BAL,3.0,7.0,1.0,0.0,31.2,87.0,43.0,29.25,44.5,14.0,NYJ,1.4666666666666668,0.3333333333333333,0.011904761904761904,0.0,30.57,4.0
2025,12,00-0039793,AJ Barner,TE,SEA,61.0,40.0,19.0,33.0,37.5,78.0,43.0,27.0,41.5,12.5,TEN,9.633333333333335,6.666666666666667,0.19028640441683922,0.6666666666666666,11.879999999999999,3.8
2025,12,00-0039798,Isaiah Davis,RB,NYJ,25.0,20.0,22.0,25.0,43.2,28.0,46.0,15.25,44.5,-14.0,BAL,6.366666666666667,6.333333333333333,0.2177704246669764,1.0,23.86,0.7
2025,12,00-0039816,Anthony Gould,WR,IND,3.0,2.0,1.0,0.0,31.2,63.0,26.0,23.5,50.5,-3.5,KC,0.43333333333333335,0.3333333333333333,0.010416666666666666,0.0,26.580000000000002,0.0
2025,12,00-0039847,Theo Johnson,TE,NYG,55.0,46.0,19.0,33.0,75.8,41.0,45.0,18.25,50.5,-14.0,DET,10.933333333333332,6.0,0.19181034482758622,0.6666666666666666,12.58,10.7
2025,12,00-0039851,Drake Maye,QB,NE,79.0,57.0,87.0,45.0,94.0,86.0,68.0,29.0,50.5,7.5,CIN,18.633333333333333,37.666666666666664,0.2166105499438833,6.0,22.407999999999998,17.96
2025,12,00-0039875,Ray Davis,RB,BUF,5.0,1.0,5.0,0.0,31.2,67.0,29.0,24.5,43.5,5.5,HOU,0.26666666666666666,1.3333333333333333,0.0473970473970474,0.0,19.05,0.0
2025,12,00-0039890,Adonai Mitchell,WR,NYJ,22.0,6.0,10.0,17.0,34.4,28.0,69.0,15.25,44.5,-14.0,BAL,1.2333333333333334,2.6666666666666665,0.09577228327228327,0.3333333333333333,36.589999999999996,6.2
2025,12,00-0039894,Xavier Worthy,WR,KC,56.0,35.0,21.0,17.0,77.4,78.0,63.0,27.0,50.5,3.5,IND,7.266666666666667,6.666666666666667,0.2088027933707565,0.3333333333333333,35.33,9.9
2025,12,00-0039916,Ricky Pearsall,WR,SF,50.0,47.0,18.0,17.0,43.0,82.0,22.0,28.0,48.5,7.5,CAR,9.766666666666666,6.0,0.1771042141886132,0.3333333333333333,25.69090909090909,2.8
2025,12,00-0039918,Caleb Williams,QB,CHI,83.0,75.0,70.0,40.0,78.6,68.0,59.0,24.75,46.5,3.0,PIT,24.706666666666667,39.666666666666664,0.17447117447117444,5.333333333333333,20.75,23.66
2025,12,00-0039919,Rome Odunze,WR,CHI,53.0,42.0,19.0,67.0,49.5,68.0,80.0,24.75,46.5,3.0,PIT,8.9,6.333333333333333,0.1934329287270464,1.3333333333333333,39.21,8.3
2025,12,00-0039920,Malachi Corley,WR,CLE,17.0,15.0,8.0,0.0,69.5,32.0,76.0,16.25,35.5,-3.0,LV,3.0666666666666664,2.0,0.07875,0.0,38.269999999999996,1.2
2025,12,00-0039923,J.J. McCarthy,QB,MIN,79.0,50.0,78.0,48.0,81.7,38.0,32.0,17.5,41.5,-6.5,GB,16.546666666666667,37.666666666666664,0.1960408684546616,6.333333333333333,15.656,4.48
2025,12,00-0040009,Savion Williams,WR,GB,17.0,15.0,7.0,17.0,74.1,65.0,27.0,24.0,41.5,6.5,MIN,3.233333333333333,2.0,0.06591630591630591,0.3333333333333333,26.74,0.0
2025,12,00-0040024,Darius Cooper,WR,PHI,0.0,0.0,0.0,0.0,56.8,70.0,78.0,25.25,47.5,3.0,DAL,0.0,0.0,0.0,0.0,38.64,2.7
2025,12,00-0040075,LaJohntay Wester,WR,BAL,0.0,0.0,0.0,0.0,56.8,87.0,43.0,29.25,44.5,14.0,NYJ,0.0,0.0,0.0,0.0,30.57,0.0
2025,12,00-0040078,Brashard Smith,RB,KC,13.0,5.0,12.0,17.0,56.6,78.0,33.0,27.0,50.5,3.5,IND,1.4333333333333333,3.3333333333333335,0.11808340016038492,0.6666666666666666,20.15,6.6
2025,12,00-0040122,Ashton Jeanty,RB,LV,75.0,47.0,83.0,50.0,79.1,45.0,26.0,19.25,35.5,3.0,CLE,14.866666666666667,18.666666666666668,0.8269725596041385,2.0,18.118000000000002,24.8
2025,12,00-0040124,Tetairoa McMillan,WR,CAR,72.0,84.0,31.0,83.0,66.5,50.0,65.0,20.5,48.5,-7.5,SF,17.533333333333335,8.666666666666666,0.312114277789335,1.6666666666666667,35.6,11.5
2025,12,00-0040126,Colston Loveland,TE,CHI,45.0,65.0,15.0,50.0,62.5,68.0,60.0,24.75,46.5,3.0,PIT,15.433333333333332,5.0,0.15328353563647681,1.0,16.63,14.9
2025,12,00-0040128,Tyler Warren,TE,IND,67.0,49.0,24.0,67.0,68.2,63.0,37.0,23.5,50.5,-3.5,KC,11.6,7.333333333333333,0.23634004884004886,1.3333333333333333,10.440000000000001,9.5
2025,12,00-0040129,Emeka Egbuka,WR,TB,86.0,62.0,34.0,67.0,71.8,54.0,41.0,21.25,49.5,-7.0,LA,13.0,10.333333333333334,0.33688630490956073,1.3333333333333333,30.1,6.2
2025,12,00-0040130,Jayden Higgins,WR,HOU,42.0,41.0,12.0,50.0,48.2,44.0,39.0,19.0,43.5,-5.5,BUF,8.7,5.0,0.11991064491064492,1.0,29.65,13.8
2025,12,00-0040131,Kyle Williams,WR,NE,17.0,23.0,7.0,0.0,52.0,86.0,38.0,29.0,50.5,7.5,CIN,4.733333333333333,2.0,0.06519629795491864,0.0,29.348000000000003,2.8
2025,12,00-0040138,Jaylin Noel,WR,HOU,17.0,15.0,5.0,17.0,34.0,44.0,39.0,19.0,43.5,-5.5,BUF,3.133333333333333,2.0,0.05054112554112553,0.3333333333333333,29.65,1.9
2025,12,00-0040154,Tai Felton,WR,MIN,0.0,0.0,0.0,0.0,56.8,38.0,39.0,17.5,41.5,-6.5,GB,0.0,0.0,0.0,0.0,29.57,0.0
2025,12,00-0040162,Dylan Sampson,RB,CLE,19.0,11.0,18.0,0.0,38.0,32.0,37.0,16.25,35.5,-3.0,LV,3.5666666666666664,4.666666666666667,0.18102272727272728,0.0,21.419999999999998,16.2
2025,12,00-0040187,Mitchell Evans,TE,CAR,18.0,13.0,6.0,17.0,54.1,50.0,56.0,20.5,48.5,-7.5,SF,3.0666666666666664,2.0,0.06190233329083259,0.3333333333333333,15.572727272727274,0.0
2025,12,00-0040194,Jackson Hawes,TE,BUF,21.0,22.0,9.0,17.0,65.3,67.0,36.0,24.5,43.5,5.5,HOU,5.3,2.3333333333333335,0.08723894463024899,0.3333333333333333,10.02,4.6
2025,12,00-0040202,Devin Neal,RB,NO,19.0,13.0,18.0,8.0,58.8,55.0,52.0,21.5,41.5,1.5,ATL,4.133333333333334,4.666666666666667,0.17981503481503483,0.3333333333333333,25.7,11.1
2025,12,00-0040208,Tahj Brooks,RB,CIN,3.0,1.0,4.0,0.0,35.1,55.0,20.0,21.5,50.5,-7.5,NE,0.19999999999999998,0.6666666666666666,0.03737373737373737,0.0,16.436363636363637,0.5
2025,12,00-0040218,Jimmy Horn Jr.,WR,CAR,25.0,8.0,11.0,17.0,78.8,50.0,65.0,20.5,48.5,-7.5,SF,1.7333333333333334,3.0,0.11425564243531322,0.3333333333333333,35.6,2.1
2025,12,00-0040236,Kyle Monangai,RB,CHI,69.0,45.0,49.0,100.0,57.1,68.0,31.0,24.75,46.5,3.0,PIT,14.1,17.333333333333332,0.4903152991388286,4.0,19.53,10.8
2025,12,00-0040237,Tez Johnson,WR,TB,47.0,49.0,18.0,67.0,62.9,54.0,41.0,21.25,49.5,-7.0,LA,10.366666666666667,5.666666666666667,0.18477108593387662,1.3333333333333333,30.1,12.3
2025,12,00-0040238,LeQuint Allen Jr.,RB,JAC,15.0,8.0,9.0,17.0,47.0,69.0,45.0,25.0,47.5,2.5,ARI,2.4333333333333336,3.6666666666666665,0.08926786031318872,0.6666666666666666,23.5,0.2
2025,12,00-0040259,Gage Larvadain,WR,CLE,6.0,0.0,3.0,0.0,34.0,32.0,76.0,16.25,35.5,-3.0,LV,0.09999999999999999,0.6666666666666666,0.03416666666666667,0.0,38.269999999999996,0.0
2025,12,00-0040506,Myles Price,WR,MIN,0.0,0.0,0.0,0.0,56.8,38.0,39.0,17.5,41.5,-6.5,GB,0.0,0.0,0.0,0.0,29.57,0.0
2025,12,00-0040534,Ke'Shawn Williams,WR,PIT,0.0,0.0,0.0,0.0,56.8,56.0,61.0,21.75,46.5,-3.0,CHI,0.0,0.0,0.0,0.0,34.739999999999995,0.0
2025,12,00-0040581,Dont'e Thornton Jr.,WR,LV,19.0,2.0,10.0,0.0,55.2,45.0,30.0,19.25,35.5,3.0,CLE,0.4666666666666666,2.3333333333333335,0.1040087145969499,0.0,27.45,2.4
2025,12,00-0040582,Arian Smith,WR,NYJ,14.0,9.0,5.0,0.0,46.9,28.0,69.0,15.25,44.5,-14.0,BAL,1.8666666666666665,1.6666666666666667,0.05385332749070235,0.0,36.589999999999996,0.8
2025,12,00-0040583,Woody Marks,RB,HOU,65.0,26.0,65.0,67.0,64.6,44.0,59.0,19.0,43.5,-5.5,BUF,8.3,16.333333333333332,0.6487400280878542,2.6666666666666665,27.55,7.9
2025,12,00-0040584,Gunnar Helm,TE,TEN,27.0,27.0,9.0,33.0,57.5,25.0,60.0,14.5,41.5,-12.5,SEA,6.566666666666667,3.0,0.0891963391963392,0.6666666666666666,16.47,11.1
2025,12,00-0040590,Konata Mumpfield,WR,LA,14.0,15.0,6.0,17.0,55.8,83.0,58.0,28.25,49.5,7.0,TB,3.0666666666666664,1.6666666666666667,0.05534987887929064,0.3333333333333333,34.1,4.5
2025,12,00-0040644,Trevor Etienne,RB,CAR,1.0,0.0,1.0,0.0,31.2,50.0,43.0,20.5,48.5,-7.5,SF,0.06666666666666667,0.3333333333333333,0.013333333333333334,0.0,23.036363636363635,0.0
2025,12,00-0040663,Harold Fannin Jr.,TE,CLE,64.0,44.0,24.0,50.0,71.2,32.0,34.0,16.25,35.5,-3.0,LV,10.466666666666667,7.0,0.24122474747474745,1.0,9.55,8.4
2025,12,00-0040668,Shedeur Sanders,QB,CLE,40.0,11.0,48.0,0.0,56.8,32.0,50.0,16.25,35.5,-3.0,LV,3.48,19.0,0.12,0.0,19.17,12.26
2025,12,00-0040669,Isaac TeSlaa,WR,DET,8.0,3.0,3.0,17.0,69.2,100.0,67.0,32.25,50.5,14.0,NYG,0.7000000000000001,1.0,0.03158068783068783,0.3333333333333333,36.199999999999996,0.0
2025,12,00-0040676,Cam Ward,QB,TEN,72.0,37.0,48.0,27.0,80.0,25.0,43.0,14.5,41.5,-12.5,SEA,12.073333333333332,34.333333333333336,0.120577915376677,3.6666666666666665,17.887999999999998,23.94
2025,12,00-0040705,Chimere Dike,WR,TEN,42.0,34.0,16.0,33.0,46.8,25.0,34.0,14.5,41.5,-12.5,SEA,7.099999999999999,5.0,0.1608022308022308,0.6666666666666666,28.53,15.4
2025,12,00-0040719,Bhayshul Tuten,RB,JAC,41.0,26.0,27.0,100.0,62.3,69.0,45.0,25.0,47.5,2.5,ARI,8.333333333333334,10.333333333333334,0.26628078354874535,4.0,23.5,1.7
2025,12,00-0040734,TreVeyon Henderson,RB,NE,79.0,77.0,68.0,100.0,77.1,86.0,80.0,29.0,50.5,7.5,CIN,24.333333333333332,19.666666666666668,0.6822494236287339,4.0,33.658,11.1
2025,12,00-0040735,Luther Burden III,WR,CHI,25.0,23.0,10.0,0.0,48.9,68.0,80.0,24.75,46.5,3.0,PIT,4.9,3.0,0.09682539682539683,0.0,39.21,9.1
2025,12,00-0040736,Mason Taylor,TE,NYJ,42.0,32.0,20.0,83.0,53.7,28.0,42.0,15.25,44.5,-14.0,BAL,7.6000000000000005,4.666666666666667,0.20384213487661765,1.6666666666666667,11.7,5.1
2025,12,00-0040737,Terrance Ferguson,TE,LA,30.0,30.0,10.0,0.0,81.3,83.0,41.0,28.25,49.5,7.0,TB,7.233333333333334,3.3333333333333335,0.10177678109366912,0.0,11.39,0.0
2025,12,00-0040739,Elijah Arroyo,TE,SEA,15.0,17.0,7.0,0.0,58.0,78.0,43.0,27.0,41.5,12.5,TEN,4.133333333333334,1.6666666666666667,0.07142857142857141,0.0,11.879999999999999,1.5
2025,12,00-0040743,Tyler Shough,QB,NO,62.0,37.0,51.0,27.0,78.3,55.0,44.0,21.5,41.5,1.5,ATL,12.18,29.666666666666668,0.12651222651222652,3.6666666666666665,17.964,11.92
2025,12,00-0040782,Isaiah Bond,WR,CLE,31.0,6.0,10.0,17.0,53.0,32.0,76.0,16.25,35.5,-3.0,LV,1.2333333333333334,3.6666666666666665,0.09975044563279857,0.3333333333333333,38.269999999999996,7.8
2025,12,00-0040784,Quinshon Judkins,RB,CLE,75.0,22.0,73.0,42.0,76.5,32.0,37.0,16.25,35.5,-3.0,LV,7.033333333333332,18.666666666666668,0.7315530303030303,1.6666666666666667,21.419999999999998,16.7
2025,13,00-0023459,Aaron Rodgers,QB,PIT,53.0,39.0,17.0,44.0,80.3,54.0,29.0,20.75,44.5,-3.0,BUF,10.666666666666666,28.0,0.04312354312354313,5.666666666666667,15.167272727272728,4.68
2025,13,00-0026498,Matthew Stafford,QB,LA,64.0,77.0,13.0,49.0,84.9,87.0,34.0,27.25,44.5,10.0,CAR,21.006666666666668,34.0,0.03333333333333333,6.333333333333333,16.098333333333333,17.62
2025,13,00-0028118,Tyrod Taylor,QB,NYJ,64.0,51.0,92.0,23.0,73.1,39.0,40.0,17.75,38.5,-3.0,ATL,13.866666666666667,34.0,0.23004459308807135,3.0,17.414545454545454,21.28
2025,13,00-0029604,Kirk Cousins,QB,ATL,46.0,31.0,30.0,8.0,59.9,54.0,41.0,20.75,38.5,3.0,NYJ,8.566666666666668,24.333333333333332,0.07410895392639814,1.0,17.57090909090909,13.36
2025,13,00-0030061,Zach Ertz,TE,WSH,50.0,36.0,23.0,33.0,85.2,43.0,45.0,18.5,43.5,-6.5,DEN,8.733333333333334,5.666666666666667,0.231203662238145,0.6666666666666666,12.745454545454544,20.6
2025,13,00-0030279,Keenan Allen,WR,LAC,40.0,25.0,20.0,17.0,80.5,77.0,66.0,25.25,40.5,10.0,LV,6.433333333333334,5.333333333333333,0.19556677890011223,0.3333333333333333,36.190909090909095,7.0
2025,13,00-0030506,Travis Kelce,TE,KC,74.0,60.0,21.0,50.0,63.4,94.0,48.0,28.5,53.5,3.5,DAL,14.366666666666667,8.333333333333334,0.21288816737405547,1.0,13.572727272727274,15.5
2025,13,00-0030564,DeAndre Hopkins,WR,BAL,27.0,12.0,15.0,33.0,86.6,100.0,34.0,29.75,52.5,7.0,CIN,3.0,3.6666666666666665,0.15095238095238095,0.6666666666666666,28.625454545454545,4.5
2025,13,00-0030565,Geno Smith,QB,LV,77.0,46.0,79.0,33.0,79.2,26.0,27.0,15.25,40.5,-10.0,LAC,12.513333333333334,40.666666666666664,0.19873015873015873,4.333333333333333,14.80909090909091,14.0
2025,13,00-0031236,Brandin Cooks,WR,BUF,20.0,13.0,8.0,0.0,58.7,69.0,80.0,23.75,44.5,3.0,PIT,3.366666666666667,2.6666666666666665,0.07908602150537634,0.0,39.5,2.3
2025,13,00-0031381,Davante Adams,WR,LA,60.0,64.0,26.0,100.0,82.7,87.0,20.0,27.25,44.5,10.0,CAR,16.666666666666668,8.0,0.2556281771968047,2.0,25.191666666666666,21.8
2025,13,00-0031588,Stefon Diggs,WR,NE,55.0,50.0,23.0,17.0,59.1,85.0,66.0,26.75,46.5,7.0,NYG,13.033333333333333,7.333333333333333,0.23336816440264715,0.3333333333333333,36.15,5.6
2025,13,00-0031610,Darren Waller,TE,MIA,24.0,39.0,8.0,33.0,33.3,68.0,48.0,23.5,41.5,5.5,NO,9.333333333333334,2.6666666666666665,0.08498780912574017,0.6666666666666666,13.563636363636363,6.7
2025,13,00-0031687,Raheem Mostert,RB,LV,13.0,10.0,14.0,0.0,67.1,26.0,41.0,15.25,40.5,-10.0,LAC,3.6,3.3333333333333335,0.13899877899877902,0.0,21.654545454545453,0.6
2025,13,00-0032104,Ameer Abdullah,RB,IND,5.0,3.0,5.0,0.0,47.5,69.0,35.0,23.75,44.5,3.0,HOU,1.0999999999999999,1.3333333333333333,0.0490361639555188,0.0,20.163636363636364,0.0
2025,13,00-0032211,Tyler Lockett,WR,LV,35.0,33.0,15.0,0.0,74.9,26.0,22.0,15.25,40.5,-10.0,LAC,8.633333333333333,4.666666666666667,0.1453235653235653,0.0,25.65636363636364,2.1
2025,13,00-0032268,Marcus Mariota,QB,WSH,62.0,63.0,94.0,38.0,90.2,43.0,23.0,18.5,43.5,-6.5,DEN,17.153333333333332,33.0,0.2354657687991021,5.0,13.943636363636363,25.26
2025,13,00-0032385,Sterling Shepard,WR,TB,40.0,26.0,17.0,33.0,78.6,73.0,41.0,24.5,44.5,4.5,ARI,6.8,5.333333333333333,0.17091961227995234,0.6666666666666666,30.09090909090909,1.5
2025,13,00-0032764,Derrick Henry,RB,BAL,85.0,48.0,69.0,100.0,87.2,100.0,80.0,29.75,52.5,7.0,CIN,18.133333333333333,22.0,0.6867818238406472,5.666666666666667,31.78909090909091,17.4
2025,13,00-0032775,Demarcus Robinson,WR,SF,18.0,13.0,8.0,0.0,54.1,53.0,26.0,20.5,35.5,5.5,CLE,3.5,2.3333333333333335,0.07543820994907952,0.0,26.62727272727273,0.6
2025,13,00-0032951,Laquon Treadwell,WR,IND,0.0,0.0,0.0,0.0,56.8,69.0,21.0,23.75,44.5,3.0,HOU,0.0,0.0,0.0,0.0,25.336363636363636,0.0
2025,13,00-0033077,Dak Prescott,QB,DAL,76.0,89.0,64.0,82.0,89.7,76.0,39.0,25.0,53.5,-3.5,KC,24.26,40.333333333333336,0.16026625704045058,10.666666666666666,17.214545454545455,20.6
2025,13,00-0033090,Hunter Henry,TE,NE,59.0,48.0,21.0,83.0,53.4,85.0,42.0,26.75,46.5,7.0,NYG,11.633333333333333,6.666666666666667,0.2075931731104145,1.6666666666666667,11.88,11.3
2025,13,00-0033106,Jared Goff,QB,DET,71.0,71.0,7.0,41.0,87.4,78.0,26.0,25.5,48.5,2.5,GB,19.353333333333335,37.666666666666664,0.016666666666666666,5.333333333333333,14.639999999999999,20.64
2025,13,00-0033119,Jacoby Brissett,QB,ARI,100.0,80.0,62.0,100.0,91.8,50.0,63.0,20.0,44.5,-4.5,TB,21.993333333333336,53.0,0.15559006211180124,13.0,21.900000000000002,21.64
2025,13,00-0033280,Christian McCaffrey,RB,SF,92.0,71.0,82.0,83.0,81.9,53.0,31.0,20.5,35.5,5.5,CLE,26.633333333333336,24.0,0.8242991180948848,3.3333333333333335,19.180000000000003,17.4
2025,13,00-0033288,George Kittle,TE,SF,74.0,86.0,27.0,100.0,82.6,53.0,45.0,20.5,35.5,5.5,CLE,20.633333333333333,8.333333333333334,0.2722042694868782,2.0,12.572727272727274,10.7
2025,13,00-0033293,Aaron Jones,RB,MIN,64.0,32.0,74.0,17.0,79.2,25.0,31.0,15.0,42.5,-12.5,SEA,11.899999999999999,16.666666666666668,0.7444454709698612,0.6666666666666666,19.145454545454545,6.5
2025,13,00-0033307,Kendrick Bourne,WR,SF,18.0,20.0,9.0,0.0,60.5,53.0,26.0,20.5,35.5,5.5,CLE,5.233333333333333,2.3333333333333335,0.08673205224929363,0.0,26.62727272727273,0.0
2025,13,00-0033357,Taysom Hill,TE,NO,65.0,9.0,29.0,0.0,64.3,40.0,60.0,18.0,41.5,-5.5,MIA,2.2333333333333334,7.333333333333333,0.29016929016929016,0.0,16.972727272727273,1.7
2025,13,00-0033375,Tim Patrick,WR,JAC,22.0,18.0,12.0,50.0,46.1,72.0,69.0,24.25,42.5,6.0,TEN,4.733333333333333,3.0,0.11515151515151516,1.0,36.77272727272727,2.1
2025,13,00-0033526,Samaje Perine,RB,CIN,23.0,18.0,26.0,25.0,41.9,64.0,47.0,22.75,52.5,-7.0,BAL,6.866666666666667,6.0,0.26420729029424683,1.0,23.2,7.4
2025,13,00-0033555,Mack Hollins,WR,NE,52.0,41.0,23.0,17.0,66.9,85.0,66.0,26.75,46.5,7.0,NYG,10.666666666666666,7.0,0.22605363984674332,0.3333333333333333,36.15,5.3
2025,13,00-0033572,Jamal Agnew,WR,ATL,0.0,0.0,0.0,0.0,56.8,54.0,38.0,20.75,38.5,3.0,NYJ,0.0,0.0,0.0,0.0,29.536363636363635,0.0
2025,13,00-0033854,Dare Ogunbowale,RB,HOU,3.0,3.0,2.0,0.0,41.3,54.0,39.0,20.75,44.5,-3.0,IND,1.0333333333333332,0.6666666666666666,0.01688034188034188,0.0,21.254545454545454,0.0
2025,13,00-0033857,JuJu Smith-Schuster,WR,KC,8.0,4.0,3.0,17.0,34.4,94.0,78.0,28.5,53.5,3.5,DAL,1.0,1.0,0.026998128842555466,0.3333333333333333,39.11818181818182,0.0
2025,13,00-0033858,Jonnu Smith,TE,PIT,26.0,10.0,10.0,17.0,54.0,54.0,20.0,20.75,44.5,-3.0,BUF,2.4000000000000004,3.0,0.09810371312039833,0.3333333333333333,5.454545454545454,1.6
2025,13,00-0033873,Patrick Mahomes,QB,KC,82.0,52.0,29.0,62.0,87.7,94.0,80.0,28.5,53.5,3.5,DAL,14.306666666666667,43.666666666666664,0.0729965156794425,8.0,25.274545454545454,29.44
2025,13,00-0033881,Evan Engram,TE,DEN,38.0,15.0,14.0,33.0,58.6,76.0,51.0,25.0,43.5,6.5,WSH,3.5,4.333333333333333,0.14253393665158373,0.6666666666666666,14.345454545454544,13.9
2025,13,00-0033885,David Njoku,TE,CLE,26.0,35.0,10.0,33.0,56.7,25.0,51.0,15.0,35.5,-5.5,SF,8.5,3.0,0.09800505050505053,0.6666666666666666,14.408333333333333,2.4
2025,13,00-0033908,Cooper Kupp,WR,SEA,32.0,24.0,16.0,17.0,72.8,89.0,24.0,27.5,42.5,12.5,MIN,6.366666666666667,4.333333333333333,0.16444444444444442,0.3333333333333333,26.072727272727274,5.4
2025,13,00-0033921,Chris Godwin Jr.,WR,TB,45.0,18.0,17.0,33.0,68.5,73.0,41.0,24.5,44.5,4.5,ARI,4.7,6.0,0.17014750482492416,0.6666666666666666,30.09090909090909,10.8
2025,13,00-0033923,Kareem Hunt,RB,KC,78.0,42.0,80.0,100.0,72.4,94.0,50.0,28.5,53.5,3.5,DAL,15.9,20.333333333333332,0.7985077775511402,5.0,24.10909090909091,9.0
2025,13,00-0033955,Jeremy McNichols,RB,WSH,17.0,8.0,15.0,25.0,46.2,43.0,26.0,18.5,43.5,-6.5,DEN,2.9333333333333336,4.333333333333333,0.14953171562366965,1.0,17.89090909090909,5.0
2025,13,00-0034073,Ross Dwelley,TE,DET,4.0,0.0,2.0,0.0,41.8,78.0,48.0,25.5,48.5,2.5,GB,0.0,0.5,0.015625,0.0,13.563636363636363,1.3
2025,13,00-0034348,Courtland Sutton,WR,DEN,45.0,32.0,19.0,33.0,78.8,76.0,69.0,25.0,43.5,6.5,WSH,8.433333333333334,6.0,0.1885369532428356,0.6666666666666666,36.92727272727273,17.2
2025,13,00-0034351,Dallas Goedert,TE,PHI,38.0,23.0,17.0,0.0,65.1,77.0,54.0,25.25,43.5,7.0,CHI,5.566666666666667,4.333333333333333,0.16720343531937734,0.0,15.154545454545454,4.7
2025,13,00-0034365,Ian Thomas,TE,LV,18.0,17.0,5.0,0.0,43.9,26.0,35.0,15.25,40.5,-10.0,LAC,4.166666666666667,2.0,0.04906497011760169,0.0,9.681818181818182,1.8
2025,13,00-0034383,Dalton Schultz,TE,HOU,71.0,43.0,21.0,67.0,61.0,54.0,58.0,20.75,44.5,-3.0,IND,10.4,8.0,0.20595238095238097,1.3333333333333333,16.318181818181817,12.5
2025,13,00-0034418,Cedrick Wilson Jr.,WR,MIA,8.0,6.0,3.0,25.0,89.9,68.0,40.0,23.5,41.5,5.5,NO,1.45,1.0,0.032744282744282746,0.5,30.072727272727274,2.6
2025,13,00-0034521,Allen Lazard,WR,NYJ,20.0,9.0,9.0,17.0,76.2,39.0,47.0,17.75,38.5,-3.0,ATL,2.3333333333333335,2.6666666666666665,0.09370810872479392,0.3333333333333333,31.61818181818182,2.0
2025,13,00-0034613,Tanner Hudson,TE,CIN,18.0,18.0,5.0,0.0,64.8,64.0,40.0,22.75,52.5,-7.0,BAL,4.433333333333334,2.0,0.05025976202446791,0.0,11.1,8.4
2025,13,00-0034753,Mark Andrews,TE,BAL,47.0,39.0,21.0,67.0,73.2,100.0,80.0,29.75,52.5,7.0,CIN,9.4,5.333333333333333,0.20690943043884222,1.3333333333333333,22.772727272727273,8.7
2025,13,00-0034771,Mason Rudolph,QB,PIT,34.0,25.0,31.0,15.0,39.2,54.0,29.0,20.75,44.5,-3.0,BUF,6.84,18.0,0.07710622710622711,2.0,15.167272727272728,0.0
2025,13,00-0034791,Nick Chubb,RB,HOU,23.0,9.0,23.0,8.0,70.3,54.0,39.0,20.75,44.5,-3.0,IND,3.466666666666667,6.0,0.23230609969740404,0.3333333333333333,21.254545454545454,9.4
2025,13,00-0034796,Lamar Jackson,QB,BAL,61.0,37.0,79.0,64.0,84.0,100.0,64.0,29.75,52.5,7.0,CIN,10.193333333333333,32.333333333333336,0.19640522875816993,8.333333333333334,22.003636363636364,12.54
2025,13,00-0034827,DJ Moore,WR,CHI,38.0,34.0,16.0,33.0,55.0,42.0,47.0,18.25,43.5,-7.0,PHI,8.833333333333334,5.0,0.15907610907610908,0.6666666666666666,31.636363636363637,4.7
2025,13,00-0034829,Mike Gesicki,TE,CIN,35.0,18.0,12.0,0.0,54.0,64.0,40.0,22.75,52.5,-7.0,BAL,4.266666666666667,4.0,0.11564171122994654,0.0,11.1,3.9
2025,13,00-0034844,Saquon Barkley,RB,PHI,91.0,33.0,76.0,42.0,87.2,77.0,48.0,25.25,43.5,7.0,CHI,12.5,23.666666666666668,0.7597818193299865,1.6666666666666667,23.527272727272727,5.6
2025,13,00-0034855,Baker Mayfield,QB,TB,62.0,62.0,35.0,41.0,74.0,73.0,39.0,24.5,44.5,4.5,ARI,17.093333333333334,33.0,0.08871205422929561,5.333333333333333,17.09272727272727,14.46
2025,13,00-0034857,Josh Allen,QB,BUF,75.0,100.0,87.0,36.0,77.7,69.0,59.0,23.75,44.5,3.0,PIT,27.38,39.666666666666664,0.2170070267896355,4.666666666666667,21.014545454545456,18.72
2025,13,00-0034860,Dante Pettis,WR,NO,4.0,5.0,1.0,0.0,31.2,40.0,27.0,18.0,41.5,-5.5,MIA,1.2,0.5,0.011627906976744186,0.0,26.94545454545454,0.0
2025,13,00-0034869,Sam Darnold,QB,SEA,55.0,50.0,23.0,38.0,78.5,89.0,31.0,27.5,42.5,12.5,MIN,13.613333333333332,29.333333333333332,0.05745341614906833,5.0,15.59818181818182,5.12
2025,13,00-0034960,Jakobi Meyers,WR,JAC,38.0,43.0,20.0,50.0,74.9,72.0,69.0,24.25,42.5,6.0,TEN,11.166666666666666,5.0,0.20105401844532278,1.0,36.77272727272727,21.3
2025,13,00-0034981,Foster Moreau,TE,NO,15.0,5.0,5.0,17.0,38.1,40.0,60.0,18.0,41.5,-5.5,MIA,1.2,1.6666666666666667,0.052880143112701256,0.3333333333333333,16.972727272727273,3.3
2025,13,00-0035208,Olamide Zaccheaus,WR,CHI,32.0,27.0,13.0,33.0,38.2,42.0,47.0,18.25,43.5,-7.0,PHI,6.966666666666668,4.333333333333333,0.12657952069716774,0.6666666666666666,31.636363636363637,3.9
2025,13,00-0035229,T.J. Hockenson,TE,MIN,38.0,22.0,17.0,0.0,65.8,25.0,59.0,15.0,42.5,-12.5,SEA,5.2,4.333333333333333,0.16950090334236675,0.0,16.618181818181817,11.9
2025,13,00-0035250,Devin Singletary,RB,NYG,54.0,29.0,39.0,100.0,73.4,49.0,20.0,19.75,46.5,-7.0,NE,10.9,14.0,0.39164213861355424,4.333333333333333,16.358333333333334,19.2
2025,13,00-0035261,Tony Pollard,RB,TEN,53.0,19.0,64.0,25.0,88.7,42.0,27.0,18.25,42.5,-6.0,JAC,7.166666666666667,13.666666666666666,0.6415671531770603,1.0,18.072727272727274,7.3
2025,13,00-0035359,David Sills,WR,ATL,15.0,15.0,9.0,17.0,48.1,54.0,38.0,20.75,38.5,3.0,NYJ,3.9,2.0,0.08632183908045976,0.3333333333333333,29.536363636363635,9.5
2025,13,00-0035406,Lil'Jordan Humphrey,WR,DEN,38.0,18.0,18.0,50.0,39.9,76.0,69.0,25.0,43.5,6.5,WSH,4.75,5.0,0.18414918414918416,1.0,36.92727272727273,0.0
2025,13,00-0035500,Greg Dortch,WR,ARI,48.0,53.0,16.0,33.0,52.4,50.0,63.0,20.0,44.5,-4.5,TB,13.866666666666669,6.333333333333333,0.1632505175983437,0.6666666666666666,35.46363636363637,3.4
2025,13,00-0035535,Darius Slayton,WR,NYG,32.0,35.0,13.0,17.0,59.2,49.0,46.0,19.75,46.5,-7.0,NE,9.133333333333333,4.333333333333333,0.13419117647058823,0.3333333333333333,31.383333333333336,12.1
2025,13,00-0035537,Ty Johnson,RB,BUF,14.0,25.0,13.0,17.0,68.6,69.0,31.0,23.75,44.5,3.0,PIT,9.266666666666666,3.6666666666666665,0.12798828586872066,0.6666666666666666,19.09090909090909,5.5
2025,13,00-0035594,Travis Homer,RB,CHI,1.0,-0.0,1.0,0.0,41.8,42.0,45.0,18.25,43.5,-7.0,PHI,-0.06666666666666667,0.3333333333333333,0.008547008547008546,0.0,22.736363636363635,0.0
2025,13,00-0035602,Alex Bachman,WR,LV,0.0,0.0,0.0,0.0,56.8,26.0,22.0,15.25,40.5,-10.0,LAC,0.0,0.0,0.0,0.0,25.65636363636364,0.0
2025,13,00-0035631,Drew Sample,TE,CIN,9.0,2.0,3.0,0.0,34.5,64.0,40.0,22.75,52.5,-7.0,BAL,0.6,1.0,0.026470588235294117,0.0,11.1,2.7
2025,13,00-0035640,DK Metcalf,WR,PIT,62.0,39.0,28.0,17.0,82.8,54.0,43.0,20.75,44.5,-3.0,BUF,10.266666666666666,8.333333333333334,0.2803564807458022,0.3333333333333333,30.727272727272727,6.2
2025,13,00-0035644,Noah Fant,TE,CIN,29.0,30.0,8.0,0.0,49.5,64.0,40.0,22.75,52.5,-7.0,BAL,7.1000000000000005,3.3333333333333335,0.08330819507290095,0.0,11.1,1.3
2025,13,00-0035645,Gunner Olszewski,WR,NYG,5.0,7.0,2.0,33.0,31.2,49.0,46.0,19.75,46.5,-7.0,NE,1.7733333333333334,0.6666666666666666,0.020833333333333332,0.6666666666666666,31.383333333333336,0.0
2025,13,00-0035659,Terry McLaurin,WR,WSH,42.0,44.0,19.0,33.0,75.9,43.0,23.0,18.5,43.5,-6.5,DEN,11.533333333333333,5.666666666666667,0.1935185185185185,0.6666666666666666,25.936363636363637,22.6
2025,13,00-0035662,Marquise Brown,WR,KC,22.0,25.0,8.0,0.0,56.8,94.0,78.0,28.5,53.5,3.5,DAL,6.433333333333334,3.0,0.08473670141673349,0.0,39.11818181818182,10.0
2025,13,00-0035676,A.J. Brown,WR,PHI,60.0,52.0,27.0,83.0,54.2,77.0,56.0,25.25,43.5,7.0,CHI,13.399999999999999,8.0,0.27187332259796027,1.6666666666666667,33.86363636363637,35.2
2025,13,00-0035685,David Montgomery,RB,DET,40.0,17.0,38.0,33.0,75.0,78.0,32.0,25.5,48.5,2.5,GB,6.5,10.333333333333334,0.380840200248095,1.3333333333333333,19.509090909090908,12.8
2025,13,00-0035689,Dawson Knox,TE,BUF,32.0,20.0,11.0,17.0,83.5,69.0,59.0,23.75,44.5,3.0,PIT,4.8999999999999995,3.6666666666666665,0.10918803418803419,0.3333333333333333,16.718181818181815,5.8
2025,13,00-0035700,Josh Jacobs,RB,GB,73.0,40.0,71.0,58.0,61.4,66.0,22.0,23.0,48.5,-2.5,DET,15.233333333333334,19.0,0.7089336428466865,2.3333333333333335,16.945454545454545,10.1
2025,13,00-0035710,Daniel Jones,QB,IND,75.0,74.0,66.0,56.0,87.1,69.0,20.0,23.75,44.5,3.0,HOU,20.14,40.0,0.165097703608615,7.333333333333333,13.374545454545455,16.14
2025,13,00-0035719,Deebo Samuel Sr.,WR,WSH,52.0,55.0,28.0,100.0,78.8,43.0,23.0,18.5,43.5,-6.5,DEN,14.333333333333334,7.0,0.2823099633444461,2.0,25.936363636363637,11.1
2025,13,00-0035876,Andre Baccellia,WR,ARI,8.0,6.0,2.0,50.0,56.8,50.0,63.0,20.0,44.5,-4.5,TB,1.5,1.0,0.017857142857142856,1.0,35.46363636363637,0.0
2025,13,00-0035891,Cody White,WR,SEA,0.0,0.0,0.0,0.0,56.8,89.0,24.0,27.5,42.5,12.5,MIN,0.0,0.0,0.0,0.0,26.072727272727274,3.1
2025,13,00-0036040,Juwan Johnson,TE,NO,44.0,58.0,16.0,33.0,80.8,40.0,60.0,18.0,41.5,-5.5,MIA,13.966666666666667,5.0,0.16110117272907973,0.6666666666666666,16.972727272727273,8.9
2025,13,00-0036133,James Proche,WR,TEN,22.0,28.0,8.0,0.0,56.8,42.0,55.0,18.25,42.5,-6.0,JAC,7.2,3.0,0.07894736842105263,0.0,33.52727272727273,2.3
2025,13,00-0036139,Rico Dowdle,RB,CAR,73.0,37.0,81.0,100.0,79.8,36.0,20.0,17.25,44.5,-10.0,LA,13.9,19.0,0.8139403323461295,4.0,16.463636363636365,9.9
2025,13,00-0036165,Isaiah Hodgins,WR,NYG,45.0,44.0,19.0,50.0,95.2,49.0,46.0,19.75,46.5,-7.0,NE,11.45,6.0,0.19168356997971603,1.0,31.383333333333336,1.4
2025,13,00-0036182,Nick Westbrook-Ikhine,WR,MIA,20.0,11.0,9.0,33.0,66.1,68.0,40.0,23.5,41.5,5.5,NO,2.9,2.6666666666666665,0.09037059037059036,0.6666666666666666,30.072727272727274,0.0
2025,13,00-0036187,Reggie Gilliam,RB,BUF,1.0,1.0,1.0,0.0,37.2,69.0,31.0,23.75,44.5,3.0,PIT,0.39999999999999997,0.3333333333333333,0.010416666666666666,0.0,19.09090909090909,0.0
2025,13,00-0036196,Gabe Davis,WR,BUF,22.0,20.0,10.0,25.0,69.2,69.0,80.0,23.75,44.5,3.0,PIT,5.1,3.0,0.09791666666666667,0.5,39.5,1.5
2025,13,00-0036212,Tua Tagovailoa,QB,MIA,53.0,39.0,15.0,26.0,78.2,68.0,42.0,23.5,41.5,5.5,NO,10.733333333333334,28.0,0.038172043010752686,3.3333333333333335,17.71818181818182,6.68
2025,13,00-0036223,Jonathan Taylor,RB,IND,90.0,58.0,88.0,100.0,59.7,69.0,35.0,23.75,44.5,3.0,HOU,21.96666666666667,23.333333333333332,0.8847321071377969,4.333333333333333,20.163636363636364,15.1
2025,13,00-0036244,Colby Parkinson,TE,LA,32.0,52.0,11.0,100.0,77.3,87.0,52.0,27.25,44.5,10.0,CAR,12.533333333333333,3.6666666666666665,0.11292665214233842,2.0,14.741666666666667,6.7
2025,13,00-0036252,Michael Pittman,WR,IND,55.0,49.0,19.0,50.0,54.9,69.0,21.0,23.75,44.5,3.0,HOU,12.699999999999998,7.333333333333333,0.19499586435070304,1.0,25.336363636363636,2.3
2025,13,00-0036259,Jauan Jennings,WR,SF,55.0,56.0,24.0,67.0,83.3,53.0,26.0,20.5,35.5,5.5,CLE,14.533333333333333,7.333333333333333,0.24095426948687818,1.3333333333333333,26.62727272727273,13.9
2025,13,00-0036264,Jordan Love,QB,GB,57.0,40.0,46.0,18.0,78.8,66.0,58.0,23.0,48.5,-2.5,DET,10.853333333333333,30.333333333333332,0.114523426117629,2.3333333333333335,20.816363636363636,25.76
2025,13,00-0036275,D'Andre Swift,RB,CHI,67.0,24.0,54.0,50.0,68.0,42.0,45.0,18.25,43.5,-7.0,PHI,9.233333333333334,17.333333333333332,0.538005698005698,2.0,22.736363636363635,20.8
2025,13,00-0036290,Cole Kmet,TE,CHI,24.0,17.0,9.0,17.0,37.6,42.0,30.0,18.25,43.5,-7.0,PHI,4.1000000000000005,2.6666666666666665,0.08915343915343915,0.3333333333333333,8.245454545454546,12.6
2025,13,00-0036309,Darnell Mooney,WR,ATL,45.0,33.0,24.0,0.0,58.9,54.0,38.0,20.75,38.5,3.0,NYJ,8.499999999999998,6.0,0.2371264367816092,0.0,29.536363636363635,4.5
2025,13,00-0036322,Justin Jefferson,WR,MIN,68.0,35.0,30.0,50.0,84.5,25.0,34.0,15.0,42.5,-12.5,SEA,9.2,9.0,0.3024220867208672,1.0,28.6,2.4
2025,13,00-0036331,Devin Duvernay,WR,CHI,0.0,0.0,0.0,0.0,56.8,42.0,47.0,18.25,43.5,-7.0,PHI,0.0,0.0,0.0,0.0,31.636363636363637,0.0
2025,13,00-0036355,Justin Herbert,QB,LAC,61.0,61.0,87.0,44.0,67.2,77.0,46.0,25.25,40.5,10.0,LV,16.58,32.333333333333336,0.216263440860215,5.666666666666667,18.541818181818183,14.84
2025,13,00-0036358,CeeDee Lamb,WR,DAL,75.0,57.0,29.0,100.0,83.3,76.0,26.0,25.0,53.5,-3.5,KC,14.866666666666667,10.0,0.2887896825396825,2.0,26.536363636363635,24.2
2025,13,00-0036389,Jalen Hurts,QB,PHI,72.0,72.0,100.0,28.0,78.9,77.0,61.0,25.25,43.5,7.0,CHI,19.793333333333333,38.333333333333336,0.2619825708061002,3.6666666666666665,21.46,20.3
2025,13,00-0036407,Jerry Jeudy,WR,CLE,55.0,38.0,27.0,17.0,53.5,25.0,60.0,15.0,35.5,-5.5,SF,9.933333333333334,7.333333333333333,0.2738888888888889,0.3333333333333333,34.71666666666667,5.6
2025,13,00-0036415,Van Jefferson,WR,TEN,30.0,21.0,14.0,17.0,43.3,42.0,55.0,18.25,42.5,-6.0,JAC,5.466666666666666,4.0,0.13707880813143972,0.3333333333333333,33.52727272727273,5.0
2025,13,00-0036422,Adam Trautman,TE,DEN,12.0,10.0,4.0,0.0,63.0,76.0,51.0,25.0,43.5,6.5,WSH,2.5,1.3333333333333333,0.04223227752639517,0.0,14.345454545454544,7.7
2025,13,00-0036442,Joe Burrow,QB,CIN,36.0,29.0,17.0,27.0,74.2,64.0,45.0,22.75,52.5,-7.0,BAL,7.93,19.0,0.043478260869565216,3.5,18.32,19.24
2025,13,00-0036550,Rashod Bateman,WR,BAL,25.0,24.0,14.0,83.0,66.3,100.0,34.0,29.75,52.5,7.0,CIN,6.133333333333333,3.3333333333333335,0.14238659890833805,1.6666666666666667,28.625454545454545,0.0
2025,13,00-0036554,Nico Collins,WR,HOU,70.0,68.0,23.0,100.0,61.8,54.0,63.0,20.75,44.5,-3.0,IND,17.76666666666667,9.333333333333334,0.2326839826839827,2.6666666666666665,35.37272727272727,21.5
2025,13,00-0036555,Chuba Hubbard,RB,CAR,23.0,13.0,26.0,8.0,69.4,36.0,20.0,17.25,44.5,-10.0,LA,4.866666666666667,6.0,0.26033741352581935,0.3333333333333333,16.463636363636365,20.4
2025,13,00-0036569,Gary Brightwell,RB,CIN,0.0,0.0,0.0,0.0,56.8,64.0,47.0,22.75,52.5,-7.0,BAL,0.0,0.0,0.0,0.0,23.2,0.0
2025,13,00-0036590,Quintin Morris,TE,JAC,9.0,3.0,5.0,0.0,31.2,72.0,40.0,24.25,42.5,6.0,TEN,0.7000000000000001,1.0,0.04545454545454545,0.0,11.281818181818181,2.4
2025,13,00-0036613,Jaylen Waddle,WR,MIA,57.0,54.0,31.0,33.0,81.1,68.0,40.0,23.5,41.5,5.5,NO,13.933333333333332,7.666666666666667,0.30885885885885883,0.6666666666666666,30.072727272727274,7.0
2025,13,00-0036628,John Bates,TE,WSH,21.0,12.0,10.0,0.0,59.0,43.0,45.0,18.5,43.5,-6.5,DEN,2.9333333333333336,2.3333333333333335,0.1049062049062049,0.0,12.745454545454544,2.9
2025,13,00-0036755,Jaret Patterson,RB,LAC,27.0,7.0,20.0,8.0,43.5,77.0,44.0,25.25,40.5,10.0,LV,2.5,7.0,0.19602400600150038,0.3333333333333333,22.436363636363637,11.4
2025,13,00-0036841,Austin Trammell,WR,JAC,12.0,10.0,7.0,0.0,41.8,72.0,69.0,24.25,42.5,6.0,TEN,2.533333333333333,1.6666666666666667,0.06974088713219148,0.0,36.77272727272727,0.0
2025,13,00-0036862,Ben Skowronek,WR,PIT,2.0,4.0,1.0,0.0,31.2,54.0,43.0,20.75,44.5,-3.0,BUF,1.0333333333333334,0.3333333333333333,0.01075268817204301,0.0,30.727272727272727,0.0
2025,13,00-0036875,Rhamondre Stevenson,RB,NE,56.0,22.0,44.0,75.0,55.5,85.0,69.0,26.75,46.5,7.0,NYG,8.233333333333334,14.666666666666666,0.44148143425843295,3.0,28.875,11.0
2025,13,00-0036887,Luke Farrell,TE,SF,9.0,15.0,3.0,17.0,31.6,53.0,45.0,20.5,35.5,5.5,CLE,3.6,1.0,0.028434684684684686,0.3333333333333333,12.572727272727274,0.0
2025,13,00-0036900,Ja'Marr Chase,WR,CIN,92.0,57.0,34.0,100.0,62.3,64.0,64.0,22.75,52.5,-7.0,BAL,14.733333333333334,12.333333333333334,0.3366485366485367,2.3333333333333335,35.75454545454546,18.0
2025,13,00-0036912,DeVonta Smith,WR,PHI,57.0,43.0,27.0,17.0,64.1,77.0,56.0,25.25,43.5,7.0,CHI,11.199999999999998,7.666666666666667,0.2650295222758991,0.3333333333333333,33.86363636363637,9.8
2025,13,00-0036919,Kenny Gainwell,RB,PIT,46.0,44.0,40.0,42.0,45.5,54.0,57.0,20.75,44.5,-3.0,BUF,16.7,12.0,0.40280714835776016,1.6666666666666667,25.99090909090909,6.5
2025,13,00-0036924,Michael Carter,RB,ARI,26.0,15.0,24.0,25.0,58.2,50.0,48.0,20.0,44.5,-4.5,TB,5.666666666666667,6.666666666666667,0.23783643892339545,1.0,23.44545454545454,11.4
2025,13,00-0036963,Amon-Ra St. Brown,WR,DET,82.0,68.0,31.0,100.0,71.4,78.0,30.0,25.5,48.5,2.5,GB,17.633333333333336,11.0,0.3084795321637427,2.0,27.681818181818183,0.0
2025,13,00-0036970,Kyle Pitts,TE,ATL,38.0,19.0,18.0,0.0,78.7,54.0,46.0,20.75,38.5,3.0,NYJ,4.566666666666666,4.333333333333333,0.18448275862068964,0.0,12.990909090909092,15.2
2025,13,00-0036971,Trevor Lawrence,QB,JAC,57.0,68.0,63.0,44.0,86.0,72.0,46.0,24.25,42.5,6.0,TEN,18.66,30.0,0.15671319749333934,5.666666666666667,18.60181818181818,19.66
2025,13,00-0036972,Mac Jones,QB,SF,45.0,52.0,36.0,51.0,41.5,53.0,27.0,20.5,35.5,5.5,CLE,14.186666666666666,23.666666666666668,0.09006105006105007,6.666666666666667,14.852727272727272,0.2
2025,13,00-0036973,Travis Etienne,RB,JAC,77.0,49.0,64.0,100.0,91.2,72.0,51.0,24.25,42.5,6.0,TEN,18.533333333333335,20.0,0.643572555058833,5.666666666666667,24.245454545454546,5.1
2025,13,00-0036997,Javonte Williams,RB,DAL,79.0,28.0,74.0,100.0,89.6,76.0,25.0,25.0,53.5,-3.5,KC,10.566666666666666,20.666666666666668,0.7379554958183991,4.333333333333333,17.654545454545453,17.0
2025,13,00-0037005,Tommy Tremble,TE,CAR,12.0,11.0,5.0,17.0,59.2,36.0,50.0,17.25,44.5,-10.0,LA,2.6,1.3333333333333333,0.04718812842382636,0.3333333333333333,14.163636363636364,1.2
2025,13,00-0037012,Trey Lance,QB,LAC,15.0,8.0,45.0,0.0,67.3,77.0,46.0,25.25,40.5,10.0,LV,2.22,8.0,0.11226851851851852,0.0,18.541818181818183,0.76
2025,13,00-0037085,Tyler Badie,RB,DEN,6.0,3.0,5.0,0.0,44.1,76.0,52.0,25.0,43.5,6.5,WSH,1.2,1.6666666666666667,0.05203619909502263,0.0,24.572727272727274,4.8
2025,13,00-0037091,Bo Melton,WR,GB,15.0,8.0,6.0,0.0,31.2,66.0,61.0,23.0,48.5,-2.5,DET,2.1666666666666665,2.0,0.06499780412823891,0.0,34.89272727272727,1.5
2025,13,00-0037120,Tyler Goodson,RB,IND,4.0,2.0,2.0,0.0,31.2,69.0,35.0,23.75,44.5,3.0,HOU,0.7333333333333334,1.0,0.022018970189701895,0.0,20.163636363636364,0.0
2025,13,00-0037157,Bam Knight,RB,ARI,49.0,28.0,52.0,50.0,75.5,50.0,48.0,20.0,44.5,-4.5,TB,10.666666666666666,12.666666666666666,0.5209862601166949,2.0,23.44545454545454,18.8
2025,13,00-0037197,Isiah Pacheco,RB,KC,56.0,21.0,45.0,67.0,80.8,94.0,50.0,28.5,53.5,3.5,DAL,8.1,14.666666666666666,0.4485377161798277,2.6666666666666665,24.10909090909091,5.3
2025,13,00-0037228,Jaylen Warren,RB,PIT,59.0,29.0,64.0,33.0,82.2,54.0,57.0,20.75,44.5,-3.0,BUF,10.866666666666667,15.333333333333334,0.6380983958570164,1.3333333333333333,25.99090909090909,12.4
2025,13,00-0037239,Chris Olave,WR,NO,62.0,59.0,26.0,17.0,69.2,40.0,27.0,18.0,41.5,-5.5,MIA,15.366666666666665,8.333333333333334,0.25889485191810774,0.3333333333333333,26.94545454545454,14.7
2025,13,00-0037240,Jameson Williams,WR,DET,45.0,56.0,18.0,33.0,55.9,78.0,30.0,25.5,48.5,2.5,GB,14.533333333333333,6.0,0.18071393762183238,0.6666666666666666,27.681818181818183,26.9
2025,13,00-0037247,George Pickens,WR,DAL,72.0,93.0,28.0,50.0,82.8,76.0,26.0,25.0,53.5,-3.5,KC,24.3,9.666666666666666,0.2836309523809524,1.0,26.536363636363635,14.8
2025,13,00-0037248,James Cook,RB,BUF,73.0,49.0,77.0,33.0,88.8,69.0,31.0,23.75,44.5,3.0,PIT,18.333333333333332,19.0,0.7722832421201987,1.3333333333333333,19.09090909090909,20.7
2025,13,00-0037252,Greg Dulcich,TE,MIA,38.0,23.0,18.0,33.0,73.8,68.0,48.0,23.5,41.5,5.5,NO,5.633333333333333,4.333333333333333,0.1752037752037752,0.6666666666666666,13.563636363636363,4.4
2025,13,00-0037256,Rachaad White,RB,TB,46.0,21.0,41.0,8.0,75.7,73.0,47.0,24.5,44.5,4.5,ARI,7.933333333333333,12.0,0.41120942944674743,0.3333333333333333,23.40909090909091,5.9
2025,13,00-0037261,Khalil Shakir,WR,BUF,55.0,42.0,21.0,33.0,54.0,69.0,80.0,23.75,44.5,3.0,PIT,10.833333333333334,7.333333333333333,0.2144230769230769,0.6666666666666666,39.5,1.5
2025,13,00-0037263,Tyler Allgeier,RB,ATL,37.0,29.0,34.0,50.0,63.8,54.0,46.0,20.75,38.5,3.0,NYJ,11.066666666666668,9.666666666666666,0.33973727422003286,2.0,23.063636363636363,13.5
2025,13,00-0037267,Jerome Ford,RB,CLE,5.0,0.0,5.0,0.0,58.8,25.0,45.0,15.0,35.5,-5.5,SF,9.25185853854297e-18,1.3333333333333333,0.04651234567901235,0.0,22.758333333333336,4.7
2025,13,00-0037291,Jalen Nailor,WR,MIN,20.0,33.0,8.0,33.0,34.5,25.0,34.0,15.0,42.5,-12.5,SEA,8.666666666666666,2.6666666666666665,0.07771567299006323,0.6666666666666666,28.6,0.0
2025,13,00-0037292,Andrew Ogletree,TE,IND,6.0,12.0,2.0,17.0,31.2,69.0,36.0,23.75,44.5,3.0,HOU,2.9333333333333336,0.6666666666666666,0.02150537634408602,0.3333333333333333,9.954545454545455,1.8
2025,13,00-0037306,John FitzPatrick,TE,GB,9.0,7.0,4.0,17.0,88.6,66.0,44.0,23.0,48.5,-2.5,DET,1.6666666666666667,1.0,0.03873015873015873,0.3333333333333333,12.409090909090908,0.0
2025,13,00-0037487,Deven Thompkins,WR,ATL,0.0,0.0,0.0,0.0,56.8,54.0,38.0,20.75,38.5,3.0,NYJ,0.0,0.0,0.0,0.0,29.536363636363635,4.8
2025,13,00-0037525,Jordan Mason,RB,MIN,24.0,17.0,31.0,25.0,71.5,25.0,31.0,15.0,42.5,-12.5,SEA,6.266666666666666,6.333333333333333,0.3064465796173113,1.0,19.145454545454545,5.8
2025,13,00-0037545,Rashid Shaheed,WR,SEA,30.0,11.0,13.0,17.0,62.9,89.0,24.0,27.5,42.5,12.5,MIN,2.9,4.0,0.13481021394064874,0.3333333333333333,26.072727272727274,2.6
2025,13,00-0037563,Malik Davis,RB,DAL,10.0,4.0,9.0,8.0,57.5,76.0,25.0,25.0,53.5,-3.5,KC,1.5666666666666667,2.6666666666666665,0.09114183307731694,0.3333333333333333,17.654545454545453,10.7
2025,13,00-0037594,Julius Chestnut,RB,TEN,3.0,0.0,3.0,8.0,31.2,42.0,27.0,18.25,42.5,-6.0,JAC,0.09999999999999999,0.6666666666666666,0.030303030303030304,0.3333333333333333,18.072727272727274,0.0
2025,13,00-0037614,John Metchie III,WR,NYJ,30.0,42.0,17.0,17.0,48.9,39.0,47.0,17.75,38.5,-3.0,ATL,10.866666666666667,4.0,0.1686091686091686,0.3333333333333333,31.61818181818182,5.7
2025,13,00-0037664,Alec Pierce,WR,IND,55.0,51.0,20.0,17.0,53.5,69.0,21.0,23.75,44.5,3.0,HOU,13.166666666666666,7.333333333333333,0.20152674386545355,0.3333333333333333,25.336363636363636,17.8
2025,13,00-0037666,Jalen Tolbert,WR,DAL,12.0,20.0,5.0,0.0,57.0,76.0,26.0,25.0,53.5,-3.5,KC,5.1,1.6666666666666667,0.05168650793650794,0.0,26.536363636363635,0.0
2025,13,00-0037741,Jahan Dotson,WR,PHI,10.0,8.0,5.0,0.0,52.8,77.0,56.0,25.25,43.5,7.0,CHI,2.1,1.3333333333333333,0.048443370907139016,0.0,33.86363636363637,2.2
2025,13,00-0037742,Treylon Burks,WR,WSH,15.0,22.0,9.0,0.0,54.7,43.0,23.0,18.5,43.5,-6.5,DEN,5.6000000000000005,2.0,0.09199134199134198,0.0,25.936363636363637,7.5
2025,13,00-0037744,Trey McBride,TE,ARI,100.0,100.0,24.0,100.0,85.0,50.0,43.0,20.0,44.5,-4.5,TB,24.03333333333333,11.333333333333334,0.236424807076981,2.0,12.172727272727274,22.2
2025,13,00-0037746,Brian Robinson,RB,SF,35.0,17.0,34.0,42.0,73.0,53.0,31.0,20.5,35.5,5.5,CLE,6.433333333333334,9.0,0.33938939838825427,1.6666666666666667,19.180000000000003,2.6
2025,13,00-0037801,KaVontae Turpin,WR,DAL,25.0,13.0,11.0,17.0,66.1,76.0,26.0,25.0,53.5,-3.5,KC,3.5,3.3333333333333335,0.10503712237583203,0.3333333333333333,26.536363636363635,8.1
2025,13,00-0037805,Jeremy Ruckert,TE,NYJ,21.0,15.0,11.0,17.0,41.5,39.0,29.0,17.75,38.5,-3.0,ATL,3.5666666666666664,2.3333333333333335,0.10589984727915763,0.3333333333333333,8.172727272727272,3.2
2025,13,00-0037809,Chig Okonkwo,TE,TEN,26.0,26.0,9.0,0.0,76.0,42.0,62.0,18.25,42.5,-6.0,JAC,6.2,3.0,0.09461152882205513,0.0,17.681818181818183,6.9
2025,13,00-0037816,Romeo Doubs,WR,GB,38.0,19.0,19.0,17.0,54.8,66.0,61.0,23.0,48.5,-2.5,DET,5.033333333333334,5.0,0.1946897546897547,0.3333333333333333,34.89272727272727,12.0
2025,13,00-0037834,Brock Purdy,QB,SF,66.0,66.0,37.0,44.0,87.0,53.0,27.0,20.5,35.5,5.5,CLE,18.093333333333334,35.0,0.09374269005847953,5.666666666666667,14.852727272727272,17.12
2025,13,00-0037837,Calvin Austin III,WR,PIT,32.0,16.0,15.0,0.0,48.5,54.0,43.0,20.75,44.5,-3.0,BUF,4.166666666666667,4.333333333333333,0.1485910270671116,0.0,30.727272727272727,0.0
2025,13,00-0037838,Isaiah Likely,TE,BAL,29.0,13.0,14.0,17.0,84.5,100.0,80.0,29.75,52.5,7.0,CIN,3.0666666666666664,3.3333333333333335,0.1376190476190476,0.3333333333333333,22.772727272727273,14.5
2025,13,00-0037840,Kyren Williams,RB,LA,56.0,40.0,61.0,58.0,77.2,87.0,52.0,27.25,44.5,10.0,CAR,14.933333333333335,14.666666666666666,0.6118070974624122,2.3333333333333335,24.5,13.2
2025,13,00-0038041,Jake Ferguson,TE,DAL,56.0,45.0,18.0,100.0,90.8,76.0,40.0,25.0,53.5,-3.5,KC,10.9,6.333333333333333,0.1847936934630483,2.6666666666666665,11.327272727272728,8.6
2025,13,00-0038046,Charlie Kolar,TE,BAL,9.0,5.0,4.0,17.0,31.4,100.0,80.0,29.75,52.5,7.0,CIN,1.0999999999999999,1.0,0.037142857142857144,0.3333333333333333,22.772727272727273,2.7
2025,13,00-0038090,Skyy Moore,WR,SF,2.0,4.0,1.0,0.0,31.2,53.0,26.0,20.5,35.5,5.5,CLE,0.9333333333333332,0.3333333333333333,0.009009009009009009,0.0,26.62727272727273,0.0
2025,13,00-0038104,Tyquan Thornton,WR,KC,10.0,9.0,3.0,0.0,55.4,94.0,78.0,28.5,53.5,3.5,DAL,2.3666666666666667,1.3333333333333333,0.03475006682705159,0.0,39.11818181818182,0.0
2025,13,00-0038117,Wan'Dale Robinson,WR,NYG,87.0,65.0,36.0,17.0,69.9,49.0,46.0,19.75,46.5,-7.0,NE,16.8,11.666666666666666,0.36383351970319516,0.3333333333333333,31.383333333333336,10.4
2025,13,00-0038120,Breece Hall,RB,NYJ,74.0,39.0,69.0,50.0,82.1,39.0,52.0,17.75,38.5,-3.0,ATL,14.6,19.333333333333332,0.6911421911421911,2.0,24.69090909090909,15.6
2025,13,00-0038124,Christian Watson,WR,GB,40.0,47.0,22.0,33.0,67.2,66.0,61.0,23.0,48.5,-2.5,DET,12.333333333333334,5.333333333333333,0.21818181818181817,0.6666666666666666,34.89272727272727,18.3
2025,13,00-0038129,Cade Otton,TE,TB,71.0,39.0,23.0,17.0,64.1,73.0,54.0,24.5,44.5,4.5,ARI,9.366666666666665,8.0,0.23002046807998297,0.3333333333333333,15.318181818181818,2.9
2025,13,00-0038134,Kenneth Walker III,RB,SEA,63.0,36.0,54.0,67.0,78.5,89.0,39.0,27.5,42.5,12.5,MIN,13.733333333333334,16.333333333333332,0.5420841959972394,2.6666666666666665,21.227272727272727,10.4
2025,13,00-0038359,Xavier Smith,WR,LA,15.0,9.0,7.0,0.0,70.5,87.0,20.0,27.25,44.5,10.0,CAR,2.466666666666667,2.0,0.06675334410944785,0.0,25.191666666666666,11.2
2025,13,00-0038393,Dontayvion Wicks,WR,GB,35.0,19.0,17.0,17.0,58.2,66.0,61.0,23.0,48.5,-2.5,DET,4.966666666666666,4.666666666666667,0.170966810966811,0.3333333333333333,34.89272727272727,28.0
2025,13,00-0038440,Zavier Scott,RB,MIN,12.0,5.0,15.0,17.0,35.5,25.0,31.0,15.0,42.5,-12.5,SEA,2.0,3.0,0.14934630586804498,0.6666666666666666,19.145454545454545,3.1
2025,13,00-0038454,Keaton Mitchell,RB,BAL,21.0,12.0,18.0,42.0,59.0,100.0,80.0,29.75,52.5,7.0,CIN,4.466666666666666,5.333333333333333,0.17997821350762525,1.6666666666666667,31.78909090909091,11.1
2025,13,00-0038465,Malik Heath,WR,GB,10.0,10.0,4.0,0.0,31.2,66.0,61.0,23.0,48.5,-2.5,DET,2.6666666666666665,1.3333333333333333,0.03809523809523809,0.0,34.89272727272727,0.0
2025,13,00-0038519,Nikko Remigio,WR,KC,0.0,0.0,0.0,0.0,56.8,94.0,78.0,28.5,53.5,3.5,DAL,0.0,0.0,0.0,0.0,39.11818181818182,0.0
2025,13,00-0038542,Bijan Robinson,RB,ATL,81.0,48.0,75.0,50.0,70.5,54.0,46.0,20.75,38.5,3.0,NYJ,17.933333333333334,21.0,0.7476026272577997,2.0,23.063636363636363,30.3
2025,13,00-0038543,Jaxon Smith-Njigba,WR,SEA,75.0,100.0,42.0,100.0,75.7,89.0,24.0,27.5,42.5,12.5,MIN,26.0,10.0,0.42142857142857143,2.3333333333333335,26.072727272727274,4.3
2025,13,00-0038544,Quentin Johnston,WR,LAC,48.0,31.0,22.0,50.0,52.0,77.0,66.0,25.25,40.5,10.0,LV,8.166666666666666,6.333333333333333,0.21675084175084178,1.0,36.190909090909095,11.3
2025,13,00-0038547,Luke Schoonmaker,TE,DAL,18.0,10.0,6.0,17.0,50.8,76.0,40.0,25.0,53.5,-3.5,KC,2.3000000000000003,2.0,0.056613756613756616,0.3333333333333333,11.327272727272728,1.1
2025,13,00-0038558,Darnell Washington,TE,PIT,24.0,24.0,9.0,0.0,45.7,54.0,20.0,20.75,44.5,-3.0,BUF,5.8,2.6666666666666665,0.09088140261666401,0.0,5.454545454545454,6.5
2025,13,00-0038559,Michael Wilson,WR,ARI,100.0,80.0,27.0,83.0,65.1,50.0,63.0,20.0,44.5,-4.5,TB,20.9,13.333333333333334,0.2688688123470732,1.6666666666666667,35.46363636363637,6.6
2025,13,00-0038563,Tre Tucker,WR,LV,55.0,33.0,20.0,33.0,66.5,26.0,22.0,15.25,40.5,-10.0,LAC,8.666666666666666,7.333333333333333,0.2010744810744811,0.6666666666666666,25.65636363636364,5.0
2025,13,00-0038564,Cameron Latu,TE,PHI,0.0,0.0,0.0,0.0,56.8,77.0,54.0,25.25,43.5,7.0,CHI,0.0,0.0,0.0,0.0,15.154545454545454,0.0
2025,13,00-0038573,Derius Davis,WR,LAC,5.0,2.0,2.0,0.0,35.4,77.0,66.0,25.25,40.5,10.0,LV,0.43333333333333335,0.6666666666666666,0.023989898989898988,0.0,36.190909090909095,0.0
2025,13,00-0038576,Charlie Jones,WR,CIN,2.0,0.0,1.0,0.0,41.8,64.0,64.0,22.75,52.5,-7.0,BAL,0.0,0.3333333333333333,0.00980392156862745,0.0,35.75454545454546,0.0
2025,13,00-0038589,Josh Whyle,TE,GB,9.0,17.0,4.0,25.0,71.9,66.0,44.0,23.0,48.5,-2.5,DET,4.15,1.0,0.04380952380952381,0.5,12.409090909090908,0.0
2025,13,00-0038597,Chase Brown,RB,CIN,95.0,47.0,100.0,25.0,92.9,64.0,47.0,22.75,52.5,-7.0,BAL,17.633333333333336,24.666666666666668,1.0038294943665786,1.0,23.2,18.3
2025,13,00-0038606,Parker Washington,WR,JAC,45.0,44.0,23.0,100.0,58.3,72.0,69.0,24.25,42.5,6.0,TEN,11.333333333333334,6.0,0.2342214414678183,2.0,36.77272727272727,3.6
2025,13,00-0038608,Kayshon Boutte,WR,NE,20.0,26.0,10.0,0.0,36.6,85.0,66.0,26.75,46.5,7.0,NYG,6.666666666666667,2.6666666666666665,0.10457055022272414,0.0,36.15,13.5
2025,13,00-0038611,Chris Rodriguez Jr.,RB,WSH,44.0,26.0,35.0,67.0,75.8,43.0,26.0,18.5,43.5,-6.5,DEN,9.866666666666667,11.333333333333334,0.34819458957389987,2.6666666666666665,17.89090909090909,10.1
2025,13,00-0038618,Xavier Hutchinson,WR,HOU,27.0,18.0,10.0,0.0,49.5,54.0,63.0,20.75,44.5,-3.0,IND,4.7,3.6666666666666665,0.09722222222222221,0.0,35.37272727272727,5.9
2025,13,00-0038619,Andrei Iosivas,WR,CIN,50.0,43.0,19.0,33.0,68.7,64.0,64.0,22.75,52.5,-7.0,BAL,11.200000000000001,6.666666666666667,0.19138231286568883,0.6666666666666666,35.75454545454546,9.9
2025,13,00-0038621,DeMario Douglas,WR,NE,22.0,23.0,10.0,0.0,81.0,85.0,66.0,26.75,46.5,7.0,NYG,5.866666666666667,3.0,0.09883659234790121,0.0,36.15,6.3
2025,13,00-0038685,Chris Brooks,RB,GB,13.0,4.0,9.0,17.0,31.2,66.0,22.0,23.0,48.5,-2.5,DET,1.4666666666666668,3.3333333333333335,0.09385783298826778,0.6666666666666666,16.945454545454545,2.9
2025,13,00-0038710,Blake Whiteheart,TE,CLE,6.0,3.0,3.0,0.0,36.0,25.0,51.0,15.0,35.5,-5.5,SF,0.7999999999999999,0.6666666666666666,0.02505446623093682,0.0,14.408333333333333,0.0
2025,13,00-0038720,Julian Hill,TE,MIA,18.0,13.0,7.0,17.0,57.8,68.0,48.0,23.5,41.5,5.5,NO,3.1999999999999997,2.0,0.07337164750957854,0.3333333333333333,13.563636363636363,0.0
2025,13,00-0038794,Jaleel McLaughlin,RB,DEN,17.0,11.0,20.0,25.0,39.5,76.0,52.0,25.0,43.5,6.5,WSH,4.2,4.5,0.19679379444085326,1.0,24.572727272727274,4.0
2025,13,00-0038797,Emanuel Wilson,RB,GB,56.0,35.0,45.0,58.0,34.9,66.0,22.0,23.0,48.5,-2.5,DET,13.266666666666666,14.666666666666666,0.4491685662700155,2.3333333333333335,16.945454545454545,1.4
2025,13,00-0038824,Ryan Miller,WR,TB,2.0,3.0,1.0,0.0,31.2,73.0,41.0,24.5,44.5,4.5,ARI,0.7999999999999999,0.3333333333333333,0.006666666666666667,0.0,30.09090909090909,0.0
2025,13,00-0038839,Mitchell Tinsley,WR,CIN,25.0,21.0,10.0,17.0,46.7,64.0,64.0,22.75,52.5,-7.0,BAL,5.5,3.3333333333333335,0.10394137452960983,0.3333333333333333,35.75454545454546,4.2
2025,13,00-0038840,Brycen Tremayne,WR,CAR,8.0,7.0,3.0,17.0,33.0,36.0,39.0,17.25,44.5,-10.0,LA,1.8333333333333333,1.0,0.03269537480063796,0.3333333333333333,29.69090909090909,0.0
2025,13,00-0038935,Brenton Strange,TE,JAC,38.0,39.0,16.0,17.0,53.1,72.0,40.0,24.25,42.5,6.0,TEN,9.333333333333334,4.333333333333333,0.16404040404040404,0.3333333333333333,11.281818181818181,13.5
2025,13,00-0038951,Sean Tucker,RB,TB,59.0,40.0,50.0,42.0,61.8,73.0,47.0,24.5,44.5,4.5,ARI,15.233333333333334,15.333333333333334,0.5048819500708334,1.6666666666666667,23.40909090909091,0.0
2025,13,00-0038953,Dylan Drummond,WR,ATL,22.0,18.0,15.0,0.0,56.8,54.0,38.0,20.75,38.5,3.0,NYJ,4.8,3.0,0.15,0.0,29.536363636363635,1.3
2025,13,00-0038976,Marvin Mims Jr.,WR,DEN,32.0,23.0,13.0,17.0,35.5,76.0,69.0,25.0,43.5,6.5,WSH,5.933333333333334,4.333333333333333,0.12746725955945815,0.3333333333333333,36.92727272727273,3.7
2025,13,00-0038979,Cedric Tillman,WR,CLE,27.0,16.0,15.0,17.0,69.5,25.0,60.0,15.0,35.5,-5.5,SF,4.266666666666667,3.6666666666666665,0.15055555555555555,0.3333333333333333,34.71666666666667,0.0
2025,13,00-0038994,Jordan Addison,WR,MIN,48.0,21.0,18.0,50.0,43.5,25.0,34.0,15.0,42.5,-12.5,SEA,5.5,6.333333333333333,0.18086607949412828,1.0,28.6,8.6
2025,13,00-0038997,Josh Downs,WR,IND,42.0,28.0,15.0,50.0,49.0,69.0,21.0,23.75,44.5,3.0,HOU,7.333333333333333,5.666666666666667,0.1526571546732837,1.0,25.336363636363636,6.4
2025,13,00-0039032,Tyjae Spears,RB,TEN,35.0,21.0,38.0,8.0,83.8,42.0,27.0,18.25,42.5,-6.0,JAC,8.033333333333333,9.0,0.3844679285855756,0.3333333333333333,18.072727272727274,8.4
2025,13,00-0039040,De'Von Achane,RB,MIA,100.0,69.0,96.0,92.0,83.4,68.0,42.0,23.5,41.5,5.5,NO,26.2,26.0,0.9643604433927014,3.6666666666666665,22.0,19.4
2025,13,00-0039041,Elijah Higgins,TE,ARI,18.0,10.0,4.0,33.0,38.4,50.0,43.0,20.0,44.5,-4.5,TB,2.3333333333333335,2.0,0.040584415584415584,0.6666666666666666,12.172727272727274,3.7
2025,13,00-0039050,Payne Durham,TE,TB,3.0,0.0,1.0,0.0,41.8,73.0,54.0,24.5,44.5,4.5,ARI,0.0,0.3333333333333333,0.007751937984496124,0.0,15.318181818181818,2.1
2025,13,00-0039064,Zay Flowers,WR,BAL,52.0,45.0,28.0,33.0,90.8,100.0,34.0,29.75,52.5,7.0,CIN,11.766666666666666,7.0,0.27807345160286334,0.6666666666666666,28.625454545454545,2.6
2025,13,00-0039067,Rashee Rice,WR,KC,75.0,65.0,28.0,100.0,81.8,94.0,78.0,28.5,53.5,3.5,DAL,16.833333333333332,10.0,0.2765838011226945,2.6666666666666665,39.11818181818182,29.4
2025,13,00-0039074,Davis Allen,TE,LA,29.0,30.0,10.0,50.0,78.9,87.0,52.0,27.25,44.5,10.0,CAR,7.133333333333334,3.3333333333333335,0.10183428209993674,1.0,14.741666666666667,1.4
2025,13,00-0039075,Puka Nacua,WR,LA,68.0,65.0,30.0,17.0,86.2,87.0,20.0,27.25,44.5,10.0,CAR,16.8,9.0,0.29573512906846244,0.3333333333333333,25.191666666666666,13.2
2025,13,00-0039139,Jahmyr Gibbs,RB,DET,85.0,100.0,82.0,58.0,76.8,78.0,32.0,25.5,48.5,2.5,GB,37.733333333333334,22.0,0.8225190501506292,2.3333333333333335,19.509090909090908,11.6
2025,13,00-0039144,Luke Musgrave,TE,GB,21.0,11.0,9.0,0.0,66.3,66.0,44.0,23.0,48.5,-2.5,DET,2.6333333333333333,2.3333333333333335,0.0887157287157287,0.0,12.409090909090908,3.3
2025,13,00-0039150,Bryce Young,QB,CAR,67.0,58.0,58.0,59.0,68.2,36.0,33.0,17.25,44.5,-10.0,LA,15.88,35.333333333333336,0.1448829431438127,7.666666666666667,16.04,22.54
2025,13,00-0039163,C.J. Stroud,QB,HOU,69.0,53.0,51.0,41.0,56.9,54.0,41.0,20.75,44.5,-3.0,IND,14.579999999999998,36.333333333333336,0.1278400248988484,5.333333333333333,17.62727272727273,11.04
2025,13,00-0039165,Zach Charbonnet,RB,SEA,42.0,27.0,32.0,75.0,78.4,89.0,39.0,27.5,42.5,12.5,MIN,10.166666666666666,11.0,0.3220841959972395,3.0,21.227272727272727,11.2
2025,13,00-0039338,Brock Bowers,TE,LV,74.0,41.0,23.0,50.0,64.3,26.0,35.0,15.25,40.5,-10.0,LAC,9.799999999999999,8.333333333333334,0.22732600732600736,1.0,9.681818181818182,22.3
2025,13,00-0039342,Xavier Legette,WR,CAR,35.0,30.0,14.0,17.0,43.4,36.0,39.0,17.25,44.5,-10.0,LA,7.833333333333333,4.666666666666667,0.1368272092909774,0.3333333333333333,29.69090909090909,1.1
2025,13,00-0039356,Ja'Tavion Sanders,TE,CAR,29.0,22.0,12.0,17.0,52.5,36.0,50.0,17.25,44.5,-10.0,LA,5.333333333333333,3.3333333333333335,0.11511247743131801,0.3333333333333333,14.163636363636364,0.0
2025,13,00-0039359,Cade Stover,TE,HOU,26.0,13.0,11.0,0.0,54.3,54.0,58.0,20.75,44.5,-3.0,IND,3.1,3.0,0.10978835978835978,0.0,16.318181818181817,3.9
2025,13,00-0039361,Bucky Irving,RB,TB,92.0,53.0,77.0,50.0,81.9,73.0,47.0,24.5,44.5,4.5,ARI,19.833333333333332,24.0,0.7705622301971187,2.0,23.40909090909091,16.1
2025,13,00-0039363,Isaac Guerendo,RB,SF,0.0,0.0,0.0,0.0,56.8,53.0,31.0,20.5,35.5,5.5,CLE,0.0,0.0,0.0,0.0,19.180000000000003,0.0
2025,13,00-0039364,Sione Vaki,RB,DET,1.0,0.0,1.0,0.0,31.2,78.0,32.0,25.5,48.5,2.5,GB,0.13333333333333333,0.3333333333333333,0.010101010101010102,0.0,19.509090909090908,0.0
2025,13,00-0039384,Tyrone Tracy Jr.,RB,NYG,81.0,37.0,60.0,58.0,82.8,49.0,20.0,19.75,46.5,-7.0,NE,14.0,21.0,0.5991884242644892,2.3333333333333335,16.358333333333334,4.3
2025,13,00-0039391,Kimani Vidal,RB,LAC,59.0,21.0,56.0,33.0,47.0,77.0,44.0,25.25,40.5,10.0,LV,8.0,15.333333333333334,0.5565416711922088,1.3333333333333333,22.436363636363637,20.7
2025,13,00-0039407,Dylan Laube,RB,LV,0.0,0.0,0.0,0.0,56.8,26.0,41.0,15.25,40.5,-10.0,LAC,0.0,0.0,0.0,0.0,21.654545454545453,0.0
2025,13,00-0039410,Ryan Flournoy,WR,DAL,10.0,21.0,4.0,33.0,57.1,76.0,26.0,25.0,53.5,-3.5,KC,5.466666666666666,1.3333333333333333,0.038458994708994707,0.6666666666666666,26.536363636363635,6.4
2025,13,00-0039424,Devaughn Vele,WR,NO,38.0,14.0,13.0,17.0,65.5,40.0,27.0,18.0,41.5,-5.5,MIA,3.733333333333333,5.0,0.12605843768634464,0.3333333333333333,26.94545454545454,23.3
2025,13,00-0039451,Isaiah Williams,WR,NYJ,15.0,4.0,9.0,0.0,35.0,39.0,47.0,17.75,38.5,-3.0,ATL,1.0,2.0,0.0934898434898435,0.0,31.61818181818182,0.0
2025,13,00-0039491,Jalen Coker,WR,CAR,30.0,26.0,14.0,50.0,85.5,36.0,39.0,17.25,44.5,-10.0,LA,6.833333333333333,4.0,0.13765676084516665,1.0,29.69090909090909,17.4
2025,13,00-0039521,Xavier Weaver,WR,ARI,15.0,7.0,4.0,33.0,35.9,50.0,63.0,20.0,44.5,-4.5,TB,1.8,2.0,0.039596273291925464,0.6666666666666666,35.46363636363637,0.0
2025,13,00-0039530,Brevyn Spann-Ford,TE,DAL,6.0,12.0,2.0,33.0,35.8,76.0,40.0,25.0,53.5,-3.5,KC,2.9333333333333336,0.6666666666666666,0.01994047619047619,0.6666666666666666,11.327272727272728,0.0
2025,13,00-0039589,Kameron Johnson,WR,TB,5.0,1.0,2.0,0.0,31.2,73.0,41.0,24.5,44.5,4.5,ARI,0.3666666666666667,0.6666666666666666,0.023624953857511996,0.0,30.09090909090909,0.0
2025,13,00-0039623,Mason Tipton,WR,NO,18.0,8.0,6.0,17.0,34.0,40.0,27.0,18.0,41.5,-5.5,MIA,2.1,2.3333333333333335,0.06033186868145607,0.3333333333333333,26.94545454545454,4.9
2025,13,00-0039648,David Martin-Robinson,TE,TEN,0.0,0.0,0.0,0.0,56.8,42.0,62.0,18.25,42.5,-6.0,JAC,0.0,0.0,0.0,0.0,17.681818181818183,0.0
2025,13,00-0039686,Colson Yankoff,TE,WSH,3.0,2.0,1.0,0.0,31.2,43.0,45.0,18.5,43.5,-6.5,DEN,0.4666666666666666,0.3333333333333333,0.011494252873563218,0.0,12.745454545454544,2.4
2025,13,00-0039732,Bo Nix,QB,DEN,71.0,50.0,62.0,38.0,86.5,76.0,57.0,25.0,43.5,6.5,WSH,13.64,37.666666666666664,0.15480198813532145,5.0,20.69272727272727,18.44
2025,13,00-0039738,Blake Corum,RB,LA,38.0,8.0,41.0,50.0,70.9,87.0,52.0,27.25,44.5,10.0,CAR,3.1666666666666665,10.0,0.4131549412251167,2.0,24.5,14.1
2025,13,00-0039739,Roman Wilson,WR,PIT,20.0,18.0,9.0,17.0,62.2,54.0,43.0,20.75,44.5,-3.0,BUF,4.733333333333333,2.6666666666666665,0.09096085597754118,0.3333333333333333,30.727272727272727,0.0
2025,13,00-0039746,Will Shipley,RB,PHI,12.0,5.0,10.0,0.0,32.9,77.0,48.0,25.25,43.5,7.0,CHI,1.866666666666667,3.0,0.09850422382391692,0.0,23.527272727272727,2.1
2025,13,00-0039751,Jordan Whittington,WR,LA,20.0,12.0,8.0,0.0,63.8,87.0,20.0,27.25,44.5,10.0,CAR,3.1666666666666665,2.6666666666666665,0.08216148412226844,0.0,25.191666666666666,0.0
2025,13,00-0039754,Devin Culp,TE,TB,0.0,0.0,0.0,0.0,56.8,73.0,54.0,24.5,44.5,4.5,ARI,0.0,0.0,0.0,0.0,15.318181818181818,0.0
2025,13,00-0039757,Terrell Jennings,RB,NE,22.0,11.0,18.0,33.0,32.9,85.0,69.0,26.75,46.5,7.0,NYG,3.966666666666667,5.666666666666667,0.18315127723729874,1.3333333333333333,28.875,0.0
2025,13,00-0039792,Devontez Walker,WR,BAL,2.0,5.0,2.0,0.0,31.2,100.0,34.0,29.75,52.5,7.0,CIN,1.3333333333333333,0.3333333333333333,0.016666666666666666,0.0,28.625454545454545,0.0
2025,13,00-0039793,AJ Barner,TE,SEA,56.0,29.0,17.0,33.0,33.0,89.0,52.0,27.5,42.5,12.5,MIN,7.066666666666667,6.333333333333333,0.1741752933057281,0.6666666666666666,14.663636363636364,7.7
2025,13,00-0039796,Rasheen Ali,RB,BAL,1.0,2.0,1.0,0.0,37.2,100.0,80.0,29.75,52.5,7.0,CIN,0.8333333333333334,0.3333333333333333,0.013333333333333334,0.0,31.78909090909091,1.7
2025,13,00-0039798,Isaiah Davis,RB,NYJ,14.0,3.0,15.0,8.0,73.0,39.0,52.0,17.75,38.5,-3.0,ATL,1.3,3.6666666666666665,0.1485181485181485,0.3333333333333333,24.69090909090909,0.0
2025,13,00-0039816,Anthony Gould,WR,IND,2.0,2.0,1.0,0.0,31.2,69.0,21.0,23.75,44.5,3.0,HOU,0.43333333333333335,0.3333333333333333,0.010416666666666666,0.0,25.336363636363636,0.0
2025,13,00-0039847,Theo Johnson,TE,NYG,50.0,44.0,18.0,50.0,74.2,49.0,59.0,19.75,46.5,-7.0,NE,10.6,5.666666666666667,0.17832995267072346,1.0,16.572727272727274,5.9
2025,13,00-0039849,Marvin Harrison Jr.,WR,ARI,70.0,55.0,26.0,100.0,70.5,50.0,63.0,20.0,44.5,-4.5,TB,14.233333333333334,9.333333333333334,0.2646751490564878,2.3333333333333335,35.46363636363637,12.9
2025,13,00-0039851,Drake Maye,QB,NE,73.0,65.0,76.0,46.0,94.0,85.0,60.0,26.75,46.5,7.0,NYG,17.833333333333332,38.666666666666664,0.1895659099960175,6.0,21.27,20.48
2025,13,00-0039868,Troy Franklin,WR,DEN,72.0,43.0,32.0,50.0,79.4,76.0,69.0,25.0,43.5,6.5,WSH,11.233333333333334,9.666666666666666,0.3221582339229398,1.0,36.92727272727273,4.1
2025,13,00-0039874,Jaylen Wright,RB,MIA,21.0,5.0,16.0,8.0,41.7,68.0,42.0,23.5,41.5,5.5,NO,1.9666666666666668,5.333333333333333,0.15841772293385198,0.3333333333333333,22.0,1.6
2025,13,00-0039875,Ray Davis,RB,BUF,5.0,1.0,5.0,0.0,31.2,69.0,31.0,23.75,44.5,3.0,PIT,0.26666666666666666,1.3333333333333333,0.0473970473970474,0.0,19.09090909090909,6.2
2025,13,00-0039880,Malik Washington,WR,MIA,32.0,33.0,19.0,17.0,81.7,68.0,40.0,23.5,41.5,5.5,NO,8.533333333333333,4.333333333333333,0.18539876281811765,0.3333333333333333,30.072727272727274,7.0
2025,13,00-0039890,Adonai Mitchell,WR,NYJ,35.0,13.0,17.0,33.0,48.1,39.0,47.0,17.75,38.5,-3.0,ATL,3.2999999999999994,4.666666666666667,0.17361111111111113,0.6666666666666666,31.61818181818182,24.2
2025,13,00-0039893,Brian Thomas Jr.,WR,JAC,55.0,48.0,22.0,0.0,64.8,72.0,69.0,24.25,42.5,6.0,TEN,12.533333333333333,7.333333333333333,0.21645021645021645,0.0,36.77272727272727,4.8
2025,13,00-0039894,Xavier Worthy,WR,KC,52.0,27.0,20.0,17.0,77.8,94.0,78.0,28.5,53.5,3.5,DAL,7.133333333333333,7.0,0.1979016305800588,0.3333333333333333,39.11818181818182,11.4
2025,13,00-0039901,Keon Coleman,WR,BUF,35.0,30.0,15.0,0.0,57.4,69.0,80.0,23.75,44.5,3.0,PIT,7.766666666666667,4.666666666666667,0.15301374953548866,0.0,39.5,8.9
2025,13,00-0039915,Ladd McConkey,WR,LAC,40.0,44.0,19.0,33.0,70.8,77.0,66.0,25.25,40.5,10.0,LV,11.533333333333333,5.333333333333333,0.19023569023569023,0.6666666666666666,36.190909090909095,13.9
2025,13,00-0039916,Ricky Pearsall,WR,SF,30.0,16.0,13.0,0.0,57.2,53.0,26.0,20.5,35.5,5.5,CLE,4.133333333333334,4.0,0.12844371158074214,0.0,26.62727272727273,3.4
2025,13,00-0039918,Caleb Williams,QB,CHI,75.0,72.0,73.0,28.0,83.8,42.0,42.0,18.25,43.5,-7.0,PHI,19.693333333333335,39.666666666666664,0.18275946275946275,3.6666666666666665,17.80181818181818,11.46
2025,13,00-0039919,Rome Odunze,WR,CHI,62.0,45.0,26.0,50.0,71.2,42.0,47.0,18.25,43.5,-7.0,PHI,11.666666666666666,8.333333333333334,0.264021164021164,1.0,31.636363636363637,2.8
2025,13,00-0039920,Malachi Corley,WR,CLE,18.0,9.0,9.0,0.0,73.5,25.0,60.0,15.0,35.5,-5.5,SF,2.433333333333333,2.3333333333333335,0.08878086419753085,0.0,34.71666666666667,0.9
2025,13,00-0040058,Nick Kallerup,TE,SEA,4.0,0.0,4.0,25.0,41.8,89.0,52.0,27.5,42.5,12.5,MIN,0.0,0.5,0.041666666666666664,0.5,14.663636363636364,0.0
2025,13,00-0040078,Brashard Smith,RB,KC,15.0,9.0,12.0,8.0,51.7,94.0,50.0,28.5,53.5,3.5,DAL,3.366666666666666,4.0,0.12388790006584909,0.3333333333333333,24.10909090909091,0.0
2025,13,00-0040122,Ashton Jeanty,RB,LV,81.0,44.0,89.0,25.0,74.8,26.0,41.0,15.25,40.5,-10.0,LAC,16.5,21.0,0.8883760683760684,1.0,21.654545454545453,12.1
2025,13,00-0040124,Tetairoa McMillan,WR,CAR,68.0,71.0,29.0,67.0,70.2,36.0,39.0,17.25,44.5,-10.0,LA,18.5,9.0,0.2932708729810179,1.3333333333333333,29.69090909090909,11.3
2025,13,00-0040126,Colston Loveland,TE,CHI,38.0,44.0,14.0,33.0,81.9,42.0,30.0,18.25,43.5,-7.0,PHI,10.466666666666667,4.333333333333333,0.1402116402116402,0.6666666666666666,8.245454545454546,5.8
2025,13,00-0040128,Tyler Warren,TE,IND,71.0,49.0,25.0,83.0,72.8,69.0,36.0,23.75,44.5,3.0,HOU,11.666666666666666,8.0,0.2520850565205404,1.6666666666666667,9.954545454545455,11.2
2025,13,00-0040129,Emeka Egbuka,WR,TB,75.0,50.0,30.0,67.0,70.0,73.0,41.0,24.5,44.5,4.5,ARI,12.9,10.0,0.2979078102859048,1.3333333333333333,30.09090909090909,8.2
2025,13,00-0040130,Jayden Higgins,WR,HOU,57.0,49.0,22.0,83.0,82.4,54.0,63.0,20.75,44.5,-3.0,IND,12.833333333333334,7.666666666666667,0.2185064935064935,1.6666666666666667,35.37272727272727,11.5
2025,13,00-0040131,Kyle Williams,WR,NE,15.0,22.0,6.0,0.0,51.0,85.0,66.0,26.75,46.5,7.0,NYG,5.666666666666667,2.0,0.06339254615116684,0.0,36.15,10.3
2025,13,00-0040134,Pat Bryant,WR,DEN,27.0,29.0,11.0,17.0,58.8,76.0,69.0,25.0,43.5,6.5,WSH,7.5,3.6666666666666665,0.1138763197586727,0.3333333333333333,36.92727272727273,7.2
2025,13,00-0040138,Jaylin Noel,WR,HOU,20.0,15.0,8.0,33.0,52.9,54.0,63.0,20.75,44.5,-3.0,IND,3.8666666666666667,2.6666666666666665,0.07526640026640026,0.6666666666666666,35.37272727272727,0.0
2025,13,00-0040142,Kaleb Johnson,RB,PIT,12.0,4.0,13.0,17.0,54.1,54.0,57.0,20.75,44.5,-3.0,BUF,1.3666666666666665,3.0,0.13044455544455544,0.6666666666666666,25.99090909090909,0.3
2025,13,00-0040154,Tai Felton,WR,MIN,0.0,0.0,0.0,0.0,56.8,25.0,34.0,15.0,42.5,-12.5,SEA,0.0,0.0,0.0,0.0,28.6,0.0
2025,13,00-0040162,Dylan Sampson,RB,CLE,19.0,17.0,20.0,8.0,34.0,25.0,45.0,15.0,35.5,-5.5,SF,6.333333333333332,5.0,0.19989197530864197,0.3333333333333333,22.758333333333336,2.3
2025,13,00-0040164,Jaylin Lane,WR,WSH,18.0,17.0,11.0,17.0,47.0,43.0,23.0,18.5,43.5,-6.5,DEN,4.433333333333334,2.3333333333333335,0.10601084739015772,0.3333333333333333,25.936363636363637,0.0
2025,13,00-0040170,Elic Ayomanor,WR,TEN,50.0,26.0,22.0,33.0,77.0,42.0,55.0,18.25,42.5,-6.0,JAC,6.633333333333333,6.666666666666667,0.22286572286572284,0.6666666666666666,33.52727272727273,1.5
2025,13,00-0040187,Mitchell Evans,TE,CAR,12.0,7.0,4.0,17.0,59.0,36.0,50.0,17.25,44.5,-10.0,LA,1.5999999999999999,1.3333333333333333,0.04198994778704923,0.3333333333333333,14.163636363636364,5.0
2025,13,00-0040189,Oronde Gadsden II,TE,LAC,47.0,31.0,19.0,67.0,80.3,77.0,34.0,25.25,40.5,10.0,LV,7.3999999999999995,5.333333333333333,0.19177890011223342,1.3333333333333333,9.445454545454545,3.7
2025,13,00-0040194,Jackson Hawes,TE,BUF,18.0,24.0,6.0,0.0,77.8,69.0,59.0,23.75,44.5,3.0,PIT,5.666666666666667,2.0,0.06459401709401709,0.0,16.718181818181815,2.0
2025,13,00-0040198,Ollie Gordon II,RB,MIA,17.0,11.0,15.0,50.0,32.2,68.0,42.0,23.5,41.5,5.5,NO,4.033333333333333,4.333333333333333,0.14986922406277248,2.0,22.0,1.0
2025,13,00-0040202,Devin Neal,RB,NO,32.0,17.0,30.0,8.0,58.2,40.0,49.0,18.0,41.5,-5.5,MIA,6.466666666666666,8.333333333333334,0.297411934039841,0.3333333333333333,23.863636363636363,9.9
2025,13,00-0040236,Kyle Monangai,RB,CHI,42.0,27.0,37.0,67.0,84.5,42.0,45.0,18.25,43.5,-7.0,PHI,10.1,11.0,0.36706145706145704,2.6666666666666665,22.736363636363635,19.0
2025,13,00-0040237,Tez Johnson,WR,TB,42.0,44.0,17.0,100.0,72.2,73.0,41.0,24.5,44.5,4.5,ARI,11.366666666666667,5.666666666666667,0.16743701103584177,2.0,30.09090909090909,1.5
2025,13,00-0040238,LeQuint Allen Jr.,RB,JAC,13.0,5.0,8.0,17.0,31.9,72.0,51.0,24.25,42.5,6.0,TEN,1.8,3.3333333333333335,0.08313510418043259,0.6666666666666666,24.245454545454546,0.0
2025,13,00-0040242,Jacory Croskey-Merritt,RB,WSH,44.0,11.0,37.0,58.0,85.4,43.0,26.0,18.5,43.5,-6.5,DEN,4.133333333333333,11.333333333333334,0.3651899399025836,2.3333333333333335,17.89090909090909,2.0
2025,13,00-0040259,Gage Larvadain,WR,CLE,2.0,0.0,1.0,0.0,41.8,25.0,60.0,15.0,35.5,-5.5,SF,0.0,0.3333333333333333,0.013333333333333334,0.0,34.71666666666667,4.3
2025,13,00-0040494,Max Brosmer,QB,MIN,6.0,2.0,6.0,0.0,48.0,25.0,46.0,15.0,42.5,-12.5,SEA,0.5266666666666667,3.0,0.014492753623188406,0.0,18.438181818181818,4.94
2025,13,00-0040506,Myles Price,WR,MIN,0.0,0.0,0.0,0.0,56.8,25.0,34.0,15.0,42.5,-12.5,SEA,0.0,0.0,0.0,0.0,28.6,0.0
2025,13,00-0040522,Xavier Restrepo,WR,TEN,45.0,18.0,16.0,50.0,56.8,42.0,55.0,18.25,42.5,-6.0,JAC,4.6,6.0,0.15789473684210525,1.0,33.52727272727273,2.5
2025,13,00-0040534,Ke'Shawn Williams,WR,PIT,0.0,0.0,0.0,0.0,56.8,54.0,43.0,20.75,44.5,-3.0,BUF,0.0,0.0,0.0,0.0,30.727272727272727,0.0
2025,13,00-0040563,Efton Chism III,WR,NE,0.0,0.0,0.0,0.0,56.8,85.0,66.0,26.75,46.5,7.0,NYG,0.0,0.0,0.0,0.0,36.15,0.0
2025,13,00-0040581,Dont'e Thornton Jr.,WR,LV,18.0,5.0,10.0,0.0,55.1,26.0,22.0,15.25,40.5,-10.0,LAC,1.2666666666666666,2.3333333333333335,0.10136321195144726,0.0,25.65636363636364,2.1
2025,13,00-0040583,Woody Marks,RB,HOU,68.0,27.0,72.0,100.0,80.5,54.0,39.0,20.75,44.5,-3.0,IND,10.033333333333333,17.666666666666668,0.7210843504321766,4.333333333333333,21.254545454545454,7.7
2025,13,00-0040584,Gunnar Helm,TE,TEN,38.0,28.0,12.0,0.0,54.8,42.0,62.0,18.25,42.5,-6.0,JAC,6.833333333333333,4.333333333333333,0.12357282094124199,0.0,17.681818181818183,8.3
2025,13,00-0040590,Konata Mumpfield,WR,LA,12.0,15.0,5.0,17.0,58.5,87.0,20.0,27.25,44.5,10.0,CAR,4.0,1.6666666666666667,0.04931669637551991,0.3333333333333333,25.191666666666666,0.0
2025,13,00-0040644,Trevor Etienne,RB,CAR,1.0,0.0,1.0,0.0,31.2,36.0,20.0,17.25,44.5,-10.0,LA,0.06666666666666667,0.3333333333333333,0.013333333333333334,0.0,16.463636363636365,1.4
2025,13,00-0040663,Harold Fannin Jr.,TE,CLE,56.0,30.0,26.0,17.0,81.2,25.0,51.0,15.0,35.5,-5.5,SF,7.133333333333333,6.333333333333333,0.2630401234567901,0.3333333333333333,14.408333333333333,13.3
2025,13,00-0040668,Shedeur Sanders,QB,CLE,38.0,29.0,31.0,0.0,74.8,25.0,50.0,15.0,35.5,-5.5,SF,7.87,20.0,0.07851851851851852,0.0,19.361666666666668,10.56
2025,13,00-0040669,Isaac TeSlaa,WR,DET,8.0,3.0,3.0,0.0,69.8,78.0,30.0,25.5,48.5,2.5,GB,0.7000000000000001,1.0,0.02844785575048733,0.0,27.681818181818183,11.5
2025,13,00-0040676,Cam Ward,QB,TEN,70.0,55.0,74.0,31.0,73.2,42.0,62.0,18.25,42.5,-6.0,JAC,15.133333333333333,37.0,0.18482033961910124,4.0,21.656363636363636,6.34
2025,13,00-0040691,Jaxson Dart,QB,NYG,67.0,91.0,100.0,46.0,87.2,49.0,42.0,19.75,46.5,-7.0,NE,24.98,35.333333333333336,0.28888888888888886,6.0,17.815,11.56
2025,13,00-0040704,Dillon Gabriel,QB,CLE,53.0,47.0,40.0,33.0,60.2,25.0,50.0,15.0,35.5,-5.5,SF,12.846666666666666,28.333333333333332,0.09958333333333334,4.333333333333333,19.361666666666668,0.0
2025,13,00-0040705,Chimere Dike,WR,TEN,32.0,26.0,14.0,50.0,52.0,42.0,55.0,18.25,42.5,-6.0,JAC,6.766666666666667,4.333333333333333,0.13680033416875523,1.0,33.52727272727273,1.9
2025,13,00-0040719,Bhayshul Tuten,RB,JAC,37.0,15.0,28.0,67.0,53.5,72.0,51.0,24.25,42.5,6.0,TEN,5.7,9.666666666666666,0.2791956464636082,2.6666666666666665,24.245454545454546,8.9
2025,13,00-0040727,Tre Harris,WR,LAC,12.0,11.0,6.0,0.0,77.5,77.0,66.0,25.25,40.5,10.0,LV,2.7999999999999994,1.6666666666666667,0.058782267115600445,0.0,36.190909090909095,6.0
2025,13,00-0040729,Jack Bech,WR,LV,5.0,4.0,2.0,0.0,34.8,26.0,22.0,15.25,40.5,-10.0,LAC,0.9666666666666667,0.6666666666666666,0.02188034188034188,0.0,25.65636363636364,4.2
2025,13,00-0040730,RJ Harvey,RB,DEN,36.0,25.0,37.0,33.0,54.0,76.0,52.0,25.0,43.5,6.5,WSH,9.466666666666667,9.333333333333334,0.37118183196614574,1.3333333333333333,24.572727272727274,21.2
2025,13,00-0040734,TreVeyon Henderson,RB,NE,78.0,63.0,70.0,92.0,77.7,85.0,69.0,26.75,46.5,7.0,NYG,23.8,20.333333333333332,0.7033591382868357,3.6666666666666665,28.875,11.6
2025,13,00-0040735,Luther Burden III,WR,CHI,35.0,29.0,16.0,0.0,78.5,42.0,47.0,18.25,43.5,-7.0,PHI,7.633333333333333,4.666666666666667,0.15619047619047619,0.0,31.636363636363637,7.6
2025,13,00-0040736,Mason Taylor,TE,NYJ,32.0,19.0,18.0,0.0,69.0,39.0,29.0,17.75,38.5,-3.0,ATL,4.5,3.6666666666666665,0.17599067599067597,0.0,8.172727272727272,4.1
2025,13,00-0040737,Terrance Ferguson,TE,LA,24.0,16.0,8.0,0.0,48.6,87.0,52.0,27.25,44.5,10.0,CAR,3.866666666666667,2.6666666666666665,0.08127767235926629,0.0,14.741666666666667,0.0
2025,13,00-0040739,Elijah Arroyo,TE,SEA,12.0,4.0,6.0,0.0,57.3,89.0,52.0,27.5,42.5,12.5,MIN,1.0,1.3333333333333333,0.05698412698412699,0.0,14.663636363636364,0.0
2025,13,00-0040743,Tyler Shough,QB,NO,67.0,51.0,57.0,38.0,80.1,40.0,54.0,18.0,41.5,-5.5,MIA,14.046666666666667,35.333333333333336,0.14317889317889318,5.0,20.036363636363635,19.36
2025,13,00-0040782,Isaiah Bond,WR,CLE,20.0,11.0,10.0,0.0,52.8,25.0,60.0,15.0,35.5,-5.5,SF,2.8666666666666667,2.6666666666666665,0.10410774410774411,0.0,34.71666666666667,3.7
2025,13,00-0040784,Quinshon Judkins,RB,CLE,77.0,29.0,71.0,67.0,78.2,25.0,45.0,15.0,35.5,-5.5,SF,11.033333333333333,20.0,0.7112808641975308,2.6666666666666665,22.758333333333336,13.9
2025,14,00-0023459,Aaron Rodgers,QB,PIT,45.0,32.0,13.0,34.0,75.1,46.0,44.0,19.0,43.5,-5.5,BAL,8.186666666666667,23.0,0.03133903133903134,3.6666666666666665,18.396666666666665,21.46
2025,14,00-0026498,Matthew Stafford,QB,LA,60.0,69.0,6.0,63.0,88.2,96.0,36.0,29.5,49.5,9.5,ARI,17.91333333333333,30.666666666666668,0.015873015873015872,6.666666666666667,16.87333333333333,23.24
2025,14,00-0028118,Tyrod Taylor,QB,NYJ,64.0,54.0,84.0,25.0,74.0,49.0,52.0,19.5,41.5,-2.5,MIA,14.066666666666668,33.0,0.20934065934065935,2.6666666666666665,19.98,0.24
2025,14,00-0029604,Kirk Cousins,QB,ATL,47.0,41.0,14.0,16.0,64.2,45.0,39.0,18.75,44.5,-7.0,SEA,10.646666666666667,24.333333333333332,0.03489326765188834,1.6666666666666667,17.313333333333333,6.48
2025,14,00-0030035,Adam Thielen,WR,PIT,15.0,7.0,6.0,0.0,56.8,46.0,62.0,19.0,43.5,-5.5,BAL,1.7333333333333334,2.0,0.06374209575429086,0.0,35.449999999999996,1.4
2025,14,00-0030061,Zach Ertz,TE,WSH,87.0,57.0,26.0,50.0,70.4,63.0,49.0,22.5,43.5,1.5,MIN,12.733333333333334,8.666666666666666,0.2640078950423778,1.0,14.083333333333334,2.1
2025,14,00-0030279,Keenan Allen,WR,LAC,40.0,27.0,21.0,33.0,80.8,51.0,43.0,20.0,41.5,-1.5,PHI,6.733333333333333,5.333333333333333,0.2132034632034632,0.6666666666666666,30.583333333333332,5.2
2025,14,00-0030506,Travis Kelce,TE,KC,87.0,72.0,22.0,33.0,67.8,65.0,36.0,23.0,41.5,4.5,HOU,16.0,8.666666666666666,0.21791690300623934,0.6666666666666666,10.208333333333334,1.8
2025,14,00-0030564,DeAndre Hopkins,WR,BAL,25.0,13.0,14.0,17.0,80.8,73.0,70.0,24.5,43.5,5.5,PIT,3.3000000000000003,3.3333333333333335,0.1366666666666667,0.3333333333333333,37.391666666666666,0.0
2025,14,00-0030565,Geno Smith,QB,LV,77.0,58.0,78.0,53.0,87.8,32.0,26.0,16.0,40.5,-8.5,DEN,15.04,39.333333333333336,0.19576719576719573,5.666666666666667,14.886666666666665,9.04
2025,14,00-0031345,Jimmy Garoppolo,QB,LA,6.0,0.0,41.0,0.0,56.8,96.0,36.0,29.5,49.5,9.5,ARI,-0.3,3.0,0.10344827586206896,0.0,16.87333333333333,-0.4
2025,14,00-0031381,Davante Adams,WR,LA,52.0,71.0,24.0,100.0,74.8,96.0,39.0,29.5,49.5,9.5,ARI,17.366666666666667,7.0,0.23892519970951343,2.0,29.416666666666668,6.9
2025,14,00-0031610,Darren Waller,TE,MIA,20.0,24.0,8.0,33.0,37.6,61.0,46.0,22.0,41.5,2.5,NYJ,5.3,2.0,0.08448275862068966,0.6666666666666666,13.174999999999999,2.7
2025,14,00-0031687,Raheem Mostert,RB,LV,11.0,10.0,13.0,0.0,51.8,32.0,24.0,16.0,40.5,-8.5,DEN,2.9666666666666663,3.0,0.13085063085063084,0.0,17.825,1.2
2025,14,00-0032104,Ameer Abdullah,RB,IND,2.0,2.0,2.0,0.0,40.0,68.0,25.0,23.5,44.5,2.5,JAC,0.6,0.6666666666666666,0.02357320099255583,0.0,17.875,2.9
2025,14,00-0032211,Tyler Lockett,WR,LV,22.0,25.0,8.0,0.0,57.1,32.0,30.0,16.0,40.5,-8.5,DEN,6.199999999999999,3.0,0.08047508047508047,0.0,27.208333333333332,7.1
2025,14,00-0032268,Marcus Mariota,QB,WSH,79.0,79.0,81.0,81.0,81.6,63.0,26.0,22.5,43.5,1.5,MIN,20.466666666666665,40.333333333333336,0.2031425364758698,8.666666666666666,14.725,1.9
2025,14,00-0032385,Sterling Shepard,WR,TB,32.0,21.0,15.0,50.0,57.4,73.0,37.0,24.5,41.5,7.5,NO,5.266666666666667,4.333333333333333,0.15070551113561867,1.0,28.95,1.5
2025,14,00-0032764,Derrick Henry,RB,BAL,68.0,70.0,63.0,100.0,84.4,73.0,34.0,24.5,43.5,5.5,PIT,20.13333333333333,18.0,0.6285086155674391,4.666666666666667,20.2,11.2
2025,14,00-0032951,Laquon Treadwell,WR,IND,0.0,0.0,0.0,0.0,56.8,68.0,48.0,23.5,44.5,2.5,JAC,0.0,0.0,0.0,0.0,31.833333333333332,0.0
2025,14,00-0033077,Dak Prescott,QB,DAL,78.0,98.0,54.0,100.0,92.4,80.0,58.0,26.0,55.5,-3.5,DET,25.326666666666664,40.0,0.13523573200992556,10.666666666666666,21.228333333333335,20.44
2025,14,00-0033106,Jared Goff,QB,DET,69.0,70.0,11.0,38.0,87.8,96.0,80.0,29.5,55.5,3.5,DAL,17.966666666666665,35.666666666666664,0.02777777777777778,4.0,25.621666666666666,16.16
2025,14,00-0033119,Jacoby Brissett,QB,ARI,100.0,85.0,60.0,69.0,90.6,51.0,35.0,20.0,49.5,-9.5,LA,22.066666666666666,51.333333333333336,0.15025062656641602,7.333333333333333,16.581666666666667,21.04
2025,14,00-0033217,Mo Alie-Cox,TE,IND,10.0,3.0,3.0,17.0,66.5,68.0,61.0,23.5,44.5,2.5,JAC,0.6333333333333333,1.0,0.030517645437000276,0.3333333333333333,17.474999999999998,0.0
2025,14,00-0033293,Aaron Jones,RB,MIN,56.0,30.0,70.0,17.0,75.9,56.0,53.0,21.0,43.5,-1.5,WSH,8.766666666666666,15.0,0.6999753279925693,0.6666666666666666,25.025000000000002,7.6
2025,14,00-0033319,Nick Mullens,QB,JAC,6.0,0.0,44.0,0.0,56.8,56.0,37.0,21.0,44.5,-2.5,IND,-0.3,3.0,0.1111111111111111,0.0,17.078333333333333,0.02
2025,14,00-0033357,Taysom Hill,TE,NO,67.0,8.0,22.0,0.0,66.5,37.0,46.0,17.0,41.5,-7.5,TB,1.8,6.666666666666667,0.21708079551216808,0.0,13.316666666666668,-0.1
2025,14,00-0033375,Tim Patrick,WR,JAC,22.0,18.0,12.0,50.0,47.1,56.0,63.0,21.0,44.5,-2.5,IND,4.366666666666666,3.0,0.11838383838383838,1.0,35.666666666666664,18.8
2025,14,00-0033376,Patrick Ricard,RB,BAL,2.0,1.0,1.0,0.0,31.2,73.0,34.0,24.5,43.5,5.5,PIT,0.15,0.5,0.013888888888888888,0.0,20.2,0.0
2025,14,00-0033439,Pharaoh Brown,TE,ARI,0.0,0.0,0.0,0.0,56.8,51.0,47.0,20.0,49.5,-9.5,LA,0.0,0.0,0.0,0.0,13.5,0.0
2025,14,00-0033455,Anthony Firkser,TE,DET,10.0,6.0,4.0,50.0,56.8,96.0,48.0,29.5,55.5,3.5,DAL,1.4,1.0,0.037037037037037035,1.0,13.85,1.7
2025,14,00-0033526,Samaje Perine,RB,CIN,34.0,29.0,32.0,50.0,39.9,71.0,55.0,24.25,54.5,-6.0,BUF,8.299999999999999,9.0,0.31932367149758456,2.0,25.425,4.8
2025,14,00-0033572,Jamal Agnew,WR,ATL,0.0,0.0,0.0,0.0,56.8,45.0,30.0,18.75,44.5,-7.0,SEA,0.0,0.0,0.0,0.0,27.133333333333336,0.0
2025,14,00-0033591,Noah Brown,WR,WSH,26.0,13.0,10.0,25.0,79.9,63.0,22.0,22.5,43.5,1.5,MIN,3.3,3.5,0.10172413793103449,0.5,25.183333333333334,2.9
2025,14,00-0033854,Dare Ogunbowale,RB,HOU,1.0,2.0,1.0,0.0,37.2,44.0,27.0,18.5,41.5,-4.5,KC,0.6333333333333333,0.3333333333333333,0.008333333333333333,0.0,18.491666666666667,6.5
2025,14,00-0033857,JuJu Smith-Schuster,WR,KC,8.0,2.0,3.0,17.0,32.2,65.0,23.0,23.0,41.5,4.5,HOU,0.6,1.0,0.025920542635658916,0.3333333333333333,25.433333333333334,1.5
2025,14,00-0033858,Jonnu Smith,TE,PIT,30.0,11.0,10.0,33.0,54.3,46.0,40.0,19.0,43.5,-5.5,BAL,2.466666666666667,3.0,0.10459721961390482,0.6666666666666666,11.533333333333333,0.0
2025,14,00-0033873,Patrick Mahomes,QB,KC,86.0,80.0,40.0,88.0,84.8,65.0,20.0,23.0,41.5,4.5,HOU,20.62,44.333333333333336,0.09980810988234105,9.333333333333334,13.604999999999999,12.3
2025,14,00-0033881,Evan Engram,TE,DEN,63.0,37.0,18.0,67.0,68.3,73.0,31.0,24.5,40.5,8.5,LV,8.133333333333333,6.333333333333333,0.1845507433742728,1.3333333333333333,8.966666666666667,2.8
2025,14,00-0033885,David Njoku,TE,CLE,20.0,21.0,8.0,17.0,68.7,46.0,41.0,19.0,33.5,4.5,TEN,4.733333333333333,2.0,0.07648550724637682,0.3333333333333333,11.666666666666666,7.1
2025,14,00-0033908,Cooper Kupp,WR,SEA,38.0,20.0,17.0,33.0,87.1,79.0,47.0,25.75,44.5,7.0,ATL,5.033333333333334,5.0,0.1668599033816425,0.6666666666666666,31.641666666666666,11.5
2025,14,00-0033921,Chris Godwin Jr.,WR,TB,32.0,26.0,15.0,50.0,73.5,73.0,37.0,24.5,41.5,7.5,NO,6.433333333333334,4.333333333333333,0.15134408602150537,1.0,28.95,10.5
2025,14,00-0033923,Kareem Hunt,RB,KC,80.0,51.0,82.0,100.0,71.2,65.0,32.0,23.0,41.5,4.5,HOU,14.733333333333334,21.333333333333332,0.8159178225286513,4.0,19.741666666666667,9.0
2025,14,00-0033955,Jeremy McNichols,RB,WSH,25.0,16.0,22.0,25.0,87.6,63.0,38.0,22.5,43.5,1.5,MIN,4.6000000000000005,6.666666666666667,0.21569333178528582,1.0,21.308333333333334,1.2
2025,14,00-0034073,Ross Dwelley,TE,DET,13.0,2.0,5.0,33.0,31.2,96.0,48.0,29.5,55.5,3.5,DAL,0.43333333333333335,1.3333333333333333,0.0474537037037037,0.6666666666666666,13.85,1.4
2025,14,00-0034159,Will Dissly,TE,LAC,13.0,8.0,4.0,0.0,53.0,51.0,32.0,20.0,41.5,-1.5,PHI,1.8333333333333333,1.3333333333333333,0.036062378167641324,0.0,9.091666666666667,1.1
2025,14,00-0034272,Marquez Valdes-Scantling,WR,PIT,18.0,11.0,6.0,0.0,64.9,46.0,62.0,19.0,43.5,-5.5,BAL,2.6666666666666665,2.3333333333333335,0.059514059514059504,0.0,35.449999999999996,0.0
2025,14,00-0034348,Courtland Sutton,WR,DEN,45.0,44.0,18.0,67.0,70.8,73.0,66.0,24.5,40.5,8.5,LV,10.833333333333334,6.0,0.17733247145011852,1.3333333333333333,36.358333333333334,12.2
2025,14,00-0034351,Dallas Goedert,TE,PHI,37.0,20.0,12.0,0.0,78.0,58.0,38.0,21.5,41.5,1.5,LAC,4.366666666666666,3.6666666666666665,0.12469135802469135,0.0,10.883333333333333,15.8
2025,14,00-0034365,Ian Thomas,TE,LV,20.0,19.0,6.0,0.0,46.4,32.0,48.0,16.0,40.5,-8.5,DEN,4.133333333333334,2.0,0.05544455544455545,0.0,13.841666666666667,3.7
2025,14,00-0034383,Dalton Schultz,TE,HOU,70.0,38.0,21.0,67.0,65.9,44.0,39.0,18.5,41.5,-4.5,KC,8.466666666666667,7.0,0.20595238095238097,1.3333333333333333,11.191666666666668,5.2
2025,14,00-0034487,Trent Sherfield,WR,ARI,10.0,7.0,4.0,17.0,71.0,51.0,40.0,20.0,49.5,-9.5,LA,1.7,1.3333333333333333,0.03888888888888888,0.3333333333333333,29.7,0.0
2025,14,00-0034521,Allen Lazard,WR,NYJ,15.0,7.0,7.0,17.0,73.3,49.0,34.0,19.5,41.5,-2.5,MIA,1.8,2.0,0.07220273238070792,0.3333333333333333,28.275000000000002,0.0
2025,14,00-0034613,Tanner Hudson,TE,CIN,20.0,23.0,5.0,33.0,61.3,71.0,20.0,24.25,54.5,-6.0,BUF,5.166666666666667,2.0,0.05059646236116824,0.6666666666666666,5.675,2.1
2025,14,00-0034753,Mark Andrews,TE,BAL,57.0,40.0,21.0,67.0,72.2,73.0,56.0,24.5,43.5,5.5,PIT,8.833333333333334,5.666666666666667,0.21405228758169934,1.3333333333333333,15.975,1.9
2025,14,00-0034775,Christian Kirk,WR,HOU,32.0,26.0,13.0,100.0,52.8,44.0,36.0,18.5,41.5,-4.5,KC,6.433333333333334,4.333333333333333,0.12748917748917749,2.0,28.78333333333333,1.6
2025,14,00-0034791,Nick Chubb,RB,HOU,26.0,16.0,24.0,33.0,60.3,44.0,27.0,18.5,41.5,-4.5,KC,4.533333333333333,7.0,0.2372080604817178,1.3333333333333333,18.491666666666667,0.3
2025,14,00-0034796,Lamar Jackson,QB,BAL,63.0,37.0,82.0,56.0,86.2,73.0,56.0,24.5,43.5,5.5,PIT,9.493333333333332,32.333333333333336,0.2039809863339275,6.0,20.823333333333334,23.06
2025,14,00-0034798,Durham Smythe,TE,CHI,13.0,5.0,5.0,0.0,34.0,46.0,44.0,19.0,44.5,-6.5,GB,1.0666666666666667,1.3333333333333333,0.046825396825396826,0.0,12.658333333333333,1.2
2025,14,00-0034827,DJ Moore,WR,CHI,42.0,42.0,18.0,67.0,58.5,46.0,38.0,19.0,44.5,-6.5,GB,10.4,5.666666666666667,0.18121460395396563,1.3333333333333333,29.208333333333332,0.6
2025,14,00-0034829,Mike Gesicki,TE,CIN,50.0,22.0,13.0,33.0,76.4,71.0,20.0,24.25,54.5,-6.0,BUF,4.966666666666667,5.0,0.13079322638146168,0.6666666666666666,5.675,20.6
2025,14,00-0034844,Saquon Barkley,RB,PHI,76.0,35.0,78.0,50.0,76.0,58.0,37.0,21.5,41.5,1.5,LAC,10.0,20.333333333333332,0.7777414669571533,2.0,20.908333333333335,18.2
2025,14,00-0034855,Baker Mayfield,QB,TB,58.0,55.0,65.0,63.0,76.2,73.0,36.0,24.5,41.5,7.5,NO,14.273333333333333,30.0,0.16278612830336966,6.666666666666667,16.798333333333336,13.08
2025,14,00-0034857,Josh Allen,QB,BUF,69.0,100.0,83.0,47.0,75.5,100.0,58.0,30.25,54.5,6.0,CIN,25.84,35.333333333333336,0.20868854788292132,5.0,21.215,35.84
2025,14,00-0034860,Dante Pettis,WR,NO,2.0,3.0,1.0,0.0,31.2,37.0,58.0,17.0,41.5,-7.5,TB,0.7999999999999999,0.3333333333333333,0.007751937984496124,0.0,34.416666666666664,0.0
2025,14,00-0034869,Sam Darnold,QB,SEA,64.0,45.0,14.0,47.0,75.0,79.0,41.0,25.75,44.5,7.0,ATL,11.68,33.0,0.03571428571428572,5.0,17.736666666666668,24.26
2025,14,00-0034960,Jakobi Meyers,WR,JAC,48.0,65.0,25.0,67.0,85.5,56.0,63.0,21.0,44.5,-2.5,IND,15.899999999999999,6.333333333333333,0.24992143658810326,1.3333333333333333,35.666666666666664,14.8
2025,14,00-0034981,Foster Moreau,TE,NO,20.0,10.0,7.0,17.0,50.5,37.0,46.0,17.0,41.5,-7.5,TB,2.3000000000000003,2.0,0.06582131958328949,0.3333333333333333,13.316666666666668,2.6
2025,14,00-0035208,Olamide Zaccheaus,WR,CHI,20.0,9.0,8.0,17.0,59.9,46.0,38.0,19.0,44.5,-6.5,GB,2.3333333333333335,2.6666666666666665,0.07939814814814815,0.3333333333333333,29.208333333333332,8.7
2025,14,00-0035229,T.J. Hockenson,TE,MIN,57.0,37.0,22.0,17.0,84.2,56.0,52.0,21.0,43.5,-1.5,WSH,8.233333333333334,5.666666666666667,0.22220625798212004,0.3333333333333333,14.950000000000001,9.2
2025,14,00-0035249,Josh Oliver,TE,MIN,10.0,6.0,4.0,17.0,79.3,56.0,52.0,21.0,43.5,-1.5,WSH,1.3333333333333333,1.0,0.037482193732193726,0.3333333333333333,14.950000000000001,16.4
2025,14,00-0035261,Tony Pollard,RB,TEN,51.0,24.0,69.0,0.0,87.4,25.0,30.0,14.5,33.5,-4.5,CLE,7.0,13.666666666666666,0.6915253820826578,0.0,19.248333333333335,28.1
2025,14,00-0035359,David Sills,WR,ATL,22.0,29.0,12.0,33.0,67.7,45.0,30.0,18.75,44.5,-7.0,SEA,7.066666666666667,3.0,0.1159992584352985,0.6666666666666666,27.133333333333336,0.0
2025,14,00-0035406,Lil'Jordan Humphrey,WR,DEN,27.0,13.0,13.0,33.0,31.2,73.0,66.0,24.5,40.5,8.5,LV,3.1666666666666665,3.6666666666666665,0.1307026307026307,0.6666666666666666,36.358333333333334,5.7
2025,14,00-0035537,Ty Johnson,RB,BUF,19.0,33.0,18.0,17.0,67.4,100.0,80.0,30.25,54.5,6.0,CIN,9.566666666666666,5.0,0.181278417163967,0.6666666666666666,31.656666666666666,5.9
2025,14,00-0035544,Tom Kennedy,WR,DET,30.0,31.0,15.0,0.0,56.8,96.0,80.0,29.5,55.5,3.5,DAL,7.6,4.0,0.14814814814814814,0.0,40.09166666666666,0.0
2025,14,00-0035594,Travis Homer,RB,CHI,1.0,-0.0,1.0,0.0,41.8,46.0,33.0,19.0,44.5,-6.5,GB,-0.06666666666666667,0.3333333333333333,0.008547008547008546,0.0,19.916666666666668,0.0
2025,14,00-0035640,DK Metcalf,WR,PIT,57.0,41.0,27.0,0.0,78.0,46.0,62.0,19.0,43.5,-5.5,BAL,10.166666666666666,7.666666666666667,0.27278072317004465,0.0,35.449999999999996,21.8
2025,14,00-0035644,Noah Fant,TE,CIN,30.0,18.0,8.0,17.0,35.2,71.0,20.0,24.25,54.5,-6.0,BUF,3.9333333333333336,3.0,0.07623748800219389,0.3333333333333333,5.675,2.5
2025,14,00-0035659,Terry McLaurin,WR,WSH,55.0,64.0,22.0,100.0,62.2,63.0,22.0,22.5,43.5,1.5,MIN,15.799999999999999,7.333333333333333,0.2222222222222222,2.0,25.183333333333334,7.1
2025,14,00-0035662,Marquise Brown,WR,KC,18.0,27.0,6.0,17.0,55.9,65.0,23.0,23.0,41.5,4.5,HOU,6.666666666666667,2.3333333333333335,0.05959302325581395,0.3333333333333333,25.433333333333334,4.5
2025,14,00-0035676,A.J. Brown,WR,PHI,82.0,98.0,36.0,100.0,80.0,58.0,20.0,21.5,41.5,1.5,LAC,24.033333333333335,11.0,0.36172839506172844,2.0,24.635,16.0
2025,14,00-0035685,David Montgomery,RB,DET,31.0,28.0,33.0,33.0,78.1,96.0,46.0,29.5,55.5,3.5,DAL,8.066666666666666,8.333333333333334,0.33248862897985704,1.3333333333333333,23.291666666666668,14.3
2025,14,00-0035689,Dawson Knox,TE,BUF,37.0,21.0,13.0,17.0,83.0,100.0,80.0,30.25,54.5,6.0,CIN,4.6000000000000005,3.6666666666666665,0.13297101449275361,0.3333333333333333,23.03333333333333,15.3
2025,14,00-0035700,Josh Jacobs,RB,GB,66.0,41.0,64.0,42.0,57.4,77.0,42.0,25.5,44.5,6.5,CHI,11.933333333333332,17.666666666666668,0.6350310703234241,1.6666666666666667,22.208333333333332,17.2
2025,14,00-0035704,Drew Lock,QB,SEA,8.0,0.0,23.0,0.0,64.7,79.0,41.0,25.75,44.5,7.0,ATL,0.04999999999999999,4.0,0.05862977602108037,0.0,17.736666666666668,0.0
2025,14,00-0035710,Daniel Jones,QB,IND,62.0,68.0,50.0,53.0,93.0,68.0,54.0,23.5,44.5,2.5,JAC,17.493333333333336,31.666666666666668,0.12403490167624788,5.666666666666667,20.38,2.8
2025,14,00-0035719,Deebo Samuel Sr.,WR,WSH,57.0,61.0,25.0,83.0,77.3,63.0,22.0,22.5,43.5,1.5,MIN,14.9,7.666666666666667,0.24986648090096364,1.6666666666666667,25.183333333333334,6.7
2025,14,00-0035876,Andre Baccellia,WR,ARI,4.0,3.0,1.0,25.0,31.2,51.0,40.0,20.0,49.5,-9.5,LA,0.75,0.5,0.008928571428571428,0.5,29.7,1.3
2025,14,00-0035891,Cody White,WR,SEA,2.0,4.0,1.0,0.0,31.2,79.0,47.0,25.75,44.5,7.0,ATL,1.0333333333333334,0.3333333333333333,0.014492753623188406,0.0,31.641666666666666,1.9
2025,14,00-0036040,Juwan Johnson,TE,NO,67.0,58.0,19.0,17.0,72.5,37.0,46.0,17.0,41.5,-7.5,TB,12.9,6.666666666666667,0.19378091129117123,0.3333333333333333,13.316666666666668,7.8
2025,14,00-0036133,James Proche,WR,TEN,15.0,19.0,5.0,0.0,56.6,25.0,25.0,14.5,33.5,-4.5,CLE,4.75,2.0,0.0537593984962406,0.0,25.900000000000002,0.0
2025,14,00-0036182,Nick Westbrook-Ikhine,WR,MIA,12.0,8.0,5.0,0.0,31.2,61.0,36.0,22.0,41.5,2.5,NYJ,1.9666666666666668,1.6666666666666667,0.05190905190905191,0.0,28.75,0.0
2025,14,00-0036187,Reggie Gilliam,RB,BUF,1.0,1.0,1.0,0.0,37.2,100.0,80.0,30.25,54.5,6.0,CIN,0.39999999999999997,0.3333333333333333,0.010416666666666666,0.0,31.656666666666666,0.0
2025,14,00-0036196,Gabe Davis,WR,BUF,20.0,16.0,9.0,33.0,61.9,100.0,29.0,30.25,54.5,6.0,CIN,3.9,2.6666666666666665,0.0942632850241546,0.6666666666666666,26.831666666666667,4.1
2025,14,00-0036212,Tua Tagovailoa,QB,MIA,45.0,37.0,25.0,34.0,80.7,61.0,38.0,22.0,41.5,2.5,NYJ,9.446666666666667,23.333333333333332,0.06317204301075269,3.6666666666666665,17.22,9.08
2025,14,00-0036223,Jonathan Taylor,RB,IND,100.0,85.0,98.0,100.0,64.7,68.0,25.0,23.5,44.5,2.5,JAC,24.433333333333334,26.666666666666668,0.9825984517432719,4.666666666666667,17.875,13.4
2025,14,00-0036244,Colby Parkinson,TE,LA,37.0,45.0,13.0,83.0,71.3,96.0,50.0,29.5,49.5,9.5,ARI,10.066666666666668,3.6666666666666665,0.12563543936092955,1.6666666666666667,14.458333333333334,12.2
2025,14,00-0036252,Michael Pittman,WR,IND,35.0,27.0,16.0,50.0,47.8,68.0,48.0,23.5,44.5,2.5,JAC,6.633333333333333,4.666666666666667,0.16499586435070307,1.0,31.833333333333332,16.9
2025,14,00-0036264,Jordan Love,QB,GB,55.0,63.0,43.0,38.0,76.3,77.0,59.0,25.5,44.5,6.5,CHI,16.16,28.333333333333332,0.10835058661145618,4.0,21.363333333333333,21.26
2025,14,00-0036275,D'Andre Swift,RB,CHI,64.0,39.0,46.0,42.0,62.6,46.0,33.0,19.0,44.5,-6.5,GB,11.233333333333334,17.0,0.45766262697113763,1.6666666666666667,19.916666666666668,11.2
2025,14,00-0036290,Cole Kmet,TE,CHI,30.0,35.0,10.0,0.0,50.1,46.0,44.0,19.0,44.5,-6.5,GB,7.8,3.0,0.10188492063492065,0.0,12.658333333333333,6.2
2025,14,00-0036309,Darnell Mooney,WR,ATL,38.0,37.0,18.0,33.0,65.0,45.0,30.0,18.75,44.5,-7.0,SEA,9.1,5.0,0.1842232109751576,0.6666666666666666,27.133333333333336,1.6
2025,14,00-0036322,Justin Jefferson,WR,MIN,52.0,30.0,27.0,0.0,72.0,56.0,66.0,21.0,43.5,-1.5,WSH,7.433333333333334,7.0,0.27382662835249044,0.0,36.53333333333333,3.1
2025,14,00-0036331,Devin Duvernay,WR,CHI,0.0,0.0,0.0,0.0,56.8,46.0,38.0,19.0,44.5,-6.5,GB,0.0,0.0,0.0,0.0,29.208333333333332,3.4
2025,14,00-0036332,Josiah Deguara,TE,ARI,3.0,2.0,1.0,0.0,31.2,51.0,47.0,20.0,49.5,-9.5,LA,0.5333333333333333,0.3333333333333333,0.007246376811594203,0.0,13.5,0.0
2025,14,00-0036355,Justin Herbert,QB,LAC,53.0,45.0,56.0,50.0,75.3,51.0,38.0,20.0,41.5,-1.5,PHI,11.626666666666667,27.333333333333332,0.13951925481370342,5.333333333333333,17.273333333333333,16.16
2025,14,00-0036358,CeeDee Lamb,WR,DAL,68.0,72.0,26.0,100.0,80.5,80.0,68.0,26.0,55.5,-3.5,DET,17.76666666666667,9.0,0.2587596525096525,2.3333333333333335,36.968333333333334,18.1
2025,14,00-0036389,Jalen Hurts,QB,PHI,79.0,85.0,100.0,44.0,84.7,58.0,26.0,21.5,41.5,1.5,LAC,21.886666666666667,40.666666666666664,0.29139433551198257,4.666666666666667,14.741666666666667,10.4
2025,14,00-0036407,Jerry Jeudy,WR,CLE,35.0,21.0,21.0,17.0,81.3,46.0,66.0,19.0,33.5,4.5,TEN,5.2,4.666666666666667,0.2068599033816425,0.3333333333333333,36.358333333333334,16.6
2025,14,00-0036410,Tee Higgins,WR,CIN,57.0,74.0,19.0,50.0,74.7,71.0,36.0,24.25,54.5,-6.0,BUF,18.166666666666668,7.666666666666667,0.19386626445449973,1.0,28.683333333333334,27.2
2025,14,00-0036415,Van Jefferson,WR,TEN,30.0,25.0,11.0,17.0,47.0,25.0,25.0,14.5,33.5,-4.5,CLE,6.099999999999999,4.0,0.11168198273461431,0.3333333333333333,25.900000000000002,3.7
2025,14,00-0036422,Adam Trautman,TE,DEN,20.0,16.0,5.0,0.0,39.1,73.0,31.0,24.5,40.5,8.5,LV,3.5666666666666664,2.0,0.05437046613517202,0.0,8.966666666666667,3.7
2025,14,00-0036442,Joe Burrow,QB,CIN,56.0,45.0,24.0,66.0,58.3,71.0,23.0,24.25,54.5,-6.0,BUF,11.699999999999998,29.0,0.05928853754940711,7.0,14.293333333333335,27.36
2025,14,00-0036550,Rashod Bateman,WR,BAL,18.0,15.0,9.0,67.0,42.5,73.0,70.0,24.5,43.5,5.5,PIT,3.766666666666667,2.3333333333333335,0.09289164941338852,1.3333333333333333,37.391666666666666,4.3
2025,14,00-0036554,Nico Collins,WR,HOU,60.0,73.0,23.0,33.0,65.0,44.0,36.0,18.5,41.5,-4.5,KC,18.066666666666666,8.0,0.23301820728291314,0.6666666666666666,28.78333333333333,16.1
2025,14,00-0036590,Quintin Morris,TE,JAC,17.0,7.0,7.0,17.0,36.3,56.0,57.0,21.0,44.5,-2.5,IND,1.5,1.6666666666666667,0.07212121212121213,0.3333333333333333,16.325,0.0
2025,14,00-0036613,Jaylen Waddle,WR,MIA,50.0,47.0,33.0,17.0,79.1,61.0,36.0,22.0,41.5,2.5,NYJ,11.533333333333331,6.666666666666667,0.3277777777777777,0.3333333333333333,28.75,18.1
2025,14,00-0036620,Dee Eskridge,WR,MIA,8.0,9.0,3.0,0.0,31.2,61.0,36.0,22.0,41.5,2.5,NYJ,2.1666666666666665,1.0,0.03123123123123123,0.0,28.75,0.0
2025,14,00-0036628,John Bates,TE,WSH,27.0,13.0,11.0,0.0,65.3,63.0,49.0,22.5,43.5,1.5,MIN,2.8333333333333335,2.6666666666666665,0.1086099086099086,0.0,14.083333333333334,0.0
2025,14,00-0036637,Noah Gray,TE,KC,27.0,13.0,7.0,0.0,49.8,65.0,36.0,23.0,41.5,4.5,HOU,2.8000000000000003,2.6666666666666665,0.0657578187650361,0.0,10.208333333333334,2.4
2025,14,00-0036741,Jack Stoll,TE,NO,10.0,3.0,3.0,0.0,67.0,37.0,46.0,17.0,41.5,-7.5,TB,0.5666666666666667,1.0,0.025171292823205803,0.0,13.316666666666668,0.0
2025,14,00-0036825,Feleipe Franks,TE,ATL,3.0,0.0,1.0,0.0,37.2,45.0,56.0,18.75,44.5,-7.0,SEA,0.06666666666666667,0.3333333333333333,0.011494252873563218,0.0,16.224999999999998,0.0
2025,14,00-0036841,Austin Trammell,WR,JAC,15.0,3.0,8.0,17.0,35.5,56.0,63.0,21.0,44.5,-2.5,IND,0.7666666666666666,2.0,0.0795959595959596,0.3333333333333333,35.666666666666664,0.0
2025,14,00-0036842,Kene Nwangwu,RB,NYJ,0.0,0.0,0.0,0.0,56.8,49.0,44.0,19.5,41.5,-2.5,MIA,0.0,0.0,0.0,0.0,22.825,0.0
2025,14,00-0036862,Ben Skowronek,WR,PIT,5.0,4.0,3.0,0.0,35.1,46.0,62.0,19.0,43.5,-5.5,BAL,1.0333333333333334,0.6666666666666666,0.025904203323558164,0.0,35.449999999999996,2.3
2025,14,00-0036876,Kylen Granson,TE,PHI,7.0,2.0,2.0,0.0,31.2,58.0,38.0,21.5,41.5,1.5,LAC,0.4666666666666666,0.6666666666666666,0.024691358024691357,0.0,10.883333333333333,0.0
2025,14,00-0036894,Pat Freiermuth,TE,PIT,23.0,30.0,8.0,17.0,62.1,46.0,40.0,19.0,43.5,-5.5,BAL,6.7,2.3333333333333335,0.07946660310397796,0.3333333333333333,11.533333333333333,2.9
2025,14,00-0036900,Ja'Marr Chase,WR,CIN,80.0,56.0,25.0,100.0,73.8,71.0,36.0,24.25,54.5,-6.0,BUF,13.700000000000001,10.666666666666666,0.25078995078995076,2.0,28.683333333333334,10.2
2025,14,00-0036906,Khalil Herbert,RB,NYJ,0.0,0.0,0.0,0.0,56.8,49.0,44.0,19.5,41.5,-2.5,MIA,0.0,0.0,0.0,0.0,22.825,0.0
2025,14,00-0036912,DeVonta Smith,WR,PHI,60.0,36.0,25.0,17.0,64.6,58.0,20.0,21.5,41.5,1.5,LAC,8.833333333333334,8.0,0.2524691358024691,0.3333333333333333,24.635,7.7
2025,14,00-0036919,Kenny Gainwell,RB,PIT,51.0,63.0,51.0,50.0,70.3,46.0,47.0,19.0,43.5,-5.5,BAL,18.066666666666666,13.666666666666666,0.5051400006906125,2.0,23.40833333333333,16.2
2025,14,00-0036924,Michael Carter,RB,ARI,35.0,32.0,34.0,17.0,84.8,51.0,24.0,20.0,49.5,-9.5,LA,9.333333333333334,9.333333333333334,0.33613153035349835,0.6666666666666666,17.733333333333334,5.1
2025,14,00-0036963,Amon-Ra St. Brown,WR,DET,65.0,49.0,24.0,50.0,40.4,96.0,80.0,29.5,55.5,3.5,DAL,12.033333333333333,8.666666666666666,0.23749187784275505,1.0,40.09166666666666,15.2
2025,14,00-0036970,Kyle Pitts,TE,ATL,53.0,35.0,20.0,0.0,56.4,45.0,56.0,18.75,44.5,-7.0,SEA,7.699999999999999,5.333333333333333,0.20383759733036708,0.0,16.224999999999998,15.0
2025,14,00-0036971,Trevor Lawrence,QB,JAC,60.0,80.0,53.0,56.0,89.8,56.0,37.0,21.0,44.5,-2.5,IND,20.606666666666666,30.666666666666668,0.13202183946864796,6.0,17.078333333333333,19.36
2025,14,00-0036973,Travis Etienne,RB,JAC,66.0,52.0,55.0,92.0,74.7,56.0,37.0,21.0,44.5,-2.5,IND,15.0,17.666666666666668,0.5495521578500301,3.6666666666666665,20.908333333333335,21.2
2025,14,00-0036997,Javonte Williams,RB,DAL,82.0,45.0,74.0,100.0,89.0,80.0,20.0,26.0,55.5,-3.5,DET,13.133333333333335,22.0,0.7355767434396467,4.333333333333333,16.733333333333334,14.7
2025,14,00-0037013,Zach Wilson,QB,MIA,10.0,3.0,17.0,0.0,31.2,61.0,38.0,22.0,41.5,2.5,NYJ,0.79,5.0,0.041666666666666664,0.0,17.22,-0.2
2025,14,00-0037085,Tyler Badie,RB,DEN,9.0,7.0,6.0,0.0,37.2,73.0,46.0,24.5,40.5,8.5,LV,1.9333333333333333,2.3333333333333335,0.062306974071679955,0.0,23.241666666666664,3.1
2025,14,00-0037091,Bo Melton,WR,GB,22.0,11.0,10.0,0.0,47.1,77.0,60.0,25.5,44.5,6.5,CHI,2.6666666666666665,3.0,0.09871427922402436,0.0,34.975,11.5
2025,14,00-0037132,Britain Covey,WR,PHI,0.0,0.0,0.0,0.0,56.8,58.0,20.0,21.5,41.5,1.5,LAC,0.0,0.0,0.0,0.0,24.635,0.0
2025,14,00-0037157,Bam Knight,RB,ARI,48.0,54.0,57.0,33.0,83.9,51.0,24.0,20.0,49.5,-9.5,LA,15.5,12.666666666666666,0.5657651767491585,1.3333333333333333,17.733333333333334,6.4
2025,14,00-0037197,Isiah Pacheco,RB,KC,42.0,27.0,34.0,33.0,64.0,65.0,32.0,23.0,41.5,4.5,HOU,7.833333333333333,11.333333333333334,0.339203990185682,1.3333333333333333,19.741666666666667,3.0
2025,14,00-0037228,Jaylen Warren,RB,PIT,55.0,39.0,57.0,33.0,85.5,46.0,47.0,19.0,43.5,-5.5,BAL,11.300000000000002,14.666666666666666,0.5684134511720719,1.3333333333333333,23.40833333333333,15.2
2025,14,00-0037239,Chris Olave,WR,NO,70.0,71.0,27.0,33.0,81.5,37.0,58.0,17.0,41.5,-7.5,TB,17.366666666666664,9.333333333333334,0.27196674734294435,0.6666666666666666,34.416666666666664,6.0
2025,14,00-0037240,Jameson Williams,WR,DET,55.0,63.0,24.0,17.0,49.0,96.0,80.0,29.5,55.5,3.5,DAL,15.533333333333333,7.333333333333333,0.2423651721897336,0.3333333333333333,40.09166666666666,17.3
2025,14,00-0037247,George Pickens,WR,DAL,82.0,100.0,32.0,100.0,82.4,80.0,68.0,26.0,55.5,-3.5,DET,24.600000000000005,11.0,0.31741473616473614,2.3333333333333335,36.968333333333334,8.7
2025,14,00-0037248,James Cook,RB,BUF,92.0,73.0,79.0,75.0,88.2,100.0,80.0,30.25,54.5,6.0,CIN,21.0,24.666666666666668,0.7852070900824097,3.0,31.656666666666666,13.1
2025,14,00-0037252,Greg Dulcich,TE,MIA,33.0,17.0,16.0,33.0,80.7,61.0,46.0,22.0,41.5,2.5,NYJ,3.7999999999999994,3.3333333333333335,0.1634920634920635,0.6666666666666666,13.174999999999999,7.1
2025,14,00-0037256,Rachaad White,RB,TB,32.0,22.0,28.0,8.0,72.2,73.0,41.0,24.5,41.5,7.5,NO,6.433333333333334,8.666666666666666,0.2784109388187994,0.3333333333333333,22.0,6.5
2025,14,00-0037261,Khalil Shakir,WR,BUF,42.0,29.0,20.0,33.0,45.8,100.0,29.0,30.25,54.5,6.0,CIN,7.066666666666666,5.666666666666667,0.19547101449275361,0.6666666666666666,26.831666666666667,9.6
2025,14,00-0037263,Tyler Allgeier,RB,ATL,35.0,33.0,32.0,33.0,67.8,45.0,28.0,18.75,44.5,-7.0,SEA,9.666666666666666,9.333333333333334,0.31813920228825676,1.3333333333333333,18.833333333333332,8.7
2025,14,00-0037267,Jerome Ford,RB,CLE,6.0,5.0,7.0,0.0,40.0,46.0,47.0,19.0,33.5,4.5,TEN,1.5333333333333334,1.6666666666666667,0.06915727321524423,0.0,23.391666666666666,3.0
2025,14,00-0037291,Jalen Nailor,WR,MIN,8.0,4.0,4.0,0.0,65.8,56.0,66.0,21.0,43.5,-1.5,WSH,0.8666666666666667,1.0,0.0404294380587484,0.0,36.53333333333333,6.0
2025,14,00-0037292,Andrew Ogletree,TE,IND,10.0,16.0,3.0,33.0,32.0,68.0,61.0,23.5,44.5,2.5,JAC,3.5333333333333337,1.0,0.03483870967741936,0.6666666666666666,17.474999999999998,0.0
2025,14,00-0037306,John FitzPatrick,TE,GB,10.0,5.0,4.0,33.0,70.8,77.0,50.0,25.5,44.5,6.5,CHI,1.2,1.0,0.04070060207991242,0.6666666666666666,14.283333333333333,3.4
2025,14,00-0037475,Stone Smartt,TE,NYJ,0.0,0.0,0.0,0.0,56.8,49.0,58.0,19.5,41.5,-2.5,MIA,0.0,0.0,0.0,0.0,16.71666666666667,0.0
2025,14,00-0037487,Deven Thompkins,WR,ATL,11.0,10.0,5.0,0.0,31.2,45.0,30.0,18.75,44.5,-7.0,SEA,2.4,1.5,0.04788306451612903,0.0,27.133333333333336,1.4
2025,14,00-0037525,Jordan Mason,RB,MIN,26.0,24.0,36.0,17.0,78.8,56.0,53.0,21.0,43.5,-1.5,WSH,6.833333333333333,7.0,0.36073667711598745,0.6666666666666666,25.025000000000002,11.2
2025,14,00-0037545,Rashid Shaheed,WR,SEA,32.0,11.0,15.0,0.0,63.1,79.0,47.0,25.75,44.5,7.0,ATL,2.6666666666666665,4.333333333333333,0.14643461007591443,0.0,31.641666666666666,10.7
2025,14,00-0037557,Ronnie Rivers,RB,LA,0.0,0.0,0.0,0.0,56.8,96.0,46.0,29.5,49.5,9.5,ARI,0.0,0.0,0.0,0.0,23.291666666666668,4.1
2025,14,00-0037563,Malik Davis,RB,DAL,12.0,17.0,11.0,17.0,64.7,80.0,20.0,26.0,55.5,-3.5,DET,5.033333333333333,3.3333333333333335,0.11373035566583954,0.6666666666666666,16.733333333333334,0.6
2025,14,00-0037594,Julius Chestnut,RB,TEN,2.0,0.0,3.0,8.0,31.2,25.0,30.0,14.5,33.5,-4.5,CLE,0.09999999999999999,0.6666666666666666,0.030303030303030304,0.3333333333333333,19.248333333333335,0.0
2025,14,00-0037614,John Metchie III,WR,NYJ,48.0,51.0,23.0,33.0,66.2,49.0,34.0,19.5,41.5,-2.5,MIA,12.566666666666668,6.333333333333333,0.2261313954862342,0.6666666666666666,28.275000000000002,7.4
2025,14,00-0037617,Hassan Haskins,RB,LAC,20.0,10.0,19.0,8.0,75.5,51.0,50.0,20.0,41.5,-1.5,PHI,2.766666666666667,5.333333333333333,0.19409600389863546,0.3333333333333333,24.15833333333333,0.0
2025,14,00-0037664,Alec Pierce,WR,IND,35.0,54.0,18.0,33.0,58.2,68.0,48.0,23.5,44.5,2.5,JAC,13.266666666666666,4.666666666666667,0.17791563275434244,0.6666666666666666,31.833333333333332,13.0
2025,14,00-0037741,Jahan Dotson,WR,PHI,15.0,12.0,7.0,0.0,50.1,58.0,20.0,21.5,41.5,1.5,LAC,2.8333333333333335,2.0,0.06728395061728394,0.0,24.635,1.3
2025,14,00-0037742,Treylon Burks,WR,WSH,20.0,25.0,9.0,17.0,61.8,63.0,22.0,22.5,43.5,1.5,MIN,6.233333333333333,2.6666666666666665,0.09095719095719096,0.3333333333333333,25.183333333333334,0.0
2025,14,00-0037744,Trey McBride,TE,ARI,100.0,100.0,22.0,67.0,88.4,51.0,47.0,20.0,49.5,-9.5,LA,22.2,10.0,0.2190210396732136,1.3333333333333333,13.5,10.8
2025,14,00-0037745,Velus Jones Jr.,WR,SEA,0.0,0.0,0.0,0.0,56.8,79.0,47.0,25.75,44.5,7.0,ATL,0.0,0.0,0.0,0.0,31.641666666666666,3.2
2025,14,00-0037801,KaVontae Turpin,WR,DAL,27.0,21.0,12.0,0.0,67.2,80.0,68.0,26.0,55.5,-3.5,DET,5.1,3.6666666666666665,0.11786588520459489,0.0,36.968333333333334,5.0
2025,14,00-0037805,Jeremy Ruckert,TE,NYJ,27.0,16.0,12.0,17.0,48.8,49.0,58.0,19.5,41.5,-2.5,MIA,3.5,2.6666666666666665,0.11591097074968044,0.3333333333333333,16.71666666666667,3.9
2025,14,00-0037809,Chig Okonkwo,TE,TEN,40.0,34.0,11.0,0.0,85.3,25.0,43.0,14.5,33.5,-4.5,CLE,7.5,4.0,0.110484544695071,0.0,12.416666666666666,4.0
2025,14,00-0037816,Romeo Doubs,WR,GB,38.0,35.0,20.0,67.0,65.0,77.0,60.0,25.5,44.5,6.5,CHI,8.533333333333333,5.0,0.20026272577996718,1.3333333333333333,34.975,0.0
2025,14,00-0037837,Calvin Austin III,WR,PIT,20.0,12.0,10.0,0.0,41.2,46.0,62.0,19.0,43.5,-5.5,BAL,3.033333333333333,2.6666666666666665,0.09556072403680858,0.0,35.449999999999996,4.1
2025,14,00-0037838,Isaiah Likely,TE,BAL,40.0,30.0,16.0,17.0,56.5,73.0,56.0,24.5,43.5,5.5,PIT,6.666666666666667,4.0,0.15666666666666665,0.3333333333333333,15.975,12.5
2025,14,00-0037840,Kyren Williams,RB,LA,51.0,41.0,65.0,75.0,83.8,96.0,46.0,29.5,49.5,9.5,ARI,11.866666666666667,13.666666666666666,0.6455346625625262,3.0,23.291666666666668,17.7
2025,14,00-0038041,Jake Ferguson,TE,DAL,60.0,47.0,17.0,100.0,89.7,80.0,41.0,26.0,55.5,-3.5,DET,10.433333333333332,6.0,0.17403293270228756,2.0,11.65,10.8
2025,14,00-0038046,Charlie Kolar,TE,BAL,7.0,4.0,2.0,17.0,35.5,73.0,56.0,24.5,43.5,5.5,PIT,0.9,0.6666666666666666,0.024444444444444446,0.3333333333333333,15.975,2.9
2025,14,00-0038102,Kenny Pickett,QB,LV,4.0,1.0,18.0,0.0,42.5,32.0,26.0,16.0,40.5,-8.5,DEN,0.16,2.0,0.045454545454545456,0.0,14.886666666666665,8.48
2025,14,00-0038104,Tyquan Thornton,WR,KC,8.0,10.0,2.0,0.0,31.2,65.0,23.0,23.0,41.5,4.5,HOU,2.3666666666666667,1.0,0.023255813953488372,0.0,25.433333333333334,3.9
2025,14,00-0038120,Breece Hall,RB,NYJ,71.0,46.0,70.0,58.0,84.4,49.0,44.0,19.5,41.5,-2.5,MIA,13.299999999999999,19.0,0.6964138012525108,2.3333333333333335,22.825,4.3
2025,14,00-0038124,Christian Watson,WR,GB,57.0,66.0,30.0,33.0,75.2,77.0,60.0,25.5,44.5,6.5,CHI,16.26666666666667,7.666666666666667,0.3038314176245211,0.6666666666666666,34.975,24.9
2025,14,00-0038129,Cade Otton,TE,TB,47.0,21.0,16.0,33.0,68.3,73.0,47.0,24.5,41.5,7.5,NO,4.6000000000000005,4.666666666666667,0.16366387893269613,0.6666666666666666,13.358333333333334,4.9
2025,14,00-0038134,Kenneth Walker III,RB,SEA,64.0,50.0,61.0,42.0,83.9,79.0,49.0,25.75,44.5,7.0,ATL,14.533333333333333,17.0,0.6062448240165632,1.6666666666666667,23.933333333333334,3.8
2025,14,00-0038359,Xavier Smith,WR,LA,15.0,21.0,7.0,17.0,49.5,96.0,39.0,29.5,49.5,9.5,ARI,5.133333333333334,2.0,0.07153231663035585,0.3333333333333333,29.416666666666668,1.6
2025,14,00-0038397,Evan Hull,RB,NO,19.0,5.0,19.0,0.0,56.8,37.0,49.0,17.0,41.5,-7.5,TB,1.5,5.0,0.18518518518518517,0.0,24.00833333333333,2.0
2025,14,00-0038440,Zavier Scott,RB,MIN,10.0,9.0,16.0,0.0,37.8,56.0,53.0,21.0,43.5,-1.5,WSH,2.5,2.6666666666666665,0.15682253570184604,0.0,25.025000000000002,3.0
2025,14,00-0038454,Keaton Mitchell,RB,BAL,21.0,25.0,21.0,33.0,59.2,73.0,34.0,24.5,43.5,5.5,PIT,7.133333333333333,5.666666666666667,0.20657754010695187,1.3333333333333333,20.2,7.6
2025,14,00-0038542,Bijan Robinson,RB,ATL,92.0,85.0,84.0,75.0,75.6,45.0,28.0,18.75,44.5,-7.0,SEA,24.433333333333334,24.666666666666668,0.8403858122781926,3.0,18.833333333333332,11.4
2025,14,00-0038543,Jaxon Smith-Njigba,WR,SEA,70.0,84.0,31.0,100.0,57.8,79.0,47.0,25.75,44.5,7.0,ATL,20.666666666666668,9.333333333333334,0.3127329192546584,2.3333333333333335,31.641666666666666,28.1
2025,14,00-0038544,Quentin Johnston,WR,LAC,40.0,28.0,19.0,50.0,47.0,51.0,43.0,20.0,41.5,-1.5,PHI,6.833333333333333,5.333333333333333,0.1902958152958153,1.0,30.583333333333332,2.8
2025,14,00-0038547,Luke Schoonmaker,TE,DAL,13.0,5.0,4.0,0.0,53.8,80.0,41.0,26.0,55.5,-3.5,DET,1.1666666666666667,1.3333333333333333,0.03705133705133705,0.0,11.65,2.2
2025,14,00-0038555,Tank Bigsby,RB,PHI,10.0,6.0,8.0,8.0,53.6,58.0,37.0,21.5,41.5,1.5,LAC,1.6333333333333335,2.6666666666666665,0.08126361655773422,0.3333333333333333,20.908333333333335,0.4
2025,14,00-0038558,Darnell Washington,TE,PIT,37.0,32.0,14.0,0.0,68.2,46.0,40.0,19.0,43.5,-5.5,BAL,7.133333333333333,3.6666666666666665,0.13958270131796272,0.0,11.533333333333333,2.2
2025,14,00-0038559,Michael Wilson,WR,ARI,100.0,84.0,28.0,67.0,65.6,51.0,40.0,20.0,49.5,-9.5,LA,20.633333333333333,13.333333333333334,0.2789015723798332,1.3333333333333333,29.7,37.2
2025,14,00-0038563,Tre Tucker,WR,LV,52.0,35.0,19.0,50.0,64.0,32.0,30.0,16.0,40.5,-8.5,DEN,8.5,7.0,0.19319569319569319,1.0,27.208333333333332,4.4
2025,14,00-0038564,Cameron Latu,TE,PHI,0.0,0.0,0.0,0.0,56.8,58.0,38.0,21.5,41.5,1.5,LAC,0.0,0.0,0.0,0.0,10.883333333333333,0.0
2025,14,00-0038573,Derius Davis,WR,LAC,5.0,2.0,2.0,0.0,35.4,51.0,43.0,20.0,41.5,-1.5,PHI,0.43333333333333335,0.6666666666666666,0.023989898989898988,0.0,30.583333333333332,0.0
2025,14,00-0038576,Charlie Jones,WR,CIN,2.0,0.0,1.0,0.0,41.8,71.0,36.0,24.25,54.5,-6.0,BUF,0.0,0.3333333333333333,0.00980392156862745,0.0,28.683333333333334,0.0
2025,14,00-0038589,Josh Whyle,TE,GB,10.0,12.0,4.0,17.0,68.7,77.0,50.0,25.5,44.5,6.5,CHI,2.766666666666667,1.0,0.04070060207991242,0.3333333333333333,14.283333333333333,3.1
2025,14,00-0038597,Chase Brown,RB,CIN,89.0,60.0,86.0,33.0,88.6,71.0,55.0,24.25,54.5,-6.0,BUF,17.333333333333332,23.666666666666668,0.8602268007638852,1.3333333333333333,25.425,18.5
2025,14,00-0038611,Chris Rodriguez Jr.,RB,WSH,42.0,31.0,36.0,67.0,78.7,63.0,38.0,22.5,43.5,1.5,MIN,9.066666666666668,11.333333333333334,0.35560199698130734,2.6666666666666665,21.308333333333334,5.2
2025,14,00-0038618,Xavier Hutchinson,WR,HOU,27.0,19.0,11.0,17.0,49.2,44.0,36.0,18.5,41.5,-4.5,KC,4.666666666666667,3.6666666666666665,0.10657051282051282,0.3333333333333333,28.78333333333333,0.0
2025,14,00-0038619,Andrei Iosivas,WR,CIN,35.0,35.0,13.0,17.0,62.0,71.0,36.0,24.25,54.5,-6.0,BUF,8.5,4.666666666666667,0.1324597539431299,0.3333333333333333,28.683333333333334,3.7
2025,14,00-0038640,Jalen Brooks,WR,ARI,0.0,0.0,0.0,0.0,56.8,51.0,40.0,20.0,49.5,-9.5,LA,0.0,0.0,0.0,0.0,29.7,5.2
2025,14,00-0038679,Tyrell Shavers,WR,BUF,18.0,33.0,8.0,0.0,31.2,100.0,29.0,30.25,54.5,6.0,CIN,8.033333333333333,2.3333333333333335,0.07743589743589743,0.0,26.831666666666667,2.6
2025,14,00-0038685,Chris Brooks,RB,GB,15.0,8.0,12.0,17.0,42.1,77.0,42.0,25.5,44.5,6.5,CHI,2.433333333333333,4.0,0.11684633873539418,0.6666666666666666,22.208333333333332,1.6
2025,14,00-0038710,Blake Whiteheart,TE,CLE,3.0,2.0,2.0,0.0,31.2,46.0,41.0,19.0,33.5,4.5,TEN,0.4666666666666666,0.3333333333333333,0.018518518518518517,0.0,11.666666666666666,0.0
2025,14,00-0038738,Hunter Luepke,RB,DAL,6.0,10.0,5.0,0.0,31.2,80.0,20.0,26.0,55.5,-3.5,DET,2.933333333333333,1.6666666666666667,0.05152649769585254,0.0,16.733333333333334,0.0
2025,14,00-0038794,Jaleel McLaughlin,RB,DEN,20.0,14.0,23.0,25.0,46.6,73.0,46.0,24.5,40.5,8.5,LV,4.133333333333334,5.333333333333333,0.2300414618061677,1.0,23.241666666666664,4.1
2025,14,00-0038797,Emanuel Wilson,RB,GB,57.0,46.0,47.0,67.0,40.2,77.0,42.0,25.5,44.5,6.5,CHI,13.266666666666666,15.333333333333334,0.47116632160110417,2.6666666666666665,22.208333333333332,1.0
2025,14,00-0038824,Ryan Miller,WR,TB,0.0,0.0,0.0,0.0,56.8,73.0,37.0,24.5,41.5,7.5,NO,0.0,0.0,0.0,0.0,28.95,0.0
2025,14,00-0038896,Jacob Saylors,RB,DET,0.0,0.0,0.0,0.0,56.8,96.0,46.0,29.5,55.5,3.5,DAL,0.0,0.0,0.0,0.0,23.291666666666668,0.0
2025,14,00-0038933,Dalton Kincaid,TE,BUF,40.0,47.0,15.0,0.0,51.5,100.0,80.0,30.25,54.5,6.0,CIN,10.366666666666667,4.0,0.14911928651059084,0.0,23.03333333333333,14.1
2025,14,00-0038935,Brenton Strange,TE,JAC,33.0,47.0,12.0,17.0,57.8,56.0,57.0,21.0,44.5,-2.5,IND,10.333333333333334,3.3333333333333335,0.12404040404040405,0.3333333333333333,16.325,5.7
2025,14,00-0038951,Sean Tucker,RB,TB,46.0,46.0,37.0,42.0,41.0,73.0,41.0,24.5,41.5,7.5,NO,13.200000000000001,12.333333333333334,0.3712122892693897,1.6666666666666667,22.0,8.9
2025,14,00-0038953,Dylan Drummond,WR,ATL,22.0,12.0,12.0,0.0,74.9,45.0,30.0,18.75,44.5,-7.0,SEA,3.05,3.0,0.12338709677419354,0.0,27.133333333333336,5.1
2025,14,00-0038976,Marvin Mims Jr.,WR,DEN,20.0,8.0,9.0,0.0,44.5,73.0,66.0,24.5,40.5,8.5,LV,1.9000000000000001,2.6666666666666665,0.0949575116241783,0.0,36.358333333333334,1.7
2025,14,00-0038979,Cedric Tillman,WR,CLE,20.0,13.0,12.0,0.0,48.0,46.0,66.0,19.0,33.5,4.5,TEN,3.233333333333333,2.6666666666666665,0.12338164251207728,0.0,36.358333333333334,3.3
2025,14,00-0038994,Jordan Addison,WR,MIN,45.0,25.0,21.0,33.0,44.4,56.0,66.0,21.0,43.5,-1.5,WSH,6.2,6.0,0.20637771392081738,0.6666666666666666,36.53333333333333,10.2
2025,14,00-0038997,Josh Downs,WR,IND,35.0,14.0,17.0,17.0,58.6,68.0,48.0,23.5,44.5,2.5,JAC,3.566666666666667,4.666666666666667,0.1701571546732837,0.3333333333333333,31.833333333333332,6.3
2025,14,00-0039032,Tyjae Spears,RB,TEN,31.0,27.0,32.0,8.0,88.0,25.0,30.0,14.5,33.5,-4.5,CLE,7.766666666666667,8.333333333333334,0.3188037681845731,0.3333333333333333,19.248333333333335,6.7
2025,14,00-0039040,De'Von Achane,RB,MIA,96.0,94.0,89.0,100.0,84.2,61.0,52.0,22.0,41.5,2.5,NYJ,27.133333333333336,25.666666666666668,0.8867703533026114,4.0,24.791666666666668,17.5
2025,14,00-0039041,Elijah Higgins,TE,ARI,17.0,10.0,4.0,17.0,37.3,51.0,47.0,20.0,49.5,-9.5,LA,2.266666666666667,1.6666666666666667,0.03587516087516088,0.3333333333333333,13.5,1.0
2025,14,00-0039050,Payne Durham,TE,TB,7.0,3.0,2.0,0.0,34.4,73.0,47.0,24.5,41.5,7.5,NO,0.7000000000000001,0.6666666666666666,0.021085271317829456,0.0,13.358333333333334,0.0
2025,14,00-0039064,Zay Flowers,WR,BAL,52.0,35.0,28.0,17.0,75.1,73.0,70.0,24.5,43.5,5.5,PIT,8.6,7.0,0.2751633986928104,0.3333333333333333,37.391666666666666,20.6
2025,14,00-0039067,Rashee Rice,WR,KC,85.0,83.0,30.0,100.0,76.0,65.0,23.0,23.0,41.5,4.5,HOU,20.433333333333334,11.333333333333334,0.30228345129760703,4.0,25.433333333333334,7.4
2025,14,00-0039074,Davis Allen,TE,LA,23.0,24.0,7.0,33.0,53.8,96.0,50.0,29.5,49.5,9.5,ARI,5.366666666666667,2.3333333333333335,0.07116920842411038,0.6666666666666666,14.458333333333334,4.1
2025,14,00-0039075,Puka Nacua,WR,LA,75.0,63.0,35.0,50.0,92.3,96.0,39.0,29.5,49.5,9.5,ARI,15.4,10.0,0.34802271076780883,1.0,29.416666666666668,35.7
2025,14,00-0039139,Jahmyr Gibbs,RB,DET,89.0,100.0,90.0,33.0,70.8,96.0,46.0,29.5,55.5,3.5,DAL,28.866666666666664,23.666666666666668,0.9009421702404158,1.3333333333333333,23.291666666666668,37.0
2025,14,00-0039144,Luke Musgrave,TE,GB,17.0,9.0,7.0,0.0,65.6,77.0,50.0,25.5,44.5,6.5,CHI,1.9666666666666668,1.6666666666666667,0.06990695128626163,0.0,14.283333333333333,4.2
2025,14,00-0039146,Jayden Reed,WR,GB,38.0,55.0,23.0,50.0,56.8,77.0,60.0,25.5,44.5,6.5,CHI,13.5,5.0,0.22727272727272727,1.0,34.975,9.3
2025,14,00-0039163,C.J. Stroud,QB,HOU,61.0,50.0,39.0,38.0,54.8,44.0,39.0,18.5,41.5,-4.5,KC,13.04,31.333333333333332,0.09842826019296608,4.0,17.496666666666666,12.62
2025,14,00-0039165,Zach Charbonnet,RB,SEA,41.0,32.0,37.0,75.0,79.0,79.0,49.0,25.75,44.5,7.0,ATL,9.133333333333333,11.0,0.366468253968254,3.0,23.933333333333334,8.6
2025,14,00-0039338,Brock Bowers,TE,LV,83.0,72.0,23.0,83.0,72.5,32.0,48.0,16.0,40.5,-8.5,DEN,16.0,8.333333333333334,0.2345987345987346,1.6666666666666667,13.841666666666667,14.6
2025,14,00-0039361,Bucky Irving,RB,TB,85.0,66.0,76.0,67.0,80.4,73.0,41.0,24.5,41.5,7.5,NO,19.166666666666668,22.666666666666668,0.7626609956292173,2.6666666666666665,22.0,16.1
2025,14,00-0039364,Sione Vaki,RB,DET,1.0,0.0,1.0,0.0,31.2,96.0,46.0,29.5,55.5,3.5,DAL,0.13333333333333333,0.3333333333333333,0.010101010101010102,0.0,23.291666666666668,0.0
2025,14,00-0039391,Kimani Vidal,RB,LAC,74.0,48.0,62.0,58.0,59.0,51.0,50.0,20.0,41.5,-1.5,PHI,13.9,19.666666666666668,0.6205341243319488,2.3333333333333335,24.15833333333333,11.4
2025,14,00-0039407,Dylan Laube,RB,LV,0.0,0.0,0.0,0.0,56.8,32.0,24.0,16.0,40.5,-8.5,DEN,0.0,0.0,0.0,0.0,17.825,0.0
2025,14,00-0039410,Ryan Flournoy,WR,DAL,12.0,18.0,5.0,17.0,47.1,80.0,68.0,26.0,55.5,-3.5,DET,4.533333333333334,1.6666666666666667,0.046967503217503224,0.3333333333333333,36.968333333333334,26.5
2025,14,00-0039424,Devaughn Vele,WR,NO,45.0,44.0,17.0,50.0,54.6,37.0,58.0,17.0,41.5,-7.5,TB,10.833333333333334,6.0,0.17115647690203095,1.0,34.416666666666664,7.0
2025,14,00-0039451,Isaiah Williams,WR,NYJ,15.0,2.0,7.0,0.0,31.2,49.0,34.0,19.5,41.5,-2.5,MIA,0.5333333333333333,2.0,0.0739395013588562,0.0,28.275000000000002,4.4
2025,14,00-0039530,Brevyn Spann-Ford,TE,DAL,7.0,13.0,2.0,33.0,35.8,80.0,41.0,26.0,55.5,-3.5,DET,2.9333333333333336,0.6666666666666666,0.01994047619047619,0.6666666666666666,11.65,1.7
2025,14,00-0039589,Kameron Johnson,WR,TB,0.0,0.0,0.0,0.0,56.8,73.0,37.0,24.5,41.5,7.5,NO,0.0,0.0,0.0,0.0,28.95,0.0
2025,14,00-0039603,British Brooks,RB,HOU,2.0,0.0,2.0,17.0,41.8,44.0,27.0,18.5,41.5,-4.5,KC,0.0,0.6666666666666666,0.023809523809523808,0.6666666666666666,18.491666666666667,0.0
2025,14,00-0039623,Mason Tipton,WR,NO,27.0,15.0,10.0,17.0,48.0,37.0,58.0,17.0,41.5,-7.5,TB,3.733333333333333,3.6666666666666665,0.10114054579626856,0.3333333333333333,34.416666666666664,0.0
2025,14,00-0039648,David Martin-Robinson,TE,TEN,0.0,0.0,0.0,0.0,56.8,25.0,43.0,14.5,33.5,-4.5,CLE,0.0,0.0,0.0,0.0,12.416666666666666,1.6
2025,14,00-0039686,Colson Yankoff,TE,WSH,7.0,6.0,2.0,0.0,35.5,63.0,49.0,22.5,43.5,1.5,MIN,1.2666666666666666,0.6666666666666666,0.018901660280970626,0.0,14.083333333333334,0.0
2025,14,00-0039732,Bo Nix,QB,DEN,78.0,53.0,56.0,69.0,85.2,73.0,43.0,24.5,40.5,8.5,LV,13.613333333333335,40.0,0.1396504729838063,7.333333333333333,18.296666666666667,15.98
2025,14,00-0039738,Blake Corum,RB,LA,30.0,21.0,38.0,50.0,65.0,96.0,46.0,29.5,49.5,9.5,ARI,6.0,8.0,0.3798216078917833,2.0,23.291666666666668,26.1
2025,14,00-0039746,Will Shipley,RB,PHI,9.0,9.0,8.0,0.0,31.2,58.0,37.0,21.5,41.5,1.5,LAC,2.5,2.3333333333333335,0.07931230463199772,0.0,20.908333333333335,1.3
2025,14,00-0039751,Jordan Whittington,WR,LA,12.0,9.0,5.0,0.0,45.1,96.0,39.0,29.5,49.5,9.5,ARI,2.1999999999999997,1.6666666666666667,0.054103122730573716,0.0,29.416666666666668,1.5
2025,14,00-0039793,AJ Barner,TE,SEA,77.0,43.0,24.0,33.0,59.6,79.0,28.0,25.75,44.5,7.0,ATL,9.533333333333333,7.666666666666667,0.24256297446514838,0.6666666666666666,8.1,5.7
2025,14,00-0039796,Rasheen Ali,RB,BAL,6.0,5.0,7.0,0.0,33.4,73.0,34.0,24.5,43.5,5.5,PIT,1.4000000000000001,1.6666666666666667,0.07393939393939394,0.0,20.2,3.3
2025,14,00-0039798,Isaiah Davis,RB,NYJ,10.0,2.0,10.0,8.0,42.5,49.0,44.0,19.5,41.5,-2.5,MIA,0.6,2.6666666666666665,0.09866477608413093,0.3333333333333333,22.825,2.2
2025,14,00-0039816,Anthony Gould,WR,IND,0.0,0.0,0.0,0.0,56.8,68.0,48.0,23.5,44.5,2.5,JAC,0.0,0.0,0.0,0.0,31.833333333333332,1.3
2025,14,00-0039868,Troy Franklin,WR,DEN,50.0,43.0,22.0,33.0,61.8,73.0,66.0,24.5,40.5,8.5,LV,10.5,6.666666666666667,0.2176255117431588,0.6666666666666666,36.358333333333334,4.1
2025,14,00-0039874,Jaylen Wright,RB,MIA,11.0,4.0,10.0,8.0,55.2,61.0,52.0,22.0,41.5,2.5,NYJ,1.2333333333333334,3.0,0.09576612903225806,0.3333333333333333,24.791666666666668,16.7
2025,14,00-0039875,Ray Davis,RB,BUF,11.0,7.0,6.0,0.0,31.2,100.0,80.0,30.25,54.5,6.0,CIN,2.066666666666667,3.0,0.05882352941176471,0.0,31.656666666666666,0.0
2025,14,00-0039880,Malik Washington,WR,MIA,30.0,32.0,19.0,17.0,83.3,61.0,36.0,22.0,41.5,2.5,NYJ,7.833333333333333,4.0,0.19170506912442398,0.3333333333333333,28.75,4.0
2025,14,00-0039890,Adonai Mitchell,WR,NYJ,62.0,44.0,30.0,67.0,57.5,49.0,34.0,19.5,41.5,-2.5,MIA,10.799999999999999,8.333333333333334,0.2956989247311828,1.3333333333333333,28.275000000000002,3.4
2025,14,00-0039893,Brian Thomas Jr.,WR,JAC,38.0,26.0,16.0,0.0,76.2,56.0,63.0,21.0,44.5,-2.5,IND,6.466666666666666,5.0,0.16121212121212122,0.0,35.666666666666664,11.7
2025,14,00-0039894,Xavier Worthy,WR,KC,52.0,36.0,19.0,17.0,79.5,65.0,23.0,23.0,41.5,4.5,HOU,8.933333333333332,7.0,0.19226070104482643,0.3333333333333333,25.433333333333334,8.5
2025,14,00-0039901,Keon Coleman,WR,BUF,32.0,36.0,14.0,17.0,57.5,100.0,29.0,30.25,54.5,6.0,CIN,8.733333333333333,4.333333333333333,0.13852099591230024,0.3333333333333333,26.831666666666667,3.6
2025,14,00-0039910,Jayden Daniels,QB,WSH,64.0,81.0,100.0,34.0,88.3,63.0,26.0,22.5,43.5,1.5,MIN,20.866666666666664,32.666666666666664,0.2953575695511179,3.6666666666666665,14.725,4.72
2025,14,00-0039912,Ben Sinnott,TE,WSH,7.0,16.0,3.0,17.0,35.4,63.0,49.0,22.5,43.5,1.5,MIN,3.5333333333333337,0.6666666666666666,0.026262626262626265,0.3333333333333333,14.083333333333334,1.8
2025,14,00-0039915,Ladd McConkey,WR,LAC,40.0,53.0,21.0,67.0,70.6,51.0,43.0,20.0,41.5,-1.5,PHI,12.966666666666667,5.333333333333333,0.2113997113997114,1.3333333333333333,30.583333333333332,2.2
2025,14,00-0039918,Caleb Williams,QB,CHI,75.0,59.0,49.0,38.0,83.3,46.0,28.0,19.0,44.5,-6.5,GB,15.146666666666668,38.666666666666664,0.12298236042916895,4.0,15.14,16.94
2025,14,00-0039920,Malachi Corley,WR,CLE,12.0,7.0,7.0,0.0,57.5,46.0,66.0,19.0,33.5,4.5,TEN,1.6666666666666667,1.6666666666666667,0.06828355236957388,0.0,36.358333333333334,0.2
2025,14,00-0039923,J.J. McCarthy,QB,MIN,65.0,43.0,50.0,34.0,69.1,56.0,54.0,21.0,43.5,-1.5,WSH,11.066666666666668,33.333333333333336,0.1259259259259259,3.6666666666666665,20.505,20.42
2025,14,00-0040024,Darius Cooper,WR,PHI,8.0,5.0,3.0,0.0,31.2,58.0,20.0,21.5,41.5,1.5,LAC,1.35,1.0,0.027777777777777776,0.0,24.635,2.9
2025,14,00-0040075,LaJohntay Wester,WR,BAL,0.0,0.0,0.0,0.0,56.8,73.0,70.0,24.5,43.5,5.5,PIT,0.0,0.0,0.0,0.0,37.391666666666666,0.0
2025,14,00-0040078,Brashard Smith,RB,KC,10.0,11.0,6.0,0.0,32.1,65.0,32.0,23.0,41.5,4.5,HOU,3.133333333333333,2.6666666666666665,0.06239364719228587,0.0,19.741666666666667,0.7
2025,14,00-0040122,Ashton Jeanty,RB,LV,78.0,53.0,97.0,25.0,72.8,32.0,24.0,16.0,40.5,-8.5,DEN,15.433333333333332,20.666666666666668,0.9673659673659675,1.0,17.825,5.8
2025,14,00-0040126,Colston Loveland,TE,CHI,50.0,42.0,17.0,33.0,76.8,46.0,44.0,19.0,44.5,-6.5,GB,9.233333333333333,5.0,0.16567460317460317,0.6666666666666666,12.658333333333333,12.9
2025,14,00-0040128,Tyler Warren,TE,IND,73.0,58.0,27.0,50.0,73.7,68.0,61.0,23.5,44.5,2.5,JAC,12.866666666666665,7.333333333333333,0.27130003236595107,1.0,17.474999999999998,3.7
2025,14,00-0040129,Emeka Egbuka,WR,TB,62.0,32.0,30.0,50.0,90.0,73.0,37.0,24.5,41.5,7.5,NO,7.8,8.333333333333334,0.30379928315412186,1.0,28.95,3.5
2025,14,00-0040130,Jayden Higgins,WR,HOU,52.0,47.0,22.0,33.0,80.3,44.0,36.0,18.5,41.5,-4.5,KC,11.6,7.0,0.2175595238095238,0.6666666666666666,28.78333333333333,6.4
2025,14,00-0040134,Pat Bryant,WR,DEN,38.0,35.0,14.0,33.0,66.3,73.0,66.0,24.5,40.5,8.5,LV,8.566666666666666,5.0,0.1400201106083459,0.6666666666666666,36.358333333333334,7.2
2025,14,00-0040138,Jaylin Noel,WR,HOU,12.0,6.0,6.0,33.0,47.7,44.0,36.0,18.5,41.5,-4.5,KC,1.3666666666666665,1.6666666666666667,0.05538003663003663,0.6666666666666666,28.78333333333333,3.3
2025,14,00-0040142,Kaleb Johnson,RB,PIT,11.0,2.0,14.0,17.0,52.1,46.0,47.0,19.0,43.5,-5.5,BAL,0.7000000000000001,3.0,0.14280626780626782,0.6666666666666666,23.40833333333333,0.4
2025,14,00-0040154,Tai Felton,WR,MIN,0.0,0.0,0.0,0.0,56.8,56.0,66.0,21.0,43.5,-1.5,WSH,0.0,0.0,0.0,0.0,36.53333333333333,2.0
2025,14,00-0040162,Dylan Sampson,RB,CLE,20.0,24.0,21.0,8.0,39.4,46.0,47.0,19.0,33.5,4.5,TEN,6.8,5.333333333333333,0.211652727996814,0.3333333333333333,23.391666666666666,11.8
2025,14,00-0040164,Jaylin Lane,WR,WSH,8.0,10.0,3.0,0.0,65.7,63.0,22.0,22.5,43.5,1.5,MIN,2.4666666666666663,1.0,0.03405317543248578,0.0,25.183333333333334,0.0
2025,14,00-0040170,Elic Ayomanor,WR,TEN,42.0,17.0,20.0,17.0,68.2,25.0,25.0,14.5,33.5,-4.5,CLE,4.066666666666666,5.666666666666667,0.1984126984126984,0.3333333333333333,25.900000000000002,8.4
2025,14,00-0040189,Oronde Gadsden II,TE,LAC,43.0,21.0,16.0,50.0,73.8,51.0,32.0,20.0,41.5,-1.5,PHI,4.7,4.333333333333333,0.1617965367965368,1.0,9.091666666666667,1.7
2025,14,00-0040194,Jackson Hawes,TE,BUF,17.0,24.0,5.0,0.0,67.5,100.0,80.0,30.25,54.5,6.0,CIN,5.3999999999999995,1.6666666666666667,0.05242010405053884,0.0,23.03333333333333,7.3
2025,14,00-0040198,Ollie Gordon II,RB,MIA,16.0,13.0,14.0,50.0,32.0,61.0,52.0,22.0,41.5,2.5,NYJ,3.733333333333333,4.333333333333333,0.13877688172043012,2.0,24.791666666666668,7.7
2025,14,00-0040202,Devin Neal,RB,NO,48.0,31.0,41.0,0.0,69.3,37.0,49.0,17.0,41.5,-7.5,TB,9.033333333333333,12.666666666666666,0.4143457446011026,0.0,24.00833333333333,15.4
2025,14,00-0040206,Riley Leonard,QB,IND,6.0,0.0,22.0,0.0,56.8,68.0,54.0,23.5,44.5,2.5,JAC,0.1,3.0,0.05555555555555555,0.0,20.38,12.3
2025,14,00-0040236,Kyle Monangai,RB,CHI,60.0,47.0,44.0,92.0,76.0,46.0,33.0,19.0,44.5,-6.5,GB,13.5,16.0,0.4409138999298574,3.6666666666666665,19.916666666666668,6.7
2025,14,00-0040238,LeQuint Allen Jr.,RB,JAC,11.0,4.0,7.0,17.0,31.2,56.0,37.0,21.0,44.5,-2.5,IND,1.2666666666666668,3.0,0.06864235055724417,0.6666666666666666,20.908333333333335,2.8
2025,14,00-0040242,Jacory Croskey-Merritt,RB,WSH,31.0,11.0,28.0,50.0,68.8,63.0,38.0,22.5,43.5,1.5,MIN,3.1,8.333333333333334,0.278609853322497,2.0,21.308333333333334,3.2
2025,14,00-0040259,Gage Larvadain,WR,CLE,10.0,6.0,6.0,0.0,31.2,46.0,66.0,19.0,33.5,4.5,TEN,1.4333333333333333,1.3333333333333333,0.05681159420289855,0.0,36.358333333333334,3.8
2025,14,00-0040506,Myles Price,WR,MIN,0.0,0.0,0.0,0.0,56.8,56.0,66.0,21.0,43.5,-1.5,WSH,0.0,0.0,0.0,0.0,36.53333333333333,0.0
2025,14,00-0040583,Woody Marks,RB,HOU,70.0,25.0,68.0,100.0,90.3,44.0,27.0,18.5,41.5,-4.5,KC,7.233333333333334,18.666666666666668,0.68292704205428,4.0,18.491666666666667,15.6
2025,14,00-0040584,Gunnar Helm,TE,TEN,63.0,39.0,17.0,33.0,84.8,25.0,43.0,14.5,33.5,-4.5,CLE,8.766666666666666,6.333333333333333,0.1743664717348928,0.6666666666666666,12.416666666666666,1.8
2025,14,00-0040590,Konata Mumpfield,WR,LA,10.0,6.0,4.0,0.0,35.8,96.0,39.0,29.5,49.5,9.5,ARI,1.5,1.3333333333333333,0.0392156862745098,0.0,29.416666666666668,1.5
2025,14,00-0040649,Robbie Ouzts,RB,SEA,0.0,0.0,0.0,0.0,56.8,79.0,49.0,25.75,44.5,7.0,ATL,0.0,0.0,0.0,0.0,23.933333333333334,0.0
2025,14,00-0040663,Harold Fannin Jr.,TE,CLE,60.0,39.0,27.0,17.0,75.9,46.0,41.0,19.0,33.5,4.5,TEN,8.766666666666667,6.0,0.27333991307810845,0.3333333333333333,11.666666666666666,25.4
2025,14,00-0040666,Omarion Hampton,RB,LAC,76.0,76.0,84.0,33.0,77.3,51.0,50.0,20.0,41.5,-1.5,PHI,21.8,20.333333333333332,0.841427828927829,1.3333333333333333,24.15833333333333,14.7
2025,14,00-0040667,Matthew Golden,WR,GB,22.0,13.0,10.0,0.0,93.4,77.0,60.0,25.5,44.5,6.5,CHI,3.233333333333333,3.0,0.09714285714285714,0.0,34.975,0.0
2025,14,00-0040668,Shedeur Sanders,QB,CLE,43.0,34.0,25.0,0.0,77.5,46.0,45.0,19.0,33.5,4.5,TEN,8.766666666666667,22.0,0.06309836718438869,0.0,18.665000000000003,35.46
2025,14,00-0040669,Isaac TeSlaa,WR,DET,10.0,16.0,4.0,17.0,50.4,96.0,80.0,29.5,55.5,3.5,DAL,3.8333333333333335,1.3333333333333333,0.04272254710851201,0.3333333333333333,40.09166666666666,10.0
2025,14,00-0040676,Cam Ward,QB,TEN,82.0,58.0,69.0,38.0,78.1,25.0,27.0,14.5,33.5,-4.5,CLE,15.113333333333335,42.333333333333336,0.1735421441303794,4.0,15.058333333333332,13.08
2025,14,00-0040705,Chimere Dike,WR,TEN,38.0,28.0,15.0,33.0,54.8,25.0,25.0,14.5,33.5,-4.5,CLE,6.8999999999999995,5.0,0.15108604845446952,0.6666666666666666,25.900000000000002,13.4
2025,14,00-0040719,Bhayshul Tuten,RB,JAC,40.0,28.0,31.0,75.0,67.5,56.0,37.0,21.0,44.5,-2.5,IND,8.0,10.666666666666666,0.3129261885999474,3.0,20.908333333333335,0.5
2025,14,00-0040727,Tre Harris,WR,LAC,18.0,14.0,10.0,17.0,52.6,51.0,43.0,20.0,41.5,-1.5,PHI,3.533333333333333,2.3333333333333335,0.09758297258297259,0.3333333333333333,30.583333333333332,3.1
2025,14,00-0040729,Jack Bech,WR,LV,12.0,10.0,7.0,17.0,41.6,32.0,30.0,16.0,40.5,-8.5,DEN,2.3666666666666667,1.6666666666666667,0.06733488733488734,0.3333333333333333,27.208333333333332,11.0
2025,14,00-0040730,RJ Harvey,RB,DEN,48.0,38.0,52.0,75.0,56.7,73.0,46.0,24.5,40.5,8.5,LV,11.0,12.666666666666666,0.5205749225357069,3.0,23.241666666666664,22.0
2025,14,00-0040735,Luther Burden III,WR,CHI,45.0,30.0,20.0,0.0,87.4,46.0,38.0,19.0,44.5,-6.5,GB,7.466666666666666,6.0,0.19800489699425872,0.0,29.208333333333332,11.0
2025,14,00-0040736,Mason Taylor,TE,NYJ,43.0,24.0,16.0,0.0,85.0,49.0,58.0,19.5,41.5,-2.5,MIA,5.3999999999999995,4.333333333333333,0.15839536807278742,0.0,16.71666666666667,10.1
2025,14,00-0040737,Terrance Ferguson,TE,LA,23.0,6.0,7.0,17.0,45.6,96.0,50.0,29.5,49.5,9.5,ARI,1.4000000000000001,2.3333333333333335,0.07371096586782862,0.3333333333333333,14.458333333333334,0.0
2025,14,00-0040739,Elijah Arroyo,TE,SEA,17.0,2.0,6.0,0.0,55.8,79.0,28.0,25.75,44.5,7.0,ATL,0.5,1.6666666666666667,0.05819185645272602,0.0,8.1,0.0
2025,14,00-0040743,Tyler Shough,QB,NO,81.0,65.0,77.0,50.0,85.3,37.0,61.0,17.0,41.5,-7.5,TB,16.753333333333334,41.666666666666664,0.19344344344344344,5.333333333333333,21.878333333333334,23.26
2025,14,00-0040782,Isaiah Bond,WR,CLE,18.0,17.0,10.0,0.0,61.4,46.0,66.0,19.0,33.5,4.5,TEN,4.1000000000000005,2.3333333333333335,0.10344189912212352,0.0,36.358333333333334,0.0
2025,14,00-0040784,Quinshon Judkins,RB,CLE,76.0,42.0,74.0,75.0,77.8,46.0,47.0,19.0,33.5,4.5,TEN,12.166666666666666,20.333333333333332,0.7416542863574186,3.0,23.391666666666666,9.4
2025,15,00-0023459,Aaron Rodgers,QB,PIT,52.0,48.0,29.0,69.0,62.2,69.0,49.0,22.75,42.5,3.0,MIA,11.86,24.666666666666668,0.073005698005698,6.666666666666667,18.963076923076922,16.96
2025,15,00-0026498,Matthew Stafford,QB,LA,66.0,86.0,6.0,69.0,92.2,100.0,60.0,30.0,54.5,5.5,DET,21.26,31.666666666666668,0.015873015873015872,6.666666666666667,21.16769230769231,22.92
2025,15,00-0029604,Kirk Cousins,QB,ATL,62.0,49.0,9.0,38.0,83.5,52.0,65.0,18.75,43.5,-6.0,TB,12.1,29.333333333333332,0.022988505747126436,3.6666666666666665,21.984615384615385,26.92
2025,15,00-0030035,Adam Thielen,WR,PIT,11.0,4.0,5.0,17.0,58.3,69.0,30.0,22.75,42.5,3.0,MIA,1.0,1.3333333333333333,0.04945286195286195,0.3333333333333333,27.26923076923077,1.7
2025,15,00-0030279,Keenan Allen,WR,LAC,37.0,28.0,21.0,17.0,77.9,49.0,36.0,18.0,41.5,-5.5,KC,7.166666666666667,4.666666666666667,0.2061766735679779,0.3333333333333333,28.676923076923078,8.6
2025,15,00-0030506,Travis Kelce,TE,KC,64.0,52.0,17.0,33.0,69.9,72.0,34.0,23.5,41.5,5.5,LAC,8.566666666666666,6.0,0.17461297357560582,0.6666666666666666,11.261538461538462,14.0
2025,15,00-0030564,DeAndre Hopkins,WR,BAL,18.0,10.0,9.0,17.0,51.1,87.0,27.0,27.0,51.5,2.5,CIN,2.6,2.3333333333333335,0.09343434343434343,0.3333333333333333,26.298461538461538,4.2
2025,15,00-0031236,Brandin Cooks,WR,BUF,21.0,15.0,8.0,0.0,65.9,83.0,44.0,26.0,49.5,2.5,NE,3.7000000000000006,2.6666666666666665,0.08282608695652173,0.0,30.807692307692307,0.0
2025,15,00-0031381,Davante Adams,WR,LA,50.0,68.0,20.0,100.0,76.0,100.0,74.0,30.0,54.5,5.5,DET,17.3,6.333333333333333,0.2046758966430061,2.0,38.60923076923077,11.1
2025,15,00-0031408,Mike Evans,WR,TB,63.0,31.0,23.0,83.0,53.8,78.0,54.0,24.75,43.5,6.0,ATL,7.966666666666666,8.0,0.2319667943805875,1.6666666666666667,33.46923076923077,19.2
2025,15,00-0031503,Jameis Winston,QB,NYG,76.0,100.0,36.0,57.0,82.3,76.0,57.0,24.5,46.5,2.5,WSH,24.64,36.0,0.0907557354925776,5.5,20.49846153846154,0.0
2025,15,00-0031588,Stefon Diggs,WR,NE,47.0,38.0,19.0,17.0,44.9,72.0,39.0,23.5,49.5,-2.5,BUF,9.700000000000001,6.0,0.18585858585858586,0.3333333333333333,29.638461538461538,5.6
2025,15,00-0031610,Darren Waller,TE,MIA,25.0,19.0,11.0,17.0,35.1,56.0,52.0,19.75,42.5,-3.0,PIT,3.1333333333333333,2.3333333333333335,0.10574912891986062,0.3333333333333333,16.076923076923077,25.6
2025,15,00-0031687,Raheem Mostert,RB,LV,8.0,7.0,7.0,0.0,35.8,25.0,53.0,12.5,37.5,-12.5,PHI,2.2666666666666666,2.0,0.0701058201058201,0.0,24.307692307692307,1.2
2025,15,00-0032104,Ameer Abdullah,RB,IND,5.0,3.0,4.0,8.0,31.2,31.0,30.0,14.0,41.5,-13.5,SEA,0.9666666666666667,1.3333333333333333,0.04209171951107435,0.3333333333333333,18.93076923076923,9.7
2025,15,00-0032211,Tyler Lockett,WR,LV,26.0,25.0,10.0,0.0,57.8,25.0,38.0,12.5,37.5,-12.5,PHI,6.466666666666666,3.3333333333333335,0.10245310245310246,0.0,29.253846153846155,3.0
2025,15,00-0032268,Marcus Mariota,QB,WSH,70.0,60.0,68.0,66.0,46.5,66.0,61.0,22.0,46.5,-2.5,NYG,14.86,33.333333333333336,0.17039964866051824,6.333333333333333,21.20923076923077,16.74
2025,15,00-0032464,Kalif Raymond,WR,DET,18.0,20.0,7.0,17.0,31.9,76.0,44.0,24.5,54.5,-5.5,LA,5.2,2.3333333333333335,0.06931153641679957,0.3333333333333333,30.77692307692308,3.0
2025,15,00-0032764,Derrick Henry,RB,BAL,81.0,49.0,63.0,100.0,76.8,87.0,80.0,27.0,51.5,2.5,CIN,17.133333333333333,20.333333333333332,0.630377302436126,5.0,30.68307692307692,10.0
2025,15,00-0032775,Demarcus Robinson,WR,SF,13.0,6.0,7.0,0.0,66.3,94.0,61.0,28.5,44.5,12.5,TEN,1.5666666666666664,1.6666666666666667,0.06537619988706946,0.0,35.4,5.6
2025,15,00-0033077,Dak Prescott,QB,DAL,93.0,95.0,54.0,100.0,90.2,85.0,23.0,26.5,47.5,5.5,MIN,23.366666666666664,44.333333333333336,0.13389164598842018,9.666666666666666,14.10153846153846,11.96
2025,15,00-0033090,Hunter Henry,TE,NE,79.0,89.0,23.0,100.0,70.4,72.0,20.0,23.5,49.5,-2.5,BUF,14.766666666666666,7.333333333333333,0.22828282828282828,2.6666666666666665,7.176923076923078,2.8
2025,15,00-0033106,Jared Goff,QB,DET,73.0,76.0,17.0,48.0,89.5,76.0,38.0,24.5,54.5,-5.5,LA,18.653333333333332,35.0,0.04141414141414141,4.666666666666667,16.924615384615382,25.52
2025,15,00-0033119,Jacoby Brissett,QB,ARI,100.0,83.0,79.0,69.0,93.5,40.0,20.0,16.0,42.5,-10.5,HOU,20.453333333333333,47.666666666666664,0.19786967418546364,6.666666666666667,13.504615384615384,22.56
2025,15,00-0033280,Christian McCaffrey,RB,SF,99.0,77.0,81.0,100.0,82.2,94.0,49.0,28.5,44.5,12.5,TEN,26.566666666666666,24.666666666666668,0.8092451030408695,5.333333333333333,23.45384615384615,15.7
2025,15,00-0033288,George Kittle,TE,SF,75.0,99.0,27.0,50.0,74.6,94.0,42.0,28.5,44.5,12.5,TEN,16.400000000000002,7.0,0.2704882677708765,1.0,13.26923076923077,22.8
2025,15,00-0033293,Aaron Jones,RB,MIN,51.0,22.0,55.0,17.0,88.8,61.0,58.0,21.0,47.5,-5.5,DAL,7.599999999999999,12.666666666666666,0.5467987411522998,0.6666666666666666,25.446153846153848,9.5
2025,15,00-0033307,Kendrick Bourne,WR,SF,11.0,11.0,6.0,0.0,50.8,94.0,61.0,28.5,44.5,12.5,TEN,2.766666666666667,1.3333333333333333,0.056628056628056624,0.0,35.4,3.7
2025,15,00-0033319,Nick Mullens,QB,JAC,7.0,0.0,41.0,0.0,76.3,87.0,36.0,27.0,40.5,13.5,NYJ,-0.14,3.5,0.10243055555555555,0.0,16.57846153846154,-0.2
2025,15,00-0033357,Taysom Hill,TE,NO,57.0,7.0,20.0,0.0,37.1,55.0,45.0,19.5,41.5,-2.5,CAR,1.0999999999999999,5.333333333333333,0.19536388629525883,0.0,14.23076923076923,0.2
2025,15,00-0033439,Pharaoh Brown,TE,ARI,0.0,0.0,0.0,0.0,56.8,40.0,29.0,16.0,42.5,-10.5,HOU,0.0,0.0,0.0,0.0,9.746153846153847,2.1
2025,15,00-0033526,Samaje Perine,RB,CIN,32.0,12.0,29.0,50.0,41.5,76.0,52.0,24.5,51.5,-2.5,BAL,4.233333333333333,8.0,0.2933102959418749,2.0,24.053846153846152,5.3
2025,15,00-0033555,Mack Hollins,WR,NE,39.0,27.0,16.0,0.0,79.2,72.0,39.0,23.5,49.5,-2.5,BUF,6.900000000000001,5.0,0.15555555555555556,0.0,29.638461538461538,8.1
2025,15,00-0033576,Eric Saubert,TE,SEA,4.0,4.0,2.0,17.0,31.2,89.0,50.0,27.5,41.5,13.5,IND,0.7333333333333334,0.3333333333333333,0.016666666666666666,0.3333333333333333,15.507692307692308,1.9
2025,15,00-0033591,Noah Brown,WR,WSH,24.0,12.0,10.0,33.0,77.8,66.0,66.0,22.0,46.5,-2.5,NYG,3.1666666666666665,3.0,0.10114942528735632,0.6666666666666666,36.52307692307692,3.8
2025,15,00-0033854,Dare Ogunbowale,RB,HOU,1.0,6.0,1.0,8.0,31.2,85.0,57.0,26.5,42.5,10.5,ARI,2.1666666666666665,0.3333333333333333,0.01075268817204301,0.3333333333333333,25.184615384615384,6.4
2025,15,00-0033857,JuJu Smith-Schuster,WR,KC,13.0,4.0,5.0,17.0,59.2,72.0,21.0,23.5,41.5,5.5,LAC,1.0999999999999999,1.6666666666666667,0.04890904838278535,0.3333333333333333,24.886153846153846,0.0
2025,15,00-0033858,Jonnu Smith,TE,PIT,29.0,15.0,9.0,33.0,43.8,69.0,53.0,22.75,42.5,3.0,MIA,2.466666666666667,2.6666666666666665,0.09170972396778848,0.6666666666666666,16.50769230769231,10.6
2025,15,00-0033873,Patrick Mahomes,QB,KC,89.0,80.0,63.0,86.0,81.4,72.0,25.0,23.5,41.5,5.5,LAC,19.606666666666666,42.333333333333336,0.1564583561877598,8.333333333333334,14.407692307692308,15.06
2025,15,00-0033881,Evan Engram,TE,DEN,57.0,48.0,14.0,50.0,54.1,59.0,42.0,20.5,42.5,-1.5,GB,8.0,5.333333333333333,0.14005602240896356,1.0,13.246153846153845,2.2
2025,15,00-0033908,Cooper Kupp,WR,SEA,29.0,28.0,14.0,50.0,75.5,89.0,65.0,27.5,41.5,13.5,IND,7.099999999999999,3.6666666666666665,0.1446376811594203,1.0,36.4076923076923,9.6
2025,15,00-0033921,Chris Godwin Jr.,WR,TB,45.0,32.0,20.0,33.0,68.3,78.0,54.0,24.75,43.5,6.0,ATL,8.066666666666666,5.666666666666667,0.20491551459293392,0.6666666666666666,33.46923076923077,12.0
2025,15,00-0033923,Kareem Hunt,RB,KC,83.0,38.0,64.0,100.0,65.8,72.0,38.0,23.5,41.5,5.5,LAC,13.333333333333334,20.666666666666668,0.6403154243921715,4.666666666666667,20.83076923076923,3.0
2025,15,00-0033955,Jeremy McNichols,RB,WSH,20.0,11.0,16.0,8.0,49.8,66.0,70.0,22.0,46.5,-2.5,NYG,3.7000000000000006,5.0,0.15548008823870893,0.3333333333333333,28.39230769230769,3.2
2025,15,00-0034272,Marquez Valdes-Scantling,WR,PIT,18.0,8.0,6.0,0.0,51.9,69.0,30.0,22.75,42.5,3.0,MIA,2.033333333333333,2.3333333333333335,0.06060606060606061,0.0,27.26923076923077,8.9
2025,15,00-0034348,Courtland Sutton,WR,DEN,63.0,52.0,22.0,83.0,79.6,59.0,36.0,20.5,42.5,-1.5,GB,13.1,8.0,0.22408963585434175,1.6666666666666667,28.784615384615385,24.3
2025,15,00-0034351,Dallas Goedert,TE,PHI,57.0,49.0,15.0,17.0,45.5,79.0,26.0,25.0,37.5,12.5,LV,8.166666666666666,5.333333333333333,0.150682261208577,0.3333333333333333,8.776923076923076,25.0
2025,15,00-0034383,Dalton Schultz,TE,HOU,57.0,39.0,18.0,50.0,59.2,85.0,46.0,26.5,42.5,10.5,ARI,6.5,5.333333333333333,0.18033509700176364,1.0,14.600000000000001,21.6
2025,15,00-0034521,Allen Lazard,WR,NYJ,13.0,5.0,6.0,0.0,44.3,29.0,49.0,13.5,40.5,-13.5,JAC,1.3,1.6666666666666667,0.05996691480562449,0.0,32.26923076923077,1.6
2025,15,00-0034613,Tanner Hudson,TE,CIN,14.0,25.0,3.0,33.0,58.6,76.0,34.0,24.5,51.5,-2.5,BAL,4.133333333333334,1.3333333333333333,0.03421469597940186,0.6666666666666666,11.038461538461538,4.6
2025,15,00-0034681,Chase Edmonds,RB,WSH,0.0,0.0,0.0,0.0,56.8,66.0,70.0,22.0,46.5,-2.5,NYG,0.0,0.0,0.0,0.0,28.39230769230769,0.0
2025,15,00-0034753,Mark Andrews,TE,BAL,57.0,25.0,19.0,83.0,67.5,87.0,80.0,27.0,51.5,2.5,CIN,4.233333333333333,5.333333333333333,0.18677956030897205,1.6666666666666667,24.084615384615386,3.8
2025,15,00-0034796,Lamar Jackson,QB,BAL,77.0,58.0,87.0,83.0,78.4,87.0,67.0,27.0,51.5,2.5,CIN,14.273333333333332,36.666666666666664,0.2178698752228164,8.0,22.34,16.6
2025,15,00-0034798,Durham Smythe,TE,CHI,18.0,9.0,6.0,0.0,64.6,70.0,37.0,23.0,38.5,7.5,CLE,1.4666666666666666,1.6666666666666667,0.05873015873015872,0.0,12.03076923076923,0.0
2025,15,00-0034827,DJ Moore,WR,CHI,42.0,38.0,17.0,83.0,55.5,70.0,25.0,23.0,38.5,7.5,CLE,9.566666666666666,5.333333333333333,0.17266759540695711,1.6666666666666667,25.86923076923077,22.9
2025,15,00-0034829,Mike Gesicki,TE,CIN,57.0,64.0,14.0,50.0,65.2,76.0,34.0,24.5,51.5,-2.5,BAL,10.666666666666666,5.333333333333333,0.14468211527035058,1.0,11.038461538461538,2.1
2025,15,00-0034844,Saquon Barkley,RB,PHI,73.0,37.0,82.0,33.0,77.1,79.0,50.0,25.0,37.5,12.5,LV,12.733333333333333,18.333333333333332,0.8205939685815847,1.3333333333333333,23.700000000000003,17.2
2025,15,00-0034854,KhaDarel Hodge,WR,ATL,3.0,0.0,1.0,0.0,41.8,52.0,51.0,18.75,43.5,-6.0,TB,0.0,0.3333333333333333,0.011494252873563218,0.0,32.76923076923077,0.0
2025,15,00-0034855,Baker Mayfield,QB,TB,65.0,47.0,69.0,41.0,80.2,78.0,45.0,24.75,43.5,6.0,ATL,11.693333333333333,31.0,0.17133313685037824,4.0,18.23846153846154,19.18
2025,15,00-0034857,Josh Allen,QB,BUF,75.0,90.0,90.0,72.0,79.5,83.0,40.0,26.0,49.5,2.5,NE,22.22666666666667,35.666666666666664,0.2251803020058598,7.0,17.333846153846153,24.52
2025,15,00-0034860,Dante Pettis,WR,NO,3.0,3.0,1.0,0.0,31.2,55.0,29.0,19.5,41.5,-2.5,CAR,0.7999999999999999,0.3333333333333333,0.007751937984496124,0.0,26.807692307692307,0.0
2025,15,00-0034869,Sam Darnold,QB,SEA,60.0,64.0,22.0,55.0,77.3,89.0,40.0,27.5,41.5,13.5,IND,15.68,28.666666666666668,0.055128205128205134,5.333333333333333,17.255384615384614,11.34
2025,15,00-0034960,Jakobi Meyers,WR,JAC,68.0,67.0,30.0,83.0,78.2,87.0,34.0,27.0,40.5,13.5,NYJ,17.033333333333335,8.666666666666666,0.29778922739944247,1.6666666666666667,28.23846153846154,12.1
2025,15,00-0035208,Olamide Zaccheaus,WR,CHI,18.0,19.0,8.0,33.0,57.3,70.0,25.0,23.0,38.5,7.5,CLE,4.733333333333333,2.3333333333333335,0.07807539682539683,0.6666666666666666,25.86923076923077,0.0
2025,15,00-0035229,T.J. Hockenson,TE,MIN,50.0,54.0,20.0,33.0,77.3,61.0,41.0,21.0,47.5,-5.5,DAL,9.0,4.666666666666667,0.2031845188516853,0.6666666666666666,13.023076923076925,10.6
2025,15,00-0035249,Josh Oliver,TE,MIN,14.0,37.0,6.0,33.0,53.0,61.0,41.0,21.0,47.5,-5.5,DAL,6.166666666666665,1.3333333333333333,0.057920692431562,0.6666666666666666,13.023076923076925,2.8
2025,15,00-0035250,Devin Singletary,RB,NYG,61.0,40.0,47.0,83.0,78.4,76.0,55.0,24.5,46.5,2.5,WSH,13.866666666666665,15.333333333333334,0.46701607023748587,3.3333333333333335,24.77692307692308,2.4
2025,15,00-0035261,Tony Pollard,RB,TEN,71.0,42.0,71.0,8.0,63.6,40.0,46.0,16.0,44.5,-12.5,SF,14.5,17.666666666666668,0.705764411027569,0.3333333333333333,22.615384615384617,18.2
2025,15,00-0035289,Gardner Minshew,QB,KC,5.0,0.0,27.0,0.0,74.2,72.0,25.0,23.5,41.5,5.5,LAC,-0.3,2.5,0.06783536585365854,0.0,14.407692307692308,0.88
2025,15,00-0035291,Trayveon Williams,RB,CLE,8.0,1.0,11.0,0.0,31.2,38.0,43.0,15.5,38.5,-7.5,CHI,0.45,2.0,0.11458333333333333,0.0,22.023076923076925,2.7
2025,15,00-0035359,David Sills,WR,ATL,29.0,25.0,14.0,67.0,69.3,52.0,51.0,18.75,43.5,-6.0,TB,6.366666666666667,3.6666666666666665,0.14062980030721964,1.3333333333333333,32.76923076923077,13.8
2025,15,00-0035406,Lil'Jordan Humphrey,WR,DEN,16.0,7.0,6.0,0.0,49.8,59.0,36.0,20.5,42.5,-1.5,GB,1.9000000000000001,2.0,0.05755029284441049,0.0,28.784615384615385,13.2
2025,15,00-0035535,Darius Slayton,WR,NYG,24.0,37.0,10.0,17.0,69.0,76.0,61.0,24.5,46.5,2.5,WSH,9.433333333333332,3.0,0.10294117647058824,0.3333333333333333,35.36153846153846,9.3
2025,15,00-0035537,Ty Johnson,RB,BUF,23.0,19.0,20.0,8.0,82.0,83.0,21.0,26.0,49.5,2.5,NE,6.533333333333334,5.666666666666667,0.2045889841027199,0.3333333333333333,16.907692307692308,5.8
2025,15,00-0035544,Tom Kennedy,WR,DET,16.0,15.0,7.0,0.0,31.2,76.0,44.0,24.5,54.5,-5.5,LA,3.8,2.0,0.07407407407407407,0.0,30.77692307692308,0.0
2025,15,00-0035631,Drew Sample,TE,CIN,14.0,7.0,4.0,0.0,32.2,76.0,34.0,24.5,51.5,-2.5,BAL,1.2333333333333334,1.3333333333333333,0.0350564468211527,0.0,11.038461538461538,3.2
2025,15,00-0035640,DK Metcalf,WR,PIT,71.0,56.0,30.0,67.0,69.4,69.0,30.0,22.75,42.5,3.0,MIA,14.133333333333333,9.0,0.3020388213936601,1.3333333333333333,27.26923076923077,14.5
2025,15,00-0035659,Terry McLaurin,WR,WSH,63.0,58.0,25.0,100.0,61.4,66.0,66.0,22.0,46.5,-2.5,NYG,14.700000000000001,8.0,0.24814814814814815,2.3333333333333335,36.52307692307692,15.9
2025,15,00-0035676,A.J. Brown,WR,PHI,92.0,100.0,34.0,50.0,82.1,79.0,63.0,25.0,37.5,12.5,LV,25.400000000000002,11.666666666666666,0.33996101364522424,1.0,35.93846153846154,12.1
2025,15,00-0035685,David Montgomery,RB,DET,33.0,32.0,32.0,33.0,83.8,76.0,23.0,24.5,54.5,-5.5,LA,11.266666666666666,8.333333333333334,0.3248911488017317,1.3333333333333333,17.253846153846155,9.2
2025,15,00-0035689,Dawson Knox,TE,BUF,54.0,52.0,19.0,67.0,65.6,83.0,50.0,26.0,49.5,2.5,NE,8.6,5.0,0.18605743424584,1.3333333333333333,15.683333333333332,18.7
2025,15,00-0035700,Josh Jacobs,RB,GB,64.0,30.0,60.0,50.0,62.9,66.0,22.0,22.0,42.5,1.5,DEN,10.433333333333335,16.0,0.6005615141147375,2.0,16.992307692307694,23.2
2025,15,00-0035719,Deebo Samuel Sr.,WR,WSH,63.0,51.0,27.0,33.0,72.5,66.0,66.0,22.0,46.5,-2.5,NYG,12.833333333333334,8.0,0.27410890514338787,0.6666666666666666,36.52307692307692,7.3
2025,15,00-0035876,Andre Baccellia,WR,ARI,11.0,4.0,3.0,33.0,34.4,40.0,24.0,16.0,42.5,-10.5,HOU,0.9333333333333332,1.3333333333333333,0.028679653679653676,0.6666666666666666,25.46153846153846,0.0
2025,15,00-0035993,Tyler Huntley,QB,BAL,50.0,47.0,62.0,72.0,68.7,87.0,67.0,27.0,51.5,2.5,CIN,11.680000000000001,24.0,0.15482625482625484,7.0,22.34,-0.3
2025,15,00-0036040,Juwan Johnson,TE,NO,71.0,55.0,21.0,0.0,81.4,55.0,45.0,19.5,41.5,-2.5,CAR,9.1,6.666666666666667,0.20916552667578658,0.0,14.23076923076923,7.0
2025,15,00-0036133,James Proche,WR,TEN,13.0,12.0,5.0,0.0,45.4,40.0,53.0,16.0,44.5,-12.5,SF,3.1666666666666665,1.6666666666666667,0.04917293233082707,0.0,33.16153846153846,0.0
2025,15,00-0036139,Rico Dowdle,RB,CAR,75.0,35.0,69.0,83.0,77.2,66.0,46.0,22.0,41.5,2.5,NO,12.1,18.666666666666668,0.6929258395925063,3.3333333333333335,22.73076923076923,12.4
2025,15,00-0036165,Isaiah Hodgins,WR,NYG,34.0,32.0,14.0,33.0,52.2,76.0,61.0,24.5,46.5,2.5,WSH,8.1,4.333333333333333,0.1416779355420329,0.6666666666666666,35.36153846153846,1.4
2025,15,00-0036182,Nick Westbrook-Ikhine,WR,MIA,3.0,2.0,2.0,0.0,31.2,56.0,65.0,19.75,42.5,-3.0,PIT,0.5666666666666667,0.3333333333333333,0.015873015873015872,0.0,36.43076923076923,0.0
2025,15,00-0036187,Reggie Gilliam,RB,BUF,1.0,1.0,1.0,0.0,37.2,83.0,21.0,26.0,49.5,2.5,NE,0.39999999999999997,0.3333333333333333,0.010416666666666666,0.0,16.907692307692308,0.0
2025,15,00-0036212,Tua Tagovailoa,QB,MIA,48.0,31.0,20.0,45.0,89.1,56.0,59.0,19.75,42.5,-3.0,PIT,7.533333333333334,23.0,0.049796747967479675,4.333333333333333,20.995384615384616,18.22
2025,15,00-0036223,Jonathan Taylor,RB,IND,88.0,36.0,95.0,75.0,86.6,31.0,30.0,14.0,41.5,-13.5,SEA,12.366666666666667,22.0,0.9532050808864864,3.0,18.93076923076923,13.1
2025,15,00-0036244,Colby Parkinson,TE,LA,50.0,66.0,15.0,100.0,82.5,100.0,37.0,30.0,54.5,5.5,DET,11.0,4.666666666666667,0.15470752219645326,2.3333333333333335,11.884615384615385,24.5
2025,15,00-0036252,Michael Pittman,WR,IND,63.0,43.0,25.0,67.0,61.4,31.0,24.0,14.0,41.5,-13.5,SEA,10.966666666666667,8.0,0.2504659498207885,1.3333333333333333,25.66923076923077,5.6
2025,15,00-0036259,Jauan Jennings,WR,SF,50.0,50.0,26.0,67.0,88.3,94.0,61.0,28.5,44.5,12.5,TEN,12.799999999999999,6.333333333333333,0.2551112836438923,1.3333333333333333,35.4,18.7
2025,15,00-0036264,Jordan Love,QB,GB,59.0,73.0,37.0,31.0,77.5,66.0,28.0,22.0,42.5,1.5,DEN,18.026666666666667,28.333333333333332,0.09218559218559219,3.0,15.089230769230769,17.94
2025,15,00-0036275,D'Andre Swift,RB,CHI,61.0,35.0,45.0,50.0,68.0,70.0,36.0,23.0,38.5,7.5,CLE,11.966666666666667,15.333333333333334,0.4493063998649105,2.0,20.444615384615382,22.6
2025,15,00-0036290,Cole Kmet,TE,CHI,25.0,40.0,8.0,17.0,54.9,70.0,37.0,23.0,38.5,7.5,CLE,6.7,2.3333333333333335,0.07807539682539683,0.3333333333333333,12.03076923076923,4.8
2025,15,00-0036309,Darnell Mooney,WR,ATL,32.0,30.0,15.0,50.0,64.2,52.0,51.0,18.75,43.5,-6.0,TB,7.5,4.0,0.1513824884792627,1.0,32.76923076923077,6.5
2025,15,00-0036322,Justin Jefferson,WR,MIN,42.0,19.0,24.0,0.0,67.0,61.0,80.0,21.0,47.5,-5.5,DAL,4.766666666666667,5.333333333333333,0.23804764284524405,0.0,40.284615384615385,4.2
2025,15,00-0036331,Devin Duvernay,WR,CHI,3.0,4.0,1.0,0.0,31.2,70.0,25.0,23.0,38.5,7.5,CLE,1.1333333333333333,0.3333333333333333,0.011904761904761904,0.0,25.86923076923077,0.0
2025,15,00-0036355,Justin Herbert,QB,LAC,56.0,49.0,69.0,48.0,74.8,49.0,39.0,18.0,41.5,-5.5,KC,12.113333333333332,26.666666666666668,0.17347511219910242,4.666666666666667,17.12153846153846,12.4
2025,15,00-0036358,CeeDee Lamb,WR,DAL,74.0,71.0,24.0,83.0,80.4,85.0,20.0,26.5,47.5,5.5,MIN,17.933333333333334,9.333333333333334,0.2425805744954681,1.6666666666666667,24.53076923076923,17.1
2025,15,00-0036389,Jalen Hurts,QB,PHI,90.0,83.0,100.0,48.0,80.9,79.0,44.0,25.0,37.5,12.5,LV,20.52,42.666666666666664,0.26139433551198255,4.666666666666667,18.11846153846154,22.9
2025,15,00-0036407,Jerry Jeudy,WR,CLE,32.0,36.0,16.0,0.0,70.2,38.0,63.0,15.5,38.5,-7.5,CHI,9.033333333333333,4.0,0.15738621917111617,0.0,35.8,4.2
2025,15,00-0036415,Van Jefferson,WR,TEN,24.0,14.0,10.0,0.0,62.6,40.0,53.0,16.0,44.5,-12.5,SF,3.5999999999999996,3.0,0.10020050125313285,0.0,33.16153846153846,5.3
2025,15,00-0036429,Charlie Woerner,TE,ATL,18.0,16.0,7.0,0.0,39.0,52.0,41.0,18.75,43.5,-6.0,TB,2.6,1.6666666666666667,0.0725925925925926,0.0,13.084615384615384,3.2
2025,15,00-0036442,Joe Burrow,QB,CIN,69.0,73.0,12.0,72.0,60.0,76.0,47.0,24.5,51.5,-2.5,BAL,17.88,32.666666666666664,0.030303030303030304,7.0,18.63230769230769,9.5
2025,15,00-0036554,Nico Collins,WR,HOU,58.0,60.0,25.0,33.0,65.7,85.0,44.0,26.5,42.5,10.5,ARI,15.366666666666667,7.333333333333333,0.24845030604834525,0.6666666666666666,30.784615384615385,23.5
2025,15,00-0036555,Chuba Hubbard,RB,CAR,44.0,31.0,38.0,8.0,53.0,66.0,46.0,22.0,41.5,2.5,NO,10.833333333333334,11.0,0.37736639903306574,0.3333333333333333,22.73076923076923,4.8
2025,15,00-0036590,Quintin Morris,TE,JAC,7.0,5.0,3.0,17.0,31.2,87.0,40.0,27.0,40.5,13.5,NYJ,0.7999999999999999,0.6666666666666666,0.02666666666666667,0.3333333333333333,12.915384615384616,4.0
2025,15,00-0036613,Jaylen Waddle,WR,MIA,55.0,44.0,34.0,33.0,78.7,56.0,65.0,19.75,42.5,-3.0,PIT,11.1,7.0,0.33590785907859083,0.6666666666666666,36.43076923076923,4.6
2025,15,00-0036620,Dee Eskridge,WR,MIA,3.0,0.0,1.0,0.0,41.8,56.0,65.0,19.75,42.5,-3.0,PIT,0.0,0.3333333333333333,0.009009009009009009,0.0,36.43076923076923,0.0
2025,15,00-0036626,Dyami Brown,WR,JAC,26.0,8.0,11.0,33.0,31.4,87.0,34.0,27.0,40.5,13.5,NYJ,1.9666666666666668,3.3333333333333335,0.1082878474182822,0.6666666666666666,28.23846153846154,0.4
2025,15,00-0036628,John Bates,TE,WSH,14.0,9.0,5.0,0.0,34.3,66.0,37.0,22.0,46.5,-2.5,NYG,1.5,1.3333333333333333,0.04511784511784512,0.0,11.835384615384616,2.9
2025,15,00-0036630,Tylan Wallace,WR,BAL,5.0,0.0,3.0,0.0,46.0,87.0,27.0,27.0,51.5,2.5,CIN,0.0,0.6666666666666666,0.03,0.0,26.298461538461538,0.0
2025,15,00-0036741,Jack Stoll,TE,NO,11.0,3.0,3.0,0.0,62.6,55.0,45.0,19.5,41.5,-2.5,CAR,0.5666666666666667,1.0,0.03108527131782946,0.0,14.23076923076923,1.7
2025,15,00-0036849,Tutu Atwell,WR,LA,18.0,33.0,6.0,17.0,47.6,100.0,74.0,30.0,54.5,5.5,DET,8.333333333333334,2.3333333333333335,0.055753184014053575,0.3333333333333333,38.60923076923077,1.9
2025,15,00-0036862,Ben Skowronek,WR,PIT,8.0,7.0,4.0,0.0,69.9,69.0,30.0,22.75,42.5,3.0,MIA,1.8,1.0,0.036005213424568264,0.0,27.26923076923077,0.0
2025,15,00-0036875,Rhamondre Stevenson,RB,NE,52.0,18.0,42.0,58.0,64.8,72.0,57.0,23.5,49.5,-2.5,BUF,6.3,13.0,0.4183013576300804,2.3333333333333335,25.26153846153846,10.7
2025,15,00-0036876,Kylen Granson,TE,PHI,7.0,3.0,2.0,0.0,31.2,79.0,26.0,25.0,37.5,12.5,LV,0.4666666666666666,0.6666666666666666,0.024691358024691357,0.0,8.776923076923076,0.0
2025,15,00-0036894,Pat Freiermuth,TE,PIT,25.0,33.0,7.0,50.0,55.9,69.0,53.0,22.75,42.5,3.0,MIA,5.566666666666666,2.3333333333333335,0.07405534769272255,1.0,16.50769230769231,7.5
2025,15,00-0036900,Ja'Marr Chase,WR,CIN,87.0,45.0,28.0,67.0,74.8,76.0,60.0,24.5,51.5,-2.5,BAL,11.4,11.0,0.2831486252538884,1.3333333333333333,35.0,23.2
2025,15,00-0036906,Khalil Herbert,RB,NYJ,0.0,0.0,0.0,0.0,56.8,29.0,25.0,13.5,40.5,-13.5,JAC,0.0,0.0,0.0,0.0,17.753846153846155,0.5
2025,15,00-0036912,DeVonta Smith,WR,PHI,71.0,43.0,26.0,33.0,81.7,79.0,63.0,25.0,37.5,12.5,LV,10.799999999999999,9.0,0.26091617933723193,0.6666666666666666,35.93846153846154,7.0
2025,15,00-0036919,Kenny Gainwell,RB,PIT,47.0,39.0,45.0,58.0,76.7,69.0,41.0,22.75,42.5,3.0,MIA,13.633333333333333,11.666666666666666,0.45184176635789536,2.3333333333333335,21.569230769230767,19.6
2025,15,00-0036924,Michael Carter,RB,ARI,35.0,24.0,35.0,8.0,80.6,40.0,31.0,16.0,42.5,-10.5,HOU,8.433333333333334,8.666666666666666,0.3485774177993857,0.3333333333333333,19.2,13.4
2025,15,00-0036959,Michael Bandy,WR,DEN,4.0,5.0,1.0,0.0,31.2,59.0,36.0,20.5,42.5,-1.5,GB,1.3,0.5,0.014705882352941176,0.0,28.784615384615385,9.0
2025,15,00-0036963,Amon-Ra St. Brown,WR,DET,61.0,59.0,22.0,33.0,39.8,76.0,44.0,24.5,54.5,-5.5,LA,15.033333333333331,7.666666666666667,0.22315496028003104,0.6666666666666666,30.77692307692308,41.4
2025,15,00-0036970,Kyle Pitts,TE,ATL,82.0,70.0,29.0,0.0,72.7,52.0,41.0,18.75,43.5,-6.0,TB,11.566666666666668,7.666666666666667,0.2884024577572965,0.0,13.084615384615384,45.6
2025,15,00-0036971,Trevor Lawrence,QB,JAC,69.0,87.0,55.0,79.0,92.3,87.0,36.0,27.0,40.5,13.5,NYJ,21.386666666666667,33.0,0.13822751322751323,7.666666666666667,16.57846153846154,44.3
2025,15,00-0036973,Travis Etienne,RB,JAC,71.0,45.0,60.0,42.0,74.0,87.0,60.0,27.0,40.5,13.5,NYJ,15.633333333333333,17.666666666666668,0.6035833760027308,1.6666666666666667,26.107692307692307,31.5
2025,15,00-0036988,Josh Palmer,WR,BUF,29.0,21.0,12.0,0.0,70.1,83.0,44.0,26.0,49.5,2.5,NE,5.266666666666667,3.6666666666666665,0.12286324786324786,0.0,30.807692307692307,2.6
2025,15,00-0036997,Javonte Williams,RB,DAL,85.0,42.0,75.0,92.0,91.8,85.0,36.0,26.5,47.5,5.5,MIN,14.6,21.333333333333332,0.7530808424253861,3.6666666666666665,20.407692307692308,15.1
2025,15,00-0037005,Tommy Tremble,TE,CAR,18.0,15.0,7.0,17.0,55.5,66.0,40.0,22.0,41.5,2.5,NO,2.5333333333333337,1.6666666666666667,0.06602870813397128,0.3333333333333333,12.707692307692309,3.3
2025,15,00-0037085,Tyler Badie,RB,DEN,15.0,9.0,11.0,8.0,49.8,59.0,33.0,20.5,42.5,-1.5,GB,2.966666666666667,3.6666666666666665,0.10526739431404745,0.3333333333333333,19.76153846153846,1.1
2025,15,00-0037086,Grant Calcaterra,TE,PHI,14.0,11.0,4.0,0.0,55.5,79.0,26.0,25.0,37.5,12.5,LV,1.8666666666666665,1.3333333333333333,0.04177003090046568,0.0,8.776923076923076,1.4
2025,15,00-0037091,Bo Melton,WR,GB,16.0,19.0,8.0,0.0,43.0,66.0,32.0,22.0,42.5,1.5,DEN,4.8999999999999995,2.0,0.07719473596535066,0.0,27.576923076923077,0.0
2025,15,00-0037120,Tyler Goodson,RB,IND,1.0,0.0,1.0,0.0,31.2,31.0,30.0,14.0,41.5,-13.5,SEA,0.13333333333333333,0.3333333333333333,0.008130081300813009,0.0,18.93076923076923,0.0
2025,15,00-0037132,Britain Covey,WR,PHI,0.0,0.0,0.0,0.0,56.8,79.0,63.0,25.0,37.5,12.5,LV,0.0,0.0,0.0,0.0,35.93846153846154,0.0
2025,15,00-0037157,Bam Knight,RB,ARI,56.0,37.0,64.0,25.0,82.1,40.0,31.0,16.0,42.5,-10.5,HOU,12.799999999999997,14.0,0.6350292460132277,1.0,19.2,-0.2
2025,15,00-0037197,Isiah Pacheco,RB,KC,35.0,14.0,30.0,17.0,72.2,72.0,38.0,23.5,41.5,5.5,LAC,4.7,8.666666666666666,0.30109320339830087,0.6666666666666666,20.83076923076923,2.1
2025,15,00-0037228,Jaylen Warren,RB,PIT,57.0,39.0,61.0,50.0,89.1,69.0,41.0,22.75,42.5,3.0,MIA,13.466666666666669,14.333333333333334,0.6141895141895142,2.0,21.569230769230767,7.8
2025,15,00-0037231,Kevin Austin Jr.,WR,NO,8.0,0.0,2.0,0.0,56.8,55.0,29.0,19.5,41.5,-2.5,CAR,0.0,1.0,0.024390243902439025,0.0,26.807692307692307,6.3
2025,15,00-0037239,Chris Olave,WR,NO,66.0,48.0,25.0,17.0,71.1,55.0,29.0,19.5,41.5,-2.5,CAR,12.233333333333334,8.333333333333334,0.25273597811217513,0.3333333333333333,26.807692307692307,20.5
2025,15,00-0037240,Jameson Williams,WR,DET,63.0,58.0,27.0,17.0,49.5,76.0,44.0,24.5,54.5,-5.5,LA,14.733333333333334,8.0,0.27280939940815435,0.3333333333333333,30.77692307692308,26.4
2025,15,00-0037247,George Pickens,WR,DAL,82.0,70.0,27.0,100.0,71.3,85.0,20.0,26.5,47.5,5.5,MIN,17.7,10.333333333333334,0.26666119006544536,2.3333333333333335,24.53076923076923,6.3
2025,15,00-0037248,James Cook,RB,BUF,100.0,54.0,75.0,100.0,82.3,83.0,21.0,26.0,49.5,2.5,NE,18.566666666666666,25.0,0.7515776085268913,4.666666666666667,16.907692307692308,31.1
2025,15,00-0037252,Greg Dulcich,TE,MIA,32.0,31.0,15.0,50.0,75.8,56.0,52.0,19.75,42.5,-3.0,PIT,5.1000000000000005,3.0,0.14761904761904762,1.0,16.076923076923077,6.6
2025,15,00-0037256,Rachaad White,RB,TB,35.0,17.0,27.0,17.0,75.7,78.0,47.0,24.75,43.5,6.0,ATL,5.866666666666667,8.666666666666666,0.27373043413829473,0.6666666666666666,23.04615384615385,3.6
2025,15,00-0037261,Khalil Shakir,WR,BUF,45.0,40.0,20.0,50.0,49.5,83.0,44.0,26.0,49.5,2.5,NE,10.033333333333333,5.666666666666667,0.1991747181964573,1.0,30.807692307692307,11.5
2025,15,00-0037263,Tyler Allgeier,RB,ATL,48.0,27.0,40.0,58.0,79.8,52.0,50.0,18.75,43.5,-6.0,TB,9.366666666666667,12.0,0.40152550452884156,2.3333333333333335,23.584615384615383,1.8
2025,15,00-0037291,Jalen Nailor,WR,MIN,13.0,8.0,7.0,0.0,43.0,61.0,80.0,21.0,47.5,-5.5,DAL,2.0,1.6666666666666667,0.07349103226164695,0.0,40.284615384615385,19.5
2025,15,00-0037306,John FitzPatrick,TE,GB,14.0,11.0,6.0,17.0,54.1,66.0,45.0,22.0,42.5,1.5,DEN,1.8333333333333333,1.3333333333333333,0.056352775992955906,0.3333333333333333,14.184615384615386,4.8
2025,15,00-0037329,Brittain Brown,RB,CHI,24.0,28.0,16.0,0.0,56.8,70.0,36.0,23.0,38.5,7.5,CLE,9.7,6.0,0.1645468998410175,0.0,20.444615384615382,0.0
2025,15,00-0037475,Stone Smartt,TE,NYJ,4.0,0.0,1.0,0.0,41.8,29.0,53.0,13.5,40.5,-13.5,JAC,0.0,0.3333333333333333,0.01075268817204301,0.0,16.415384615384617,0.0
2025,15,00-0037487,Deven Thompkins,WR,ATL,11.0,8.0,4.0,0.0,31.4,52.0,51.0,18.75,43.5,-6.0,TB,2.0666666666666664,1.3333333333333333,0.043826804915514585,0.0,32.76923076923077,0.0
2025,15,00-0037525,Jordan Mason,RB,MIN,35.0,20.0,38.0,50.0,76.8,61.0,58.0,21.0,47.5,-5.5,DAL,7.066666666666666,8.666666666666666,0.3776707234617985,2.0,25.446153846153848,2.9
2025,15,00-0037545,Rashid Shaheed,WR,SEA,32.0,18.0,15.0,0.0,59.6,89.0,65.0,27.5,41.5,13.5,IND,4.6,4.0,0.15278381642512076,0.0,36.4076923076923,12.1
2025,15,00-0037557,Ronnie Rivers,RB,LA,16.0,6.0,11.0,0.0,31.2,100.0,20.0,30.0,54.5,5.5,DET,2.05,4.0,0.1111111111111111,0.0,16.623076923076923,0.0
2025,15,00-0037563,Malik Davis,RB,DAL,12.0,13.0,11.0,17.0,69.2,85.0,36.0,26.5,47.5,5.5,MIN,4.566666666666666,3.0,0.11238626964433417,0.6666666666666666,20.407692307692308,11.7
2025,15,00-0037594,Julius Chestnut,RB,TEN,3.0,0.0,3.0,8.0,31.2,40.0,46.0,16.0,44.5,-12.5,SF,0.09999999999999999,0.6666666666666666,0.030303030303030304,0.3333333333333333,22.615384615384617,0.0
2025,15,00-0037614,John Metchie III,WR,NYJ,63.0,41.0,27.0,67.0,76.9,29.0,49.0,13.5,40.5,-13.5,JAC,10.533333333333333,8.0,0.2736913624010398,1.3333333333333333,32.26923076923077,6.9
2025,15,00-0037664,Alec Pierce,WR,IND,39.0,45.0,16.0,50.0,58.1,31.0,24.0,14.0,41.5,-13.5,SEA,11.466666666666667,5.0,0.16224611708482675,1.0,25.66923076923077,2.6
2025,15,00-0037742,Treylon Burks,WR,WSH,21.0,21.0,9.0,17.0,52.7,66.0,66.0,22.0,46.5,-2.5,NYG,5.433333333333334,2.6666666666666665,0.09175084175084175,0.3333333333333333,36.52307692307692,0.0
2025,15,00-0037744,Trey McBride,TE,ARI,100.0,100.0,22.0,50.0,86.6,40.0,29.0,16.0,42.5,-10.5,HOU,16.633333333333333,9.333333333333334,0.22172666737884128,1.0,9.746153846153847,37.4
2025,15,00-0037746,Brian Robinson,RB,SF,35.0,10.0,28.0,25.0,79.3,94.0,49.0,28.5,44.5,12.5,TEN,3.466666666666667,8.666666666666666,0.28420434320319904,1.0,23.45384615384615,2.1
2025,15,00-0037801,KaVontae Turpin,WR,DAL,32.0,25.0,13.0,0.0,83.8,85.0,20.0,26.5,47.5,5.5,MIN,6.433333333333333,4.0,0.125105837923271,0.0,24.53076923076923,3.2
2025,15,00-0037805,Jeremy Ruckert,TE,NYJ,36.0,27.0,12.0,17.0,68.5,29.0,53.0,13.5,40.5,-13.5,JAC,4.466666666666666,3.3333333333333335,0.11786600496277916,0.3333333333333333,16.415384615384617,3.3
2025,15,00-0037809,Chig Okonkwo,TE,TEN,39.0,36.0,11.0,0.0,76.2,40.0,46.0,16.0,44.5,-12.5,SF,5.966666666666666,3.6666666666666665,0.1093734335839599,0.0,14.507692307692308,7.3
2025,15,00-0037816,Romeo Doubs,WR,GB,24.0,21.0,12.0,67.0,59.0,66.0,32.0,22.0,42.5,1.5,DEN,5.433333333333334,3.0,0.1225815663596773,1.3333333333333333,27.576923076923077,5.6
2025,15,00-0037834,Brock Purdy,QB,SF,67.0,67.0,34.0,76.0,88.8,94.0,54.0,28.5,44.5,12.5,TEN,16.58,32.0,0.08616693248272195,7.333333333333333,19.956923076923076,28.2
2025,15,00-0037837,Calvin Austin III,WR,PIT,24.0,15.0,10.0,0.0,49.1,69.0,30.0,22.75,42.5,3.0,MIA,3.9,3.0,0.10426849136526556,0.0,27.26923076923077,0.0
2025,15,00-0037840,Kyren Williams,RB,LA,56.0,35.0,58.0,58.0,78.9,100.0,20.0,30.0,54.5,5.5,DET,12.233333333333333,14.0,0.5809008694341095,2.3333333333333335,16.623076923076923,21.8
2025,15,00-0038041,Jake Ferguson,TE,DAL,71.0,61.0,17.0,100.0,92.1,85.0,42.0,26.5,47.5,5.5,MIN,10.166666666666666,6.666666666666667,0.1715949894398762,2.0,13.3,3.6
2025,15,00-0038046,Charlie Kolar,TE,BAL,7.0,11.0,2.0,0.0,38.9,87.0,80.0,27.0,51.5,2.5,CIN,1.8666666666666665,0.6666666666666666,0.02121212121212121,0.0,24.084615384615386,0.0
2025,15,00-0038090,Skyy Moore,WR,SF,0.0,0.0,0.0,0.0,56.8,94.0,61.0,28.5,44.5,12.5,TEN,0.0,0.0,0.0,0.0,35.4,0.0
2025,15,00-0038102,Kenny Pickett,QB,LV,11.0,12.0,23.0,7.0,32.9,25.0,39.0,12.5,37.5,-12.5,PHI,2.9333333333333336,5.333333333333333,0.05808080808080809,0.6666666666666666,17.18769230769231,3.26
2025,15,00-0038104,Tyquan Thornton,WR,KC,11.0,5.0,4.0,0.0,31.2,72.0,21.0,23.5,41.5,5.5,LAC,1.3,1.3333333333333333,0.04223469660518578,0.0,24.886153846153846,6.7
2025,15,00-0038115,Daniel Bellinger,TE,NYG,18.0,4.0,5.0,33.0,58.0,76.0,51.0,24.5,46.5,2.5,WSH,0.6,1.6666666666666667,0.051935429344151456,0.6666666666666666,15.915384615384614,6.5
2025,15,00-0038117,Wan'Dale Robinson,WR,NYG,84.0,64.0,36.0,17.0,66.1,76.0,61.0,24.5,46.5,2.5,WSH,16.2,10.666666666666666,0.3603612974809729,0.3333333333333333,35.36153846153846,16.4
2025,15,00-0038120,Breece Hall,RB,NYJ,75.0,34.0,79.0,67.0,76.9,29.0,25.0,13.5,40.5,-13.5,JAC,11.933333333333335,18.666666666666668,0.7893686010384302,2.6666666666666665,17.753846153846155,5.7
2025,15,00-0038124,Christian Watson,WR,GB,58.0,70.0,30.0,0.0,69.9,66.0,32.0,22.0,42.5,1.5,DEN,17.7,7.333333333333333,0.295135765450608,0.0,27.576923076923077,5.9
2025,15,00-0038134,Kenneth Walker III,RB,SEA,60.0,26.0,59.0,58.0,77.7,89.0,39.0,27.5,41.5,13.5,IND,9.1,15.0,0.5915928093645485,2.3333333333333335,21.184615384615384,2.9
2025,15,00-0038359,Xavier Smith,WR,LA,16.0,19.0,7.0,17.0,50.1,100.0,74.0,30.0,54.5,5.5,DET,4.866666666666666,2.0,0.0724810832337714,0.3333333333333333,38.60923076923077,0.0
2025,15,00-0038393,Dontayvion Wicks,WR,GB,37.0,46.0,18.0,33.0,47.6,66.0,32.0,22.0,42.5,1.5,DEN,11.700000000000001,4.666666666666667,0.1817296113847838,0.6666666666666666,27.576923076923077,1.6
2025,15,00-0038397,Evan Hull,RB,NO,14.0,5.0,13.0,0.0,67.2,55.0,55.0,19.5,41.5,-2.5,CAR,1.75,3.5,0.13321759259259258,0.0,24.715384615384615,1.2
2025,15,00-0038400,Tanner McKee,QB,PHI,6.0,0.0,36.0,0.0,56.8,79.0,44.0,25.0,37.5,12.5,LV,-0.2,3.0,0.09090909090909091,0.0,18.11846153846154,2.22
2025,15,00-0038454,Keaton Mitchell,RB,BAL,19.0,21.0,15.0,17.0,67.1,87.0,80.0,27.0,51.5,2.5,CIN,7.199999999999999,4.666666666666667,0.14991087344028522,0.6666666666666666,30.68307692307692,6.6
2025,15,00-0038488,Brady Russell,RB,SEA,0.0,0.0,0.0,0.0,56.8,89.0,39.0,27.5,41.5,13.5,IND,0.0,0.0,0.0,0.0,21.184615384615384,0.0
2025,15,00-0038519,Nikko Remigio,WR,KC,0.0,0.0,0.0,0.0,56.8,72.0,21.0,23.5,41.5,5.5,LAC,0.0,0.0,0.0,0.0,24.886153846153846,0.0
2025,15,00-0038542,Bijan Robinson,RB,ATL,91.0,52.0,75.0,83.0,71.8,52.0,50.0,18.75,43.5,-6.0,TB,18.13333333333333,22.666666666666668,0.7479683113512369,3.3333333333333335,23.584615384615383,31.5
2025,15,00-0038543,Jaxon Smith-Njigba,WR,SEA,68.0,91.0,33.0,100.0,60.6,89.0,65.0,27.5,41.5,13.5,IND,23.166666666666668,8.666666666666666,0.33190263842437756,2.3333333333333335,36.4076923076923,18.3
2025,15,00-0038547,Luke Schoonmaker,TE,DAL,14.0,7.0,3.0,0.0,56.5,85.0,42.0,26.5,47.5,5.5,MIN,1.1,1.3333333333333333,0.0327172156959391,0.0,13.3,3.9
2025,15,00-0038555,Tank Bigsby,RB,PHI,8.0,4.0,7.0,8.0,42.1,79.0,50.0,25.0,37.5,12.5,LV,1.5333333333333332,2.0,0.0651851851851852,0.3333333333333333,23.700000000000003,5.7
2025,15,00-0038558,Darnell Washington,TE,PIT,25.0,26.0,9.0,0.0,55.0,69.0,53.0,22.75,42.5,3.0,MIA,4.3,2.3333333333333335,0.09221244705115672,0.0,16.50769230769231,5.5
2025,15,00-0038559,Michael Wilson,WR,ARI,100.0,86.0,29.0,100.0,64.5,40.0,24.0,16.0,42.5,-10.5,HOU,21.86666666666667,12.666666666666666,0.2929708364490973,2.3333333333333335,25.46153846153846,16.4
2025,15,00-0038563,Tre Tucker,WR,LV,47.0,20.0,18.0,17.0,76.1,25.0,38.0,12.5,37.5,-12.5,PHI,5.066666666666666,6.0,0.18434343434343434,0.3333333333333333,29.253846153846155,0.0
2025,15,00-0038576,Charlie Jones,WR,CIN,3.0,0.0,1.0,0.0,41.8,76.0,60.0,24.5,51.5,-2.5,BAL,0.0,0.3333333333333333,0.00980392156862745,0.0,35.0,0.0
2025,15,00-0038597,Chase Brown,RB,CIN,81.0,50.0,77.0,42.0,86.8,76.0,52.0,24.5,51.5,-2.5,BAL,17.266666666666666,20.333333333333332,0.7666868124870548,1.6666666666666667,24.053846153846152,16.0
2025,15,00-0038606,Parker Washington,WR,JAC,32.0,34.0,15.0,33.0,47.2,87.0,34.0,27.0,40.5,13.5,NYJ,8.566666666666668,4.0,0.14808080808080806,0.6666666666666666,28.23846153846154,8.3
2025,15,00-0038608,Kayshon Boutte,WR,NE,21.0,22.0,9.0,17.0,39.0,72.0,39.0,23.5,49.5,-2.5,BUF,5.666666666666667,2.6666666666666665,0.08766233766233766,0.3333333333333333,29.638461538461538,4.0
2025,15,00-0038618,Xavier Hutchinson,WR,HOU,21.0,9.0,9.0,17.0,36.0,85.0,44.0,26.5,42.5,10.5,ARI,2.266666666666667,2.6666666666666665,0.0895952041785375,0.3333333333333333,30.784615384615385,2.6
2025,15,00-0038619,Andrei Iosivas,WR,CIN,34.0,32.0,13.0,17.0,55.5,76.0,60.0,24.5,51.5,-2.5,BAL,8.066666666666668,4.333333333333333,0.1260494975328735,0.3333333333333333,35.0,0.0
2025,15,00-0038621,DeMario Douglas,WR,NE,24.0,24.0,10.0,17.0,82.0,72.0,39.0,23.5,49.5,-2.5,BUF,6.166666666666667,3.0,0.09683574092176243,0.3333333333333333,29.638461538461538,0.5
2025,15,00-0038640,Jalen Brooks,WR,ARI,12.0,10.0,3.0,0.0,31.2,40.0,24.0,16.0,42.5,-10.5,HOU,2.6,1.5,0.03409090909090909,0.0,25.46153846153846,2.9
2025,15,00-0038685,Chris Brooks,RB,GB,16.0,8.0,12.0,17.0,48.4,66.0,22.0,22.0,42.5,1.5,DEN,2.6999999999999997,4.0,0.1168463387353942,0.6666666666666666,16.992307692307694,2.6
2025,15,00-0038705,Emari Demercado,RB,ARI,41.0,25.0,40.0,25.0,66.7,40.0,31.0,16.0,42.5,-10.5,HOU,8.733333333333333,10.333333333333334,0.39759259980399414,1.0,19.2,2.1
2025,15,00-0038720,Julian Hill,TE,MIA,14.0,7.0,6.0,0.0,58.0,56.0,52.0,19.75,42.5,-3.0,PIT,1.1666666666666667,1.3333333333333333,0.05555555555555556,0.0,16.076923076923077,4.5
2025,15,00-0038738,Hunter Luepke,RB,DAL,7.0,8.0,5.0,0.0,31.2,85.0,36.0,26.5,47.5,5.5,MIN,2.933333333333333,1.6666666666666667,0.05152649769585254,0.0,20.407692307692308,5.0
2025,15,00-0038794,Jaleel McLaughlin,RB,DEN,25.0,16.0,26.0,25.0,76.0,59.0,33.0,20.5,42.5,-1.5,GB,5.5,6.333333333333333,0.2596685487152019,1.0,19.76153846153846,0.4
2025,15,00-0038797,Emanuel Wilson,RB,GB,49.0,28.0,34.0,58.0,31.2,66.0,22.0,22.0,42.5,1.5,DEN,9.633333333333333,12.333333333333334,0.33687423687423684,2.3333333333333335,16.992307692307694,0.3
2025,15,00-0038839,Mitchell Tinsley,WR,CIN,45.0,25.0,14.0,50.0,55.9,76.0,60.0,24.5,51.5,-2.5,BAL,6.266666666666667,5.666666666666667,0.1418201624083977,1.0,35.0,2.6
2025,15,00-0038840,Brycen Tremayne,WR,CAR,5.0,5.0,2.0,0.0,31.2,66.0,33.0,22.0,41.5,2.5,NO,1.2333333333333334,0.6666666666666666,0.015151515151515152,0.0,27.915384615384614,0.0
2025,15,00-0038933,Dalton Kincaid,TE,BUF,50.0,84.0,17.0,17.0,66.3,83.0,50.0,26.0,49.5,2.5,NE,13.966666666666669,4.666666666666667,0.16736942070275404,0.3333333333333333,15.683333333333332,6.4
2025,15,00-0038935,Brenton Strange,TE,JAC,54.0,67.0,17.0,50.0,80.6,87.0,40.0,27.0,40.5,13.5,NYJ,11.166666666666666,5.0,0.17340501792114693,1.0,12.915384615384616,3.6
2025,15,00-0038938,Jalin Hyatt,WR,NYG,13.0,5.0,6.0,17.0,31.2,76.0,61.0,24.5,46.5,2.5,WSH,1.2666666666666666,1.6666666666666667,0.056078021595262977,0.3333333333333333,35.36153846153846,0.0
2025,15,00-0038951,Sean Tucker,RB,TB,31.0,14.0,24.0,25.0,40.6,78.0,47.0,24.75,43.5,6.0,ATL,4.833333333333333,7.666666666666667,0.24395682868059584,1.0,23.04615384615385,6.7
2025,15,00-0038953,Dylan Drummond,WR,ATL,29.0,15.0,14.0,50.0,70.5,52.0,51.0,18.75,43.5,-6.0,TB,3.733333333333333,3.6666666666666665,0.14178187403993855,1.0,32.76923076923077,0.0
2025,15,00-0038976,Marvin Mims Jr.,WR,DEN,16.0,7.0,7.0,0.0,44.8,59.0,36.0,20.5,42.5,-1.5,GB,1.866666666666667,2.0,0.06819572133973756,0.0,28.784615384615385,7.7
2025,15,00-0038994,Jordan Addison,WR,MIN,47.0,25.0,23.0,33.0,45.0,61.0,80.0,21.0,47.5,-5.5,DAL,6.266666666666666,6.0,0.23491032261646957,0.6666666666666666,40.284615384615385,8.6
2025,15,00-0038997,Josh Downs,WR,IND,45.0,21.0,19.0,67.0,81.9,31.0,24.0,14.0,41.5,-13.5,SEA,5.233333333333333,5.666666666666667,0.19081242532855436,1.3333333333333333,25.66923076923077,10.3
2025,15,00-0039032,Tyjae Spears,RB,TEN,37.0,21.0,32.0,8.0,84.0,40.0,46.0,16.0,44.5,-12.5,SF,7.2,9.333333333333334,0.3235999088630667,0.3333333333333333,22.615384615384617,5.6
2025,15,00-0039040,De'Von Achane,RB,MIA,76.0,56.0,63.0,92.0,74.8,56.0,36.0,19.75,42.5,-3.0,PIT,19.466666666666665,19.0,0.6277567032582768,3.6666666666666665,20.346153846153847,18.7
2025,15,00-0039041,Elijah Higgins,TE,ARI,11.0,9.0,3.0,0.0,31.2,40.0,29.0,16.0,42.5,-10.5,HOU,1.5666666666666667,1.0,0.025593775593775597,0.0,9.746153846153847,1.3
2025,15,00-0039062,Jonathan Mingo,WR,DAL,8.0,0.0,2.0,0.0,56.8,85.0,20.0,26.5,47.5,5.5,MIN,0.0,1.0,0.02127659574468085,0.0,24.53076923076923,3.5
2025,15,00-0039064,Zay Flowers,WR,BAL,71.0,46.0,32.0,33.0,67.2,87.0,27.0,27.0,51.5,2.5,CIN,11.700000000000001,9.0,0.3168300653594771,0.6666666666666666,26.298461538461538,15.8
2025,15,00-0039066,Michael Mayer,TE,LV,32.0,24.0,10.0,17.0,63.4,25.0,25.0,12.5,37.5,-12.5,PHI,3.9666666666666663,3.0,0.09545787545787547,0.3333333333333333,8.607692307692307,0.0
2025,15,00-0039067,Rashee Rice,WR,KC,87.0,77.0,32.0,100.0,73.8,72.0,21.0,23.5,41.5,5.5,LAC,19.633333333333333,11.0,0.3244700324256476,3.0,24.886153846153846,12.1
2025,15,00-0039074,Davis Allen,TE,LA,25.0,23.0,7.0,17.0,57.0,100.0,37.0,30.0,54.5,5.5,DET,3.8000000000000003,2.3333333333333335,0.0730667416309415,0.3333333333333333,11.884615384615385,4.6
2025,15,00-0039075,Puka Nacua,WR,LA,82.0,86.0,34.0,50.0,80.0,100.0,74.0,30.0,54.5,5.5,DET,21.86666666666667,10.333333333333334,0.3372338182584862,1.0,38.60923076923077,27.9
2025,15,00-0039139,Jahmyr Gibbs,RB,DET,93.0,100.0,88.0,50.0,74.2,76.0,23.0,24.5,54.5,-5.5,LA,34.666666666666664,23.333333333333332,0.8839550951888246,2.0,17.253846153846155,9.8
2025,15,00-0039144,Luke Musgrave,TE,GB,25.0,18.0,10.0,0.0,60.2,66.0,45.0,22.0,42.5,1.5,DEN,3.0666666666666664,2.3333333333333335,0.1012112991123486,0.0,14.184615384615386,9.2
2025,15,00-0039146,Jayden Reed,WR,GB,43.0,45.0,24.0,25.0,87.7,66.0,32.0,22.0,42.5,1.5,DEN,11.4,5.5,0.23905442383703251,0.5,27.576923076923077,10.5
2025,15,00-0039150,Bryce Young,QB,CAR,73.0,87.0,63.0,76.0,78.2,66.0,36.0,22.0,41.5,2.5,NO,21.540000000000003,34.666666666666664,0.15756410256410255,7.333333333333333,16.512307692307694,15.42
2025,15,00-0039163,C.J. Stroud,QB,HOU,57.0,38.0,22.0,38.0,65.3,85.0,40.0,26.5,42.5,10.5,ARI,9.339999999999998,27.0,0.05511882172223728,3.6666666666666665,17.33230769230769,23.4
2025,15,00-0039165,Zach Charbonnet,RB,SEA,40.0,28.0,37.0,58.0,81.1,89.0,39.0,27.5,41.5,13.5,IND,9.766666666666666,10.0,0.36891025641025643,2.3333333333333335,21.184615384615384,3.1
2025,15,00-0039338,Brock Bowers,TE,LV,64.0,97.0,19.0,100.0,77.0,25.0,25.0,12.5,37.5,-12.5,PHI,16.133333333333333,6.0,0.19155844155844157,2.0,8.607692307692307,8.8
2025,15,00-0039342,Xavier Legette,WR,CAR,39.0,32.0,16.0,17.0,51.5,66.0,33.0,22.0,41.5,2.5,NO,8.200000000000001,5.0,0.15566778900112235,0.3333333333333333,27.915384615384614,5.9
2025,15,00-0039356,Ja'Tavion Sanders,TE,CAR,18.0,16.0,4.0,17.0,31.2,66.0,40.0,22.0,41.5,2.5,NO,2.6,1.6666666666666667,0.04264870931537598,0.3333333333333333,12.707692307692309,2.5
2025,15,00-0039359,Cade Stover,TE,HOU,43.0,20.0,13.0,17.0,52.1,85.0,46.0,26.5,42.5,10.5,ARI,3.3666666666666667,4.0,0.13324125946674967,0.3333333333333333,14.600000000000001,5.2
2025,15,00-0039361,Bucky Irving,RB,TB,76.0,57.0,64.0,33.0,84.6,78.0,47.0,24.75,43.5,6.0,ATL,19.900000000000002,19.0,0.6355053588386922,1.3333333333333333,23.04615384615385,8.1
2025,15,00-0039364,Sione Vaki,RB,DET,1.0,0.0,1.0,0.0,31.2,76.0,23.0,24.5,54.5,-5.5,LA,0.13333333333333333,0.3333333333333333,0.010101010101010102,0.0,17.253846153846155,0.0
2025,15,00-0039373,Audric Estimé,RB,NO,12.0,3.0,9.0,25.0,56.8,55.0,55.0,19.5,41.5,-2.5,CAR,1.1,3.0,0.09375,1.0,24.715384615384615,8.0
2025,15,00-0039376,Spencer Rattler,QB,NO,62.0,49.0,66.0,17.0,75.5,55.0,34.0,19.5,41.5,-2.5,CAR,12.08,29.333333333333332,0.16385336743393009,1.6666666666666667,16.215384615384615,0.0
2025,15,00-0039384,Tyrone Tracy Jr.,RB,NYG,77.0,37.0,56.0,50.0,71.1,76.0,55.0,24.5,46.5,2.5,WSH,12.733333333333334,19.333333333333332,0.5648935524696174,2.0,24.77692307692308,24.7
2025,15,00-0039391,Kimani Vidal,RB,LAC,67.0,34.0,51.0,42.0,58.2,49.0,29.0,18.0,41.5,-5.5,KC,11.766666666666667,16.666666666666668,0.5079011883432882,1.6666666666666667,18.792307692307695,5.8
2025,15,00-0039407,Dylan Laube,RB,LV,0.0,0.0,0.0,0.0,56.8,25.0,53.0,12.5,37.5,-12.5,PHI,0.0,0.0,0.0,0.0,24.307692307692307,0.4
2025,15,00-0039410,Ryan Flournoy,WR,DAL,45.0,43.0,13.0,50.0,31.2,85.0,20.0,26.5,47.5,5.5,MIN,10.966666666666667,5.666666666666667,0.12874941811112026,1.0,24.53076923076923,8.0
2025,15,00-0039424,Devaughn Vele,WR,NO,53.0,49.0,22.0,50.0,67.9,55.0,29.0,19.5,41.5,-2.5,CAR,12.333333333333334,6.666666666666667,0.2160282717738258,1.0,26.807692307692307,11.9
2025,15,00-0039451,Isaiah Williams,WR,NYJ,11.0,6.0,4.0,0.0,31.2,29.0,49.0,13.5,40.5,-13.5,JAC,1.4666666666666668,1.3333333333333333,0.04301075268817204,0.0,32.26923076923077,11.3
2025,15,00-0039458,Brenden Bates,TE,CLE,21.0,26.0,6.0,0.0,56.8,38.0,44.0,15.5,38.5,-7.5,CHI,4.3,2.0,0.06451612903225806,0.0,14.007692307692308,0.0
2025,15,00-0039491,Jalen Coker,WR,CAR,37.0,43.0,18.0,50.0,68.4,66.0,33.0,22.0,41.5,2.5,NO,10.933333333333332,4.666666666666667,0.179685746352413,1.0,27.915384615384614,16.0
2025,15,00-0039530,Brevyn Spann-Ford,TE,DAL,7.0,18.0,2.0,17.0,35.4,85.0,42.0,26.5,47.5,5.5,MIN,3.033333333333333,0.6666666666666666,0.016616008105369808,0.3333333333333333,13.3,0.0
2025,15,00-0039589,Kameron Johnson,WR,TB,3.0,0.0,1.0,0.0,41.8,78.0,54.0,24.75,43.5,6.0,ATL,0.0,0.3333333333333333,0.011904761904761904,0.0,33.46923076923077,0.0
2025,15,00-0039603,British Brooks,RB,HOU,3.0,0.0,2.0,17.0,41.8,85.0,57.0,26.5,42.5,10.5,ARI,0.0,0.6666666666666666,0.023809523809523808,0.6666666666666666,25.184615384615384,0.0
2025,15,00-0039623,Mason Tipton,WR,NO,26.0,15.0,9.0,0.0,38.4,55.0,29.0,19.5,41.5,-2.5,CAR,3.733333333333333,3.3333333333333335,0.09447387912960188,0.0,26.807692307692307,1.1
2025,15,00-0039648,David Martin-Robinson,TE,TEN,4.0,3.0,1.0,0.0,31.2,40.0,46.0,16.0,44.5,-12.5,SF,0.5333333333333333,0.3333333333333333,0.013333333333333334,0.0,14.507692307692308,0.0
2025,15,00-0039686,Colson Yankoff,TE,WSH,11.0,8.0,4.0,0.0,65.6,66.0,37.0,22.0,46.5,-2.5,NYG,1.2666666666666666,1.0,0.03556832694763729,0.0,11.835384615384616,0.0
2025,15,00-0039732,Bo Nix,QB,DEN,90.0,64.0,45.0,86.0,91.7,59.0,29.0,20.5,42.5,-1.5,GB,15.673333333333334,42.666666666666664,0.11240483654276757,8.333333333333334,15.278461538461539,29.08
2025,15,00-0039738,Blake Corum,RB,LA,36.0,41.0,36.0,50.0,65.2,100.0,20.0,30.0,54.5,5.5,DET,14.200000000000001,9.0,0.3557819279381249,2.0,16.623076923076923,13.1
2025,15,00-0039746,Will Shipley,RB,PHI,3.0,3.0,2.0,0.0,41.3,79.0,50.0,25.0,37.5,12.5,LV,1.1333333333333335,0.6666666666666666,0.019883040935672513,0.0,23.700000000000003,0.0
2025,15,00-0039751,Jordan Whittington,WR,LA,13.0,8.0,5.0,0.0,44.5,100.0,74.0,30.0,54.5,5.5,DET,2.066666666666667,1.6666666666666667,0.05251013189027104,0.0,38.60923076923077,0.0
2025,15,00-0039754,Devin Culp,TE,TB,0.0,0.0,0.0,0.0,56.8,78.0,23.0,24.75,43.5,6.0,ATL,0.0,0.0,0.0,0.0,7.915384615384615,7.6
2025,15,00-0039793,AJ Barner,TE,SEA,50.0,34.0,18.0,50.0,79.2,89.0,50.0,27.5,41.5,13.5,IND,5.733333333333333,4.666666666666667,0.18065821256038647,1.0,15.507692307692308,5.7
2025,15,00-0039796,Rasheen Ali,RB,BAL,12.0,7.0,11.0,8.0,60.0,87.0,80.0,27.0,51.5,2.5,CIN,2.5,3.0,0.11257575757575757,0.3333333333333333,30.68307692307692,11.2
2025,15,00-0039798,Isaiah Davis,RB,NYJ,9.0,3.0,10.0,0.0,40.8,29.0,25.0,13.5,40.5,-13.5,JAC,0.9666666666666668,2.3333333333333335,0.1012504257286041,0.0,17.753846153846155,13.5
2025,15,00-0039847,Theo Johnson,TE,NYG,61.0,46.0,21.0,33.0,72.0,76.0,51.0,24.5,46.5,2.5,WSH,7.733333333333334,5.666666666666667,0.2061077304485012,0.6666666666666666,15.915384615384614,10.2
2025,15,00-0039851,Drake Maye,QB,NE,80.0,73.0,69.0,76.0,94.1,72.0,29.0,23.5,49.5,-2.5,BUF,17.959999999999997,38.333333333333336,0.17211167415097708,7.333333333333333,15.298461538461538,22.5
2025,15,00-0039868,Troy Franklin,WR,DEN,39.0,27.0,14.0,17.0,56.6,59.0,36.0,20.5,42.5,-1.5,GB,6.866666666666667,5.0,0.14145658263305322,0.3333333333333333,28.784615384615385,20.8
2025,15,00-0039874,Jaylen Wright,RB,MIA,41.0,18.0,28.0,25.0,31.2,56.0,36.0,19.75,42.5,-3.0,PIT,6.233333333333333,10.333333333333334,0.2847436870106028,1.0,20.346153846153847,2.1
2025,15,00-0039875,Ray Davis,RB,BUF,12.0,6.0,6.0,0.0,31.2,83.0,21.0,26.0,49.5,2.5,NE,2.066666666666667,3.0,0.05882352941176471,0.0,16.907692307692308,2.3
2025,15,00-0039880,Malik Washington,WR,MIA,32.0,24.0,20.0,17.0,80.6,56.0,65.0,19.75,42.5,-3.0,PIT,6.066666666666666,4.0,0.19682539682539682,0.3333333333333333,36.43076923076923,2.0
2025,15,00-0039890,Adonai Mitchell,WR,NYJ,66.0,44.0,28.0,83.0,56.4,29.0,49.0,13.5,40.5,-13.5,JAC,11.266666666666666,8.333333333333334,0.2832919768403639,1.6666666666666667,32.26923076923077,17.4
2025,15,00-0039893,Brian Thomas Jr.,WR,JAC,37.0,33.0,16.0,0.0,75.5,87.0,34.0,27.0,40.5,13.5,NYJ,8.333333333333334,4.666666666666667,0.15502117953730857,0.0,28.23846153846154,17.1
2025,15,00-0039894,Xavier Worthy,WR,KC,53.0,39.0,20.0,17.0,83.8,72.0,21.0,23.5,41.5,5.5,LAC,9.933333333333332,6.666666666666667,0.19947802261659867,0.3333333333333333,24.886153846153846,5.5
2025,15,00-0039912,Ben Sinnott,TE,WSH,11.0,25.0,4.0,17.0,75.8,66.0,37.0,22.0,46.5,-2.5,NYG,4.133333333333334,1.0,0.04292929292929293,0.3333333333333333,11.835384615384616,4.6
2025,15,00-0039915,Ladd McConkey,WR,LAC,39.0,27.0,22.0,33.0,63.8,49.0,36.0,18.0,41.5,-5.5,KC,6.800000000000001,5.0,0.2232574189095928,0.6666666666666666,28.676923076923078,4.0
2025,15,00-0039916,Ricky Pearsall,WR,SF,26.0,9.0,13.0,17.0,69.4,94.0,61.0,28.5,44.5,12.5,TEN,2.4,3.3333333333333335,0.1270431513566525,0.3333333333333333,35.4,15.6
2025,15,00-0039918,Caleb Williams,QB,CHI,83.0,70.0,52.0,59.0,88.1,70.0,27.0,23.0,38.5,7.5,CLE,17.353333333333335,39.666666666666664,0.13046099290780142,5.666666666666667,14.906153846153845,18.98
2025,15,00-0039920,Malachi Corley,WR,CLE,11.0,3.0,6.0,0.0,53.5,38.0,63.0,15.5,38.5,-7.5,CHI,0.7666666666666667,1.3333333333333333,0.05828355236957387,0.0,35.8,2.0
2025,15,00-0039923,J.J. McCarthy,QB,MIN,57.0,47.0,37.0,28.0,72.8,61.0,80.0,21.0,47.5,-5.5,DAL,11.633333333333333,27.333333333333332,0.09215686274509804,2.6666666666666665,24.893846153846155,25.5
2025,15,00-0040024,Darius Cooper,WR,PHI,8.0,7.0,3.0,0.0,34.4,79.0,63.0,25.0,37.5,12.5,LV,1.8666666666666665,1.0,0.02729044834307992,0.0,35.93846153846154,4.9
2025,15,00-0040058,Nick Kallerup,TE,SEA,4.0,0.0,3.0,17.0,41.8,89.0,50.0,27.5,41.5,13.5,IND,0.0,0.3333333333333333,0.027777777777777776,0.3333333333333333,15.507692307692308,0.0
2025,15,00-0040075,LaJohntay Wester,WR,BAL,0.0,0.0,0.0,0.0,56.8,87.0,27.0,27.0,51.5,2.5,CIN,0.0,0.0,0.0,0.0,26.298461538461538,0.0
2025,15,00-0040078,Brashard Smith,RB,KC,8.0,7.0,5.0,0.0,32.5,72.0,38.0,23.5,41.5,5.5,LAC,2.433333333333333,2.0,0.05063208611236072,0.0,20.83076923076923,0.1
2025,15,00-0040122,Ashton Jeanty,RB,LV,83.0,41.0,100.0,25.0,72.5,25.0,53.0,12.5,37.5,-12.5,PHI,14.233333333333334,20.666666666666668,1.0577200577200578,1.0,24.307692307692307,8.2
2025,15,00-0040124,Tetairoa McMillan,WR,CAR,55.0,73.0,21.0,67.0,55.2,66.0,33.0,22.0,41.5,2.5,NO,18.599999999999998,7.0,0.21066217732884399,1.3333333333333333,27.915384615384614,4.5
2025,15,00-0040126,Colston Loveland,TE,CHI,57.0,67.0,18.0,33.0,83.3,70.0,37.0,23.0,38.5,7.5,CLE,11.200000000000001,5.333333333333333,0.1775793650793651,0.6666666666666666,12.03076923076923,10.1
2025,15,00-0040128,Tyler Warren,TE,IND,68.0,49.0,21.0,100.0,77.9,31.0,52.0,14.0,41.5,-13.5,SEA,8.133333333333333,6.333333333333333,0.21147097253689118,2.0,16.13076923076923,4.9
2025,15,00-0040129,Emeka Egbuka,WR,TB,66.0,23.0,30.0,33.0,84.2,78.0,54.0,24.75,43.5,6.0,ATL,5.966666666666666,8.333333333333334,0.2998310291858679,0.6666666666666666,33.46923076923077,10.4
2025,15,00-0040130,Jayden Higgins,WR,HOU,50.0,42.0,22.0,33.0,73.5,85.0,44.0,26.5,42.5,10.5,ARI,10.566666666666666,6.333333333333333,0.22095458553791889,0.6666666666666666,30.784615384615385,1.4
2025,15,00-0040131,Kyle Williams,WR,NE,13.0,17.0,5.0,0.0,43.4,72.0,39.0,23.5,49.5,-2.5,BUF,4.366666666666667,1.6666666666666667,0.051515151515151514,0.0,29.638461538461538,0.0
2025,15,00-0040138,Jaylin Noel,WR,HOU,18.0,7.0,8.0,33.0,53.4,85.0,44.0,26.5,42.5,10.5,ARI,1.7333333333333332,2.3333333333333335,0.08249074949343767,0.6666666666666666,30.784615384615385,0.0
2025,15,00-0040142,Kaleb Johnson,RB,PIT,12.0,2.0,14.0,17.0,54.2,69.0,41.0,22.75,42.5,3.0,MIA,0.7333333333333334,3.0,0.14280626780626782,0.6666666666666666,21.569230769230767,0.4
2025,15,00-0040164,Jaylin Lane,WR,WSH,5.0,3.0,2.0,0.0,34.8,66.0,66.0,22.0,46.5,-2.5,NYG,0.7666666666666666,0.6666666666666666,0.018901660280970626,0.0,36.52307692307692,0.0
2025,15,00-0040170,Elic Ayomanor,WR,TEN,37.0,17.0,14.0,17.0,64.8,40.0,53.0,16.0,44.5,-12.5,SF,4.333333333333333,4.666666666666667,0.14317460317460318,0.3333333333333333,33.16153846153846,2.7
2025,15,00-0040184,KeAndre Lambert-Smith,WR,LAC,8.0,1.0,3.0,17.0,32.5,49.0,36.0,18.0,41.5,-5.5,KC,0.3666666666666667,1.0,0.029889538661468484,0.3333333333333333,28.676923076923078,8.6
2025,15,00-0040187,Mitchell Evans,TE,CAR,21.0,20.0,8.0,17.0,48.9,66.0,40.0,22.0,41.5,2.5,NO,3.266666666666667,2.0,0.07749719416386082,0.3333333333333333,12.707692307692309,0.0
2025,15,00-0040189,Oronde Gadsden II,TE,LAC,39.0,23.0,16.0,0.0,66.6,49.0,33.0,18.0,41.5,-5.5,KC,3.8333333333333335,3.6666666666666665,0.15916149068322982,0.0,10.73076923076923,10.1
2025,15,00-0040194,Jackson Hawes,TE,BUF,14.0,28.0,5.0,17.0,67.7,83.0,50.0,26.0,49.5,2.5,NE,4.633333333333334,1.3333333333333333,0.047671765968867415,0.3333333333333333,15.683333333333332,1.9
2025,15,00-0040198,Ollie Gordon II,RB,MIA,23.0,18.0,17.0,58.0,54.2,56.0,36.0,19.75,42.5,-3.0,PIT,6.3999999999999995,5.666666666666667,0.16867460005245216,2.3333333333333335,20.346153846153847,0.0
2025,15,00-0040202,Devin Neal,RB,NO,68.0,35.0,55.0,25.0,82.0,55.0,55.0,19.5,41.5,-2.5,CAR,12.133333333333333,17.0,0.5544315034368614,1.0,24.715384615384615,10.2
2025,15,00-0040205,Kalel Mullings,RB,TEN,0.0,0.0,0.0,0.0,56.8,40.0,46.0,16.0,44.5,-12.5,SF,0.0,0.0,0.0,0.0,22.615384615384617,0.3
2025,15,00-0040208,Tahj Brooks,RB,CIN,7.0,1.0,8.0,0.0,59.1,76.0,52.0,24.5,51.5,-2.5,BAL,0.3666666666666667,1.6666666666666667,0.07616316618874164,0.0,24.053846153846152,0.0
2025,15,00-0040218,Jimmy Horn Jr.,WR,CAR,18.0,6.0,10.0,17.0,66.0,66.0,33.0,22.0,41.5,2.5,NO,1.6000000000000003,2.3333333333333335,0.0958366858443136,0.3333333333333333,27.915384615384614,1.7
2025,15,00-0040236,Kyle Monangai,RB,CHI,68.0,35.0,50.0,100.0,75.7,70.0,36.0,23.0,38.5,7.5,CLE,12.166666666666666,17.0,0.49608789260385006,4.0,20.444615384615382,3.3
2025,15,00-0040237,Tez Johnson,WR,TB,37.0,20.0,16.0,50.0,55.5,78.0,54.0,24.75,43.5,6.0,ATL,5.133333333333334,4.666666666666667,0.1553439877800278,1.0,33.46923076923077,0.0
2025,15,00-0040238,LeQuint Allen Jr.,RB,JAC,4.0,3.0,3.0,0.0,31.2,87.0,60.0,27.0,40.5,13.5,NYJ,1.0,1.0,0.03341013824884793,0.0,26.107692307692307,2.6
2025,15,00-0040242,Jacory Croskey-Merritt,RB,WSH,28.0,9.0,24.0,33.0,71.5,66.0,70.0,22.0,46.5,-2.5,NYG,3.1666666666666665,7.0,0.24425665954901335,1.3333333333333333,28.39230769230769,15.6
2025,15,00-0040259,Gage Larvadain,WR,CLE,16.0,11.0,7.0,17.0,37.7,38.0,63.0,15.5,38.5,-7.5,CHI,2.6999999999999997,2.0,0.06979405034324943,0.3333333333333333,35.8,1.8
2025,15,00-0040398,Brady Cook,QB,NYJ,65.0,26.0,24.0,52.0,56.8,29.0,54.0,13.5,40.5,-13.5,JAC,6.52,31.0,0.058823529411764705,5.0,19.973846153846157,14.94
2025,15,00-0040431,Dalen Cambre,WR,NYG,0.0,0.0,0.0,0.0,56.8,76.0,61.0,24.5,46.5,2.5,WSH,0.0,0.0,0.0,0.0,35.36153846153846,0.0
2025,15,00-0040506,Myles Price,WR,MIN,0.0,0.0,0.0,0.0,56.8,61.0,80.0,21.0,47.5,-5.5,DAL,0.0,0.0,0.0,0.0,40.284615384615385,0.0
2025,15,00-0040582,Arian Smith,WR,NYJ,8.0,7.0,3.0,0.0,62.2,29.0,49.0,13.5,40.5,-13.5,JAC,1.8,1.0,0.03441577579508614,0.0,32.26923076923077,0.0
2025,15,00-0040583,Woody Marks,RB,HOU,88.0,30.0,73.0,100.0,76.5,85.0,57.0,26.5,42.5,10.5,ARI,10.4,22.0,0.7303310730137106,4.666666666666667,25.184615384615384,4.8
2025,15,00-0040584,Gunnar Helm,TE,TEN,57.0,42.0,15.0,33.0,60.0,40.0,46.0,16.0,44.5,-12.5,SF,7.066666666666667,5.333333333333333,0.15473684210526317,0.6666666666666666,14.507692307692308,14.9
2025,15,00-0040590,Konata Mumpfield,WR,LA,8.0,8.0,3.0,0.0,31.4,100.0,74.0,30.0,54.5,5.5,DET,2.0,1.0,0.030360531309297913,0.0,38.60923076923077,0.0
2025,15,00-0040644,Trevor Etienne,RB,CAR,3.0,2.0,3.0,0.0,34.0,66.0,46.0,22.0,41.5,2.5,NO,0.5333333333333333,0.6666666666666666,0.03,0.0,22.73076923076923,0.0
2025,15,00-0040663,Harold Fannin Jr.,TE,CLE,86.0,94.0,30.0,17.0,71.7,38.0,44.0,15.5,38.5,-7.5,CHI,15.700000000000001,8.0,0.30316447448161726,0.3333333333333333,14.007692307692308,12.0
2025,15,00-0040666,Omarion Hampton,RB,LAC,67.0,53.0,71.0,58.0,76.1,49.0,29.0,18.0,41.5,-5.5,KC,18.400000000000002,16.666666666666668,0.7064060958511759,2.3333333333333335,18.792307692307695,7.5
2025,15,00-0040667,Matthew Golden,WR,GB,18.0,8.0,8.0,0.0,54.8,66.0,32.0,22.0,42.5,1.5,DEN,2.1,2.3333333333333335,0.08306418219461698,0.0,27.576923076923077,8.5
2025,15,00-0040668,Shedeur Sanders,QB,CLE,64.0,79.0,29.0,24.0,67.5,38.0,61.0,15.5,38.5,-7.5,CHI,19.426666666666666,30.666666666666668,0.07309836718438868,2.3333333333333335,21.355384615384615,9.48
2025,15,00-0040669,Isaac TeSlaa,WR,DET,16.0,28.0,7.0,33.0,53.1,76.0,44.0,24.5,54.5,-5.5,LA,7.166666666666667,2.0,0.06572135236538179,0.6666666666666666,30.77692307692308,0.0
2025,15,00-0040676,Cam Ward,QB,TEN,82.0,59.0,54.0,48.0,74.2,40.0,47.0,16.0,44.5,-12.5,SF,14.453333333333333,39.0,0.13376623376623376,4.666666666666667,18.684615384615384,15.0
2025,15,00-0040691,Jaxson Dart,QB,NYG,73.0,91.0,98.0,41.0,80.2,76.0,57.0,24.5,46.5,2.5,WSH,22.360000000000003,34.666666666666664,0.24493284493284495,4.0,20.49846153846154,24.14
2025,15,00-0040705,Chimere Dike,WR,TEN,53.0,40.0,23.0,67.0,65.0,40.0,53.0,16.0,44.5,-12.5,SF,10.233333333333334,6.666666666666667,0.22997493734335842,1.3333333333333333,33.16153846153846,5.0
2025,15,00-0040719,Bhayshul Tuten,RB,JAC,25.0,11.0,23.0,42.0,46.5,87.0,60.0,27.0,40.5,13.5,NYJ,3.6999999999999993,6.333333333333333,0.22737654320987652,1.6666666666666667,26.107692307692307,9.3
2025,15,00-0040727,Tre Harris,WR,LAC,21.0,15.0,12.0,17.0,58.3,49.0,36.0,18.0,41.5,-5.5,KC,3.766666666666667,2.6666666666666665,0.1151383894518906,0.3333333333333333,28.676923076923078,7.9
2025,15,00-0040729,Jack Bech,WR,LV,26.0,24.0,13.0,50.0,47.6,25.0,38.0,12.5,37.5,-12.5,PHI,6.033333333333332,3.3333333333333335,0.12543012543012544,1.0,29.253846153846155,3.7
2025,15,00-0040730,RJ Harvey,RB,DEN,72.0,49.0,69.0,100.0,78.7,59.0,33.0,20.5,42.5,-1.5,GB,17.066666666666666,18.0,0.6869564962871251,4.0,19.76153846153846,12.5
2025,15,00-0040734,TreVeyon Henderson,RB,NE,81.0,53.0,69.0,83.0,69.8,72.0,57.0,23.5,49.5,-2.5,BUF,18.333333333333332,20.333333333333332,0.6899066052940728,3.3333333333333335,25.26153846153846,30.1
2025,15,00-0040735,Luther Burden III,WR,CHI,53.0,36.0,22.0,17.0,89.9,70.0,25.0,23.0,38.5,7.5,CLE,9.233333333333334,6.666666666666667,0.22032632556568724,0.3333333333333333,25.86923076923077,14.4
2025,15,00-0040737,Terrance Ferguson,TE,LA,14.0,0.0,5.0,33.0,62.2,100.0,37.0,30.0,54.5,5.5,DET,0.0,1.3333333333333333,0.04524796776536182,0.6666666666666666,11.884615384615385,1.6
2025,15,00-0040743,Tyler Shough,QB,NO,85.0,74.0,92.0,41.0,82.8,55.0,34.0,19.5,41.5,-2.5,CAR,18.180000000000003,40.333333333333336,0.23032407407407407,4.0,16.215384615384615,18.08
2025,15,00-0040782,Isaiah Bond,WR,CLE,18.0,15.0,9.0,0.0,59.5,38.0,63.0,15.5,38.5,-7.5,CHI,3.8333333333333335,2.3333333333333335,0.09431909210457967,0.0,35.8,10.9
2025,15,00-0040784,Quinshon Judkins,RB,CLE,79.0,38.0,75.0,50.0,82.5,38.0,43.0,15.5,38.5,-7.5,CHI,13.333333333333334,19.666666666666668,0.7479700758311029,2.0,22.023076923076925,4.7
2025,16,00-0022942,Philip Rivers,QB,IND,63.0,32.0,13.0,10.0,56.8,61.0,44.0,21.0,46.5,-4.5,SF,8.8,28.0,0.03333333333333333,1.0,18.42142857142857,19.08
2025,16,00-0023459,Aaron Rodgers,QB,PIT,63.0,52.0,24.0,65.0,74.5,68.0,60.0,22.5,52.5,-7.5,DET,14.366666666666667,28.333333333333332,0.06018518518518518,6.666666666666667,21.292857142857144,15.54
2025,16,00-0026158,Joe Flacco,QB,CIN,95.0,70.0,21.0,39.0,76.2,83.0,47.0,26.0,48.5,3.5,MIA,19.393333333333334,42.333333333333336,0.05186649099692578,4.0,18.82,0.16
2025,16,00-0026498,Matthew Stafford,QB,LA,74.0,77.0,11.0,71.0,90.8,59.0,31.0,20.5,42.5,-1.5,SEA,21.259999999999998,33.0,0.02736726874657909,7.333333333333333,15.93142857142857,30.88
2025,16,00-0029604,Kirk Cousins,QB,ATL,80.0,56.0,0.0,61.0,75.2,81.0,41.0,25.5,48.5,2.5,ARI,15.586666666666668,35.666666666666664,0.0,6.333333333333333,17.765714285714285,21.58
2025,16,00-0030035,Adam Thielen,WR,PIT,8.0,4.0,4.0,17.0,68.8,68.0,76.0,22.5,52.5,-7.5,DET,1.0333333333333332,1.0,0.0409652076318743,0.3333333333333333,38.77285714285715,8.9
2025,16,00-0030279,Keenan Allen,WR,LAC,38.0,26.0,22.0,17.0,75.9,76.0,80.0,24.5,50.5,-1.5,DAL,6.933333333333334,5.0,0.22429261559696342,0.3333333333333333,39.714285714285715,9.4
2025,16,00-0030506,Travis Kelce,TE,KC,63.0,41.0,22.0,17.0,65.9,59.0,47.0,20.5,37.5,3.5,TEN,10.433333333333334,6.666666666666667,0.21997126436781608,0.3333333333333333,13.950000000000001,1.6
2025,16,00-0030564,DeAndre Hopkins,WR,BAL,13.0,11.0,7.0,0.0,48.9,83.0,39.0,26.0,48.5,3.5,NE,2.9,1.6666666666666667,0.07121212121212121,0.0,29.614285714285717,8.1
2025,16,00-0030565,Geno Smith,QB,LV,70.0,47.0,45.0,42.0,76.8,25.0,21.0,12.5,39.5,-14.5,HOU,13.079999999999998,31.333333333333332,0.11243386243386243,4.333333333333333,14.151428571428571,16.04
2025,16,00-0031236,Brandin Cooks,WR,BUF,18.0,7.0,9.0,0.0,53.0,83.0,27.0,26.0,41.5,10.5,CLE,1.9666666666666668,2.3333333333333335,0.09462095875139354,0.0,26.685714285714287,0.0
2025,16,00-0031408,Mike Evans,WR,TB,64.0,41.0,26.0,50.0,51.4,73.0,32.0,23.75,44.5,3.0,CAR,10.833333333333334,8.333333333333334,0.2551149425287356,1.0,27.735714285714288,14.1
2025,16,00-0031484,Chris Manhertz,TE,NYG,5.0,3.0,2.0,0.0,31.2,55.0,43.0,19.5,41.5,-2.5,MIN,0.85,0.5,0.016666666666666666,0.0,12.885714285714286,0.0
2025,16,00-0031588,Stefon Diggs,WR,NE,28.0,19.0,14.0,17.0,84.7,68.0,58.0,22.5,48.5,-3.5,BAL,5.066666666666666,3.6666666666666665,0.13535353535353536,0.3333333333333333,34.34285714285714,22.8
2025,16,00-0031610,Darren Waller,TE,MIA,47.0,46.0,21.0,67.0,50.3,68.0,80.0,22.5,48.5,-3.5,CIN,11.666666666666666,5.0,0.21241579558652732,1.3333333333333333,22.63571428571429,7.0
2025,16,00-0031687,Raheem Mostert,RB,LV,4.0,4.0,4.0,0.0,73.5,25.0,27.0,12.5,39.5,-14.5,HOU,1.0,1.0,0.04375661375661375,0.0,19.0,1.9
2025,16,00-0032104,Ameer Abdullah,RB,IND,15.0,17.0,14.0,8.0,31.2,61.0,44.0,21.0,46.5,-4.5,SF,4.2,4.0,0.1398860398860399,0.3333333333333333,22.72142857142857,1.4
2025,16,00-0032211,Tyler Lockett,WR,LV,23.0,15.0,12.0,0.0,57.6,25.0,21.0,12.5,39.5,-14.5,HOU,4.066666666666666,3.0,0.1161038961038961,0.0,25.021428571428572,1.6
2025,16,00-0032268,Marcus Mariota,QB,WSH,71.0,53.0,88.0,48.0,44.8,50.0,32.0,18.25,43.5,-7.0,PHI,14.633333333333331,31.666666666666668,0.2200856983465679,5.0,16.192857142857143,3.7
2025,16,00-0032392,Austin Hooper,TE,NE,19.0,13.0,6.0,17.0,37.1,68.0,36.0,22.5,48.5,-3.5,BAL,3.3000000000000003,2.0,0.06380305518236552,0.3333333333333333,10.957142857142857,5.4
2025,16,00-0032398,Chris Moore,WR,WSH,26.0,16.0,11.0,17.0,36.8,50.0,31.0,18.25,43.5,-7.0,PHI,4.233333333333333,3.3333333333333335,0.11123470522803114,0.3333333333333333,27.642857142857142,0.0
2025,16,00-0032464,Kalif Raymond,WR,DET,8.0,11.0,3.0,0.0,31.2,100.0,58.0,30.0,52.5,7.5,PIT,2.9,1.0,0.02631578947368421,0.0,34.3,16.2
2025,16,00-0032764,Derrick Henry,RB,BAL,60.0,53.0,54.0,58.0,73.5,83.0,25.0,26.0,48.5,3.5,NE,12.866666666666667,16.333333333333332,0.5439393939393938,2.3333333333333335,18.5,24.8
2025,16,00-0032775,Demarcus Robinson,WR,SF,13.0,10.0,6.0,17.0,55.8,81.0,68.0,25.5,46.5,4.5,IND,2.6666666666666665,1.6666666666666667,0.061082050665384,0.3333333333333333,36.66428571428571,10.3
2025,16,00-0033077,Dak Prescott,QB,DAL,98.0,64.0,37.0,84.0,87.1,83.0,23.0,26.0,50.5,1.5,LAC,17.666666666666668,43.666666666666664,0.09203296703296704,8.666666666666666,14.517142857142858,19.16
2025,16,00-0033090,Hunter Henry,TE,NE,59.0,51.0,21.0,100.0,55.2,68.0,36.0,22.5,48.5,-3.5,BAL,12.866666666666667,6.333333333333333,0.21313131313131314,2.3333333333333335,10.957142857142857,15.5
2025,16,00-0033106,Jared Goff,QB,DET,78.0,75.0,17.0,58.0,87.0,100.0,57.0,30.0,52.5,7.5,PIT,20.773333333333333,34.666666666666664,0.04141414141414141,6.0,20.797142857142855,26.46
2025,16,00-0033119,Jacoby Brissett,QB,ARI,100.0,78.0,78.0,68.0,95.7,70.0,44.0,23.0,48.5,-2.5,ATL,21.74666666666667,44.666666666666664,0.19548872180451127,7.0,18.305714285714284,12.62
2025,16,00-0033217,Mo Alie-Cox,TE,IND,12.0,3.0,4.0,0.0,56.1,61.0,51.0,21.0,46.5,-4.5,SF,0.6333333333333333,1.3333333333333333,0.04209171951107435,0.0,15.057142857142859,3.6
2025,16,00-0033280,Christian McCaffrey,RB,SF,95.0,82.0,75.0,100.0,85.5,81.0,32.0,25.5,46.5,4.5,IND,20.099999999999998,26.0,0.7542833831211023,7.666666666666667,20.099999999999998,32.6
2025,16,00-0033288,George Kittle,TE,SF,75.0,62.0,29.0,33.0,76.8,81.0,51.0,25.5,46.5,4.5,IND,15.766666666666666,8.0,0.29464285714285715,0.6666666666666666,14.942857142857141,24.5
2025,16,00-0033293,Aaron Jones,RB,MIN,49.0,32.0,51.0,25.0,86.8,66.0,67.0,22.0,41.5,2.5,NYG,7.866666666666667,13.333333333333334,0.5125394818930403,1.0,27.707142857142856,11.3
2025,16,00-0033307,Kendrick Bourne,WR,SF,13.0,8.0,6.0,0.0,45.4,81.0,68.0,25.5,46.5,4.5,IND,2.1999999999999997,1.6666666666666667,0.061919061919061914,0.0,36.66428571428571,5.7
2025,16,00-0033357,Taysom Hill,TE,NO,25.0,2.0,10.0,0.0,44.8,70.0,42.0,23.0,39.5,6.5,NYJ,0.6,2.6666666666666665,0.10298293391430646,0.0,12.535714285714286,17.32
2025,16,00-0033375,Tim Patrick,WR,JAC,28.0,26.0,12.0,83.0,44.0,64.0,32.0,21.5,46.5,-3.5,DEN,6.966666666666668,3.6666666666666665,0.12229390681003584,1.6666666666666667,27.900000000000002,2.1
2025,16,00-0033455,Anthony Firkser,TE,DET,9.0,6.0,3.0,25.0,94.3,100.0,61.0,30.0,52.5,7.5,PIT,1.5499999999999998,1.0,0.03464755077658303,0.5,17.55,8.0
2025,16,00-0033526,Samaje Perine,RB,CIN,46.0,24.0,44.0,50.0,79.6,83.0,41.0,26.0,48.5,3.5,MIA,5.833333333333333,12.666666666666666,0.441266873208797,2.0,22.014285714285712,12.1
2025,16,00-0033555,Mack Hollins,WR,NE,46.0,23.0,23.0,0.0,74.3,68.0,58.0,22.5,48.5,-3.5,BAL,6.133333333333333,6.0,0.22626262626262625,0.0,34.34285714285714,13.9
2025,16,00-0033576,Eric Saubert,TE,SEA,3.0,3.0,1.0,0.0,31.2,66.0,41.0,22.0,42.5,1.5,LA,0.6333333333333333,0.3333333333333333,0.010101010101010102,0.0,12.414285714285715,0.0
2025,16,00-0033854,Dare Ogunbowale,RB,HOU,12.0,18.0,11.0,42.0,34.4,87.0,49.0,27.0,39.5,14.5,LV,4.3,3.3333333333333335,0.11253978995914478,1.6666666666666667,23.642857142857142,0.9
2025,16,00-0033857,JuJu Smith-Schuster,WR,KC,10.0,2.0,4.0,17.0,53.0,59.0,65.0,20.5,37.5,3.5,TEN,0.5,1.3333333333333333,0.044516283524904214,0.3333333333333333,35.98571428571429,2.2
2025,16,00-0033858,Jonnu Smith,TE,PIT,19.0,16.0,8.0,17.0,51.1,68.0,44.0,22.5,52.5,-7.5,DET,4.066666666666666,2.0,0.07700016033349368,0.3333333333333333,13.228571428571428,2.8
2025,16,00-0033881,Evan Engram,TE,DEN,44.0,25.0,12.0,33.0,40.6,79.0,53.0,25.0,46.5,3.5,JAC,6.3,4.666666666666667,0.12228641456582634,0.6666666666666666,15.478571428571428,5.6
2025,16,00-0033908,Cooper Kupp,WR,SEA,36.0,33.0,16.0,83.0,72.5,66.0,55.0,22.0,42.5,1.5,LA,8.833333333333334,4.666666666666667,0.16201141853315768,1.6666666666666667,33.635714285714286,6.9
2025,16,00-0033921,Chris Godwin Jr.,WR,TB,46.0,42.0,21.0,67.0,85.0,73.0,32.0,23.75,44.5,3.0,CAR,11.1,6.0,0.21398809523809526,1.3333333333333333,27.735714285714288,8.0
2025,16,00-0033923,Kareem Hunt,RB,KC,45.0,29.0,49.0,67.0,71.2,59.0,46.0,20.5,37.5,3.5,TEN,7.0,12.333333333333334,0.49061748887461026,2.6666666666666665,23.05,0.2
2025,16,00-0033955,Jeremy McNichols,RB,WSH,23.0,13.0,19.0,0.0,48.9,50.0,47.0,18.25,43.5,-7.0,PHI,3.1333333333333333,6.333333333333333,0.1940019565019565,0.0,23.271428571428572,3.2
2025,16,00-0034159,Will Dissly,TE,LAC,12.0,6.0,4.0,0.0,53.1,76.0,44.0,24.5,50.5,-1.5,DAL,1.6333333333333335,1.3333333333333333,0.03820945277848405,0.0,13.049999999999999,5.8
2025,16,00-0034272,Marquez Valdes-Scantling,WR,PIT,13.0,16.0,5.0,17.0,44.8,68.0,76.0,22.5,52.5,-7.5,DET,4.366666666666667,1.6666666666666667,0.05022446689113356,0.3333333333333333,38.77285714285715,1.6
2025,16,00-0034348,Courtland Sutton,WR,DEN,67.0,67.0,25.0,83.0,76.8,79.0,51.0,25.0,46.5,3.5,JAC,17.900000000000002,8.666666666666666,0.2498249299719888,1.6666666666666667,32.621428571428574,20.6
2025,16,00-0034351,Dallas Goedert,TE,PHI,66.0,60.0,26.0,67.0,61.5,80.0,55.0,25.25,43.5,7.0,WSH,15.166666666666666,7.0,0.2617933723196881,1.3333333333333333,15.971428571428572,12.2
2025,16,00-0034383,Dalton Schultz,TE,HOU,66.0,52.0,25.0,50.0,65.5,87.0,32.0,27.0,39.5,14.5,LV,13.1,7.0,0.24810066476733142,1.0,10.035714285714286,14.5
2025,16,00-0034418,Cedrick Wilson Jr.,WR,MIA,10.0,7.0,6.0,17.0,65.9,68.0,24.0,22.5,48.5,-3.5,CIN,1.8333333333333333,1.3333333333333333,0.055162855162855164,0.3333333333333333,25.84857142857143,2.1
2025,16,00-0034613,Tanner Hudson,TE,CIN,25.0,20.0,7.0,50.0,48.4,83.0,59.0,26.0,48.5,3.5,MIA,5.033333333333333,2.6666666666666665,0.07070707070707072,1.0,17.014285714285716,1.4
2025,16,00-0034753,Mark Andrews,TE,BAL,44.0,19.0,20.0,67.0,66.2,83.0,57.0,26.0,48.5,3.5,NE,4.8,4.666666666666667,0.20050505050505052,1.3333333333333333,16.553846153846152,4.4
2025,16,00-0034775,Christian Kirk,WR,HOU,33.0,24.0,14.0,83.0,55.4,87.0,61.0,27.0,39.5,14.5,LV,6.533333333333334,4.333333333333333,0.14179894179894179,1.6666666666666667,35.08571428571428,6.7
2025,16,00-0034791,Nick Chubb,RB,HOU,21.0,17.0,19.0,33.0,41.6,87.0,49.0,27.0,39.5,14.5,LV,4.066666666666667,5.666666666666667,0.18781582111752892,1.3333333333333333,23.642857142857142,5.2
2025,16,00-0034796,Lamar Jackson,QB,BAL,70.0,63.0,71.0,52.0,77.4,83.0,41.0,26.0,48.5,3.5,NE,17.4,31.333333333333332,0.177020202020202,5.333333333333333,17.84714285714286,4.74
2025,16,00-0034827,DJ Moore,WR,CHI,36.0,35.0,16.0,67.0,58.8,72.0,49.0,23.5,45.5,1.5,GB,9.4,4.666666666666667,0.15661821269090773,1.3333333333333333,32.08571428571428,21.9
2025,16,00-0034829,Mike Gesicki,TE,CIN,38.0,35.0,10.0,50.0,50.1,83.0,59.0,26.0,48.5,3.5,MIA,8.866666666666667,4.0,0.10437710437710439,1.0,17.014285714285716,12.5
2025,16,00-0034844,Saquon Barkley,RB,PHI,76.0,56.0,77.0,100.0,74.2,80.0,55.0,25.25,43.5,7.0,WSH,13.666666666666666,20.666666666666668,0.7729186336722073,4.0,24.942857142857143,19.2
2025,16,00-0034855,Baker Mayfield,QB,TB,78.0,56.0,56.0,58.0,91.5,73.0,33.0,23.75,44.5,3.0,CAR,15.573333333333332,35.0,0.1405076405076405,6.0,16.34857142857143,14.7
2025,16,00-0034857,Josh Allen,QB,BUF,80.0,95.0,100.0,90.0,85.6,83.0,27.0,26.0,41.5,10.5,CLE,26.36,35.666666666666664,0.2548349566605145,9.333333333333334,15.197142857142856,6.9
2025,16,00-0034860,Dante Pettis,WR,NO,0.0,0.0,0.0,0.0,56.8,70.0,36.0,23.0,39.5,6.5,NYJ,0.0,0.0,0.0,0.0,28.928571428571427,0.0
2025,16,00-0034869,Sam Darnold,QB,SEA,74.0,49.0,40.0,42.0,72.1,66.0,40.0,22.0,42.5,1.5,LA,13.573333333333332,33.0,0.09906759906759906,4.333333333333333,17.538571428571426,19.5
2025,16,00-0034960,Jakobi Meyers,WR,JAC,69.0,60.0,31.0,50.0,78.8,64.0,32.0,21.5,46.5,-3.5,DEN,16.066666666666666,9.0,0.3144558940661091,1.0,27.900000000000002,8.6
2025,16,00-0034981,Foster Moreau,TE,NO,12.0,8.0,4.0,0.0,56.8,70.0,42.0,23.0,39.5,6.5,NYJ,1.9666666666666668,1.3333333333333333,0.04402644778841769,0.0,12.535714285714286,1.5
2025,16,00-0035140,Mecole Hardman,WR,BUF,8.0,0.0,3.0,0.0,56.8,83.0,27.0,26.0,41.5,10.5,CLE,0.0,1.0,0.03333333333333333,0.0,26.685714285714287,0.0
2025,16,00-0035208,Olamide Zaccheaus,WR,CHI,23.0,16.0,10.0,50.0,69.8,72.0,49.0,23.5,45.5,1.5,GB,4.2,3.0,0.10400132275132275,1.0,32.08571428571428,5.3
2025,16,00-0035229,T.J. Hockenson,TE,MIN,44.0,42.0,18.0,50.0,83.6,66.0,38.0,22.0,41.5,2.5,NYG,10.566666666666665,4.666666666666667,0.18188822255538897,1.0,11.525714285714287,1.2
2025,16,00-0035249,Josh Oliver,TE,MIN,12.0,27.0,6.0,33.0,54.5,66.0,38.0,22.0,41.5,2.5,NYG,6.866666666666666,1.3333333333333333,0.061392914653784214,0.6666666666666666,11.525714285714287,3.9
2025,16,00-0035250,Devin Singletary,RB,NYG,43.0,36.0,38.0,17.0,53.5,55.0,38.0,19.5,41.5,-2.5,MIN,8.766666666666666,11.666666666666666,0.38190146379801554,0.6666666666666666,21.22142857142857,5.6
2025,16,00-0035261,Tony Pollard,RB,TEN,65.0,73.0,75.0,25.0,73.0,44.0,25.0,17.0,37.5,-3.5,KC,17.866666666666664,17.666666666666668,0.7542124542124542,1.0,18.400000000000002,10.2
2025,16,00-0035289,Gardner Minshew,QB,KC,7.0,0.0,18.0,0.0,52.0,59.0,56.0,20.5,37.5,3.5,TEN,0.09333333333333337,3.3333333333333335,0.04522357723577236,0.0,20.545714285714286,1.4
2025,16,00-0035291,Trayveon Williams,RB,CLE,9.0,5.0,12.0,0.0,33.4,38.0,61.0,15.5,41.5,-10.5,BUF,1.2,2.3333333333333335,0.11872759856630825,0.0,26.37142857142857,9.5
2025,16,00-0035298,Scott Miller,WR,PIT,8.0,4.0,4.0,25.0,67.5,68.0,76.0,22.5,52.5,-7.5,DET,0.95,1.0,0.03835227272727273,0.5,38.77285714285715,4.9
2025,16,00-0035359,David Sills,WR,ATL,46.0,29.0,17.0,83.0,53.2,81.0,43.0,25.5,48.5,2.5,ARI,7.766666666666667,6.0,0.17193061331534976,1.6666666666666667,30.55,0.0
2025,16,00-0035406,Lil'Jordan Humphrey,WR,DEN,21.0,24.0,8.0,17.0,46.5,79.0,51.0,25.0,46.5,3.5,JAC,6.3,2.6666666666666665,0.07901493930905697,0.3333333333333333,32.621428571428574,1.9
2025,16,00-0035535,Darius Slayton,WR,NYG,38.0,31.0,15.0,17.0,50.2,55.0,23.0,19.5,41.5,-2.5,MIN,8.233333333333333,5.0,0.15386710239651416,0.3333333333333333,25.5,1.8
2025,16,00-0035537,Ty Johnson,RB,BUF,23.0,23.0,22.0,17.0,85.9,83.0,36.0,26.0,41.5,10.5,CLE,5.733333333333333,6.333333333333333,0.2200587808225166,0.6666666666666666,20.834285714285716,7.6
2025,16,00-0035544,Tom Kennedy,WR,DET,10.0,9.0,5.0,0.0,31.2,100.0,58.0,30.0,52.5,7.5,PIT,2.533333333333333,1.3333333333333333,0.04938271604938271,0.0,34.3,0.0
2025,16,00-0035602,Alex Bachman,WR,LV,0.0,0.0,0.0,0.0,56.8,25.0,21.0,12.5,39.5,-14.5,HOU,0.0,0.0,0.0,0.0,25.021428571428572,1.3
2025,16,00-0035631,Drew Sample,TE,CIN,19.0,9.0,5.0,0.0,67.6,83.0,59.0,26.0,48.5,3.5,MIA,2.3000000000000003,2.0,0.05357496533967123,0.0,17.014285714285716,5.1
2025,16,00-0035640,DK Metcalf,WR,PIT,51.0,53.0,23.0,67.0,57.3,68.0,76.0,22.5,52.5,-7.5,DET,14.166666666666666,6.666666666666667,0.234006734006734,1.3333333333333333,38.77285714285715,8.2
2025,16,00-0035645,Gunner Olszewski,WR,NYG,0.0,7.0,0.0,0.0,46.2,55.0,23.0,19.5,41.5,-2.5,MIN,1.7733333333333334,0.0,0.0,0.0,25.5,0.0
2025,16,00-0035659,Terry McLaurin,WR,WSH,62.0,57.0,29.0,100.0,66.5,50.0,31.0,18.25,43.5,-7.0,PHI,15.200000000000001,8.0,0.28703703703703703,2.0,27.642857142857142,8.3
2025,16,00-0035662,Marquise Brown,WR,KC,13.0,21.0,5.0,17.0,61.7,59.0,65.0,20.5,37.5,3.5,TEN,5.5,1.6666666666666667,0.051573777064955896,0.3333333333333333,35.98571428571429,5.2
2025,16,00-0035676,A.J. Brown,WR,PHI,69.0,79.0,28.0,17.0,57.1,80.0,60.0,25.25,43.5,7.0,WSH,21.1,9.0,0.2844054580896686,0.3333333333333333,34.77142857142857,18.5
2025,16,00-0035685,David Montgomery,RB,DET,30.0,50.0,34.0,50.0,85.9,100.0,34.0,30.0,52.5,7.5,PIT,12.1,8.333333333333334,0.3406806224859422,2.0,20.37857142857143,1.4
2025,16,00-0035689,Dawson Knox,TE,BUF,47.0,53.0,20.0,100.0,71.9,83.0,40.0,26.0,41.5,10.5,CLE,13.266666666666666,5.0,0.19567281886122467,2.3333333333333335,12.235714285714286,2.0
2025,16,00-0035700,Josh Jacobs,RB,GB,67.0,69.0,71.0,33.0,80.5,66.0,36.0,22.0,45.5,-1.5,CHI,16.833333333333336,18.333333333333332,0.7135566831968632,1.3333333333333333,20.978571428571428,6.8
2025,16,00-0035719,Deebo Samuel Sr.,WR,WSH,51.0,31.0,28.0,17.0,78.1,50.0,31.0,18.25,43.5,-7.0,PHI,8.366666666666667,6.666666666666667,0.27622053872053876,0.3333333333333333,27.642857142857142,6.5
2025,16,00-0035891,Cody White,WR,SEA,5.0,6.0,3.0,0.0,36.4,66.0,55.0,22.0,42.5,1.5,LA,1.6666666666666667,0.6666666666666666,0.025603864734299514,0.0,33.635714285714286,0.0
2025,16,00-0035993,Tyler Huntley,QB,BAL,38.0,28.0,58.0,45.0,37.1,83.0,41.0,26.0,48.5,3.5,NE,7.686666666666667,17.0,0.14488416988416988,4.666666666666667,17.84714285714286,2.8
2025,16,00-0036040,Juwan Johnson,TE,NO,53.0,31.0,20.0,17.0,77.5,70.0,42.0,23.0,39.5,6.5,NYJ,7.900000000000001,5.666666666666667,0.19791271347248576,0.3333333333333333,12.535714285714286,16.9
2025,16,00-0036139,Rico Dowdle,RB,CAR,57.0,46.0,58.0,33.0,86.8,60.0,52.0,20.75,44.5,-3.0,TB,11.233333333333334,15.666666666666666,0.5752718806482248,1.3333333333333333,24.27857142857143,8.3
2025,16,00-0036223,Jonathan Taylor,RB,IND,93.0,57.0,97.0,67.0,92.2,61.0,44.0,21.0,46.5,-4.5,SF,13.866666666666667,25.333333333333332,0.9693050910442215,2.6666666666666665,22.72142857142857,16.9
2025,16,00-0036244,Colby Parkinson,TE,LA,53.0,57.0,18.0,100.0,75.1,59.0,52.0,20.5,42.5,-1.5,SEA,14.466666666666669,5.666666666666667,0.17689534469387325,3.0,15.328571428571427,4.1
2025,16,00-0036252,Michael Pittman,WR,IND,54.0,31.0,23.0,17.0,50.8,61.0,48.0,21.0,46.5,-4.5,SF,8.266666666666667,7.0,0.22854700854700857,0.3333333333333333,31.72142857142857,7.2
2025,16,00-0036259,Jauan Jennings,WR,SF,46.0,60.0,23.0,100.0,86.9,81.0,68.0,25.5,46.5,4.5,IND,15.9,6.0,0.2298831569664903,2.3333333333333335,36.66428571428571,18.1
2025,16,00-0036264,Jordan Love,QB,GB,78.0,78.0,47.0,52.0,87.0,66.0,56.0,22.0,45.5,-1.5,CHI,21.653333333333332,34.666666666666664,0.11837606837606836,5.333333333333333,20.50714285714286,3.78
2025,16,00-0036275,D'Andre Swift,RB,CHI,68.0,75.0,53.0,58.0,84.5,72.0,29.0,23.5,45.5,1.5,GB,18.200000000000003,18.666666666666668,0.5256924829176602,2.3333333333333335,19.349999999999998,9.0
2025,16,00-0036290,Cole Kmet,TE,CHI,31.0,31.0,12.0,33.0,76.0,72.0,41.0,23.5,45.5,1.5,GB,7.866666666666667,3.3333333333333335,0.11634700176366843,0.6666666666666666,12.457142857142857,3.4
2025,16,00-0036309,Darnell Mooney,WR,ATL,38.0,16.0,15.0,50.0,76.7,81.0,43.0,25.5,48.5,2.5,ARI,4.2,5.0,0.1501629762841407,1.0,30.55,4.4
2025,16,00-0036322,Justin Jefferson,WR,MIN,46.0,12.0,24.0,67.0,77.3,66.0,64.0,22.0,41.5,2.5,NYG,3.233333333333334,6.0,0.23804764284524405,1.3333333333333333,35.84285714285714,14.5
2025,16,00-0036331,Devin Duvernay,WR,CHI,3.0,4.0,1.0,0.0,31.2,72.0,49.0,23.5,45.5,1.5,GB,1.1333333333333333,0.3333333333333333,0.011904761904761904,0.0,32.08571428571428,0.0
2025,16,00-0036332,Josiah Deguara,TE,ARI,6.0,2.0,1.0,0.0,35.8,70.0,24.0,23.0,48.5,-2.5,ATL,0.5333333333333333,0.6666666666666666,0.014822134387351778,0.0,7.892857142857143,0.0
2025,16,00-0036355,Justin Herbert,QB,LAC,67.0,52.0,54.0,45.0,88.2,76.0,80.0,24.5,50.5,-1.5,DAL,14.466666666666663,30.0,0.13396361794622882,4.666666666666667,24.937142857142856,30.2
2025,16,00-0036358,CeeDee Lamb,WR,DAL,69.0,74.0,23.0,83.0,87.0,83.0,20.0,26.0,50.5,1.5,LAC,19.8,9.0,0.23305676497165861,1.6666666666666667,24.844285714285714,11.1
2025,16,00-0036389,Jalen Hurts,QB,PHI,78.0,64.0,73.0,48.0,78.8,80.0,57.0,25.25,43.5,7.0,WSH,17.866666666666664,34.666666666666664,0.18141009595327495,5.0,20.75857142857143,19.4
2025,16,00-0036407,Jerry Jeudy,WR,CLE,33.0,33.0,14.0,0.0,71.1,38.0,36.0,15.5,41.5,-10.5,BUF,8.799999999999999,4.333333333333333,0.14484141630373268,0.0,28.821428571428573,4.2
2025,16,00-0036410,Tee Higgins,WR,CIN,64.0,63.0,23.0,33.0,70.5,83.0,29.0,26.0,48.5,3.5,MIA,16.866666666666664,8.333333333333334,0.22905144963968493,0.6666666666666666,27.114285714285717,14.3
2025,16,00-0036415,Van Jefferson,WR,TEN,33.0,17.0,16.0,0.0,86.5,44.0,36.0,17.0,37.5,-3.5,KC,4.666666666666667,4.333333333333333,0.15553113553113554,0.0,28.70714285714286,4.4
2025,16,00-0036422,Adam Trautman,TE,DEN,22.0,17.0,6.0,0.0,55.0,79.0,53.0,25.0,46.5,3.5,JAC,4.4,2.3333333333333335,0.061157796451914104,0.0,15.478571428571428,3.4
2025,16,00-0036425,DeeJay Dallas,RB,JAC,2.0,0.0,1.0,12.0,41.8,64.0,21.0,21.5,46.5,-3.5,DEN,0.0,0.5,0.013157894736842105,0.5,17.642857142857142,0.0
2025,16,00-0036427,Tyler Johnson,WR,NYJ,23.0,30.0,12.0,17.0,49.5,42.0,32.0,16.5,39.5,-6.5,NO,8.133333333333333,3.0,0.12003235918697545,0.3333333333333333,27.928571428571427,1.7
2025,16,00-0036429,Charlie Woerner,TE,ATL,19.0,15.0,8.0,17.0,62.1,81.0,53.0,25.5,48.5,2.5,ARI,3.6666666666666674,2.0,0.07959349593495936,0.3333333333333333,15.471428571428572,1.3
2025,16,00-0036442,Joe Burrow,QB,CIN,94.0,67.0,21.0,71.0,80.9,83.0,47.0,26.0,48.5,3.5,MIA,18.7,42.0,0.05329153605015674,7.333333333333333,18.82,28.96
2025,16,00-0036550,Rashod Bateman,WR,BAL,15.0,8.0,7.0,83.0,51.5,83.0,39.0,26.0,48.5,3.5,NE,2.1,2.0,0.06522366522366523,1.6666666666666667,29.614285714285717,0.0
2025,16,00-0036554,Nico Collins,WR,HOU,59.0,76.0,26.0,67.0,77.3,87.0,61.0,27.0,39.5,14.5,LV,20.366666666666667,7.666666666666667,0.26401807161611085,1.3333333333333333,35.08571428571428,9.9
2025,16,00-0036555,Chuba Hubbard,RB,CAR,43.0,46.0,40.0,8.0,59.1,60.0,52.0,20.75,44.5,-3.0,TB,11.166666666666666,11.666666666666666,0.4039939650154704,0.3333333333333333,24.27857142857143,4.4
2025,16,00-0036590,Quintin Morris,TE,JAC,12.0,8.0,5.0,17.0,36.8,64.0,48.0,21.5,46.5,-3.5,DEN,2.1333333333333333,1.3333333333333333,0.05047619047619047,0.3333333333333333,14.171428571428573,1.5
2025,16,00-0036613,Jaylen Waddle,WR,MIA,46.0,37.0,27.0,17.0,64.9,68.0,24.0,22.5,48.5,-3.5,CIN,9.9,6.0,0.2725745257452574,0.3333333333333333,25.84857142857143,12.2
2025,16,00-0036620,Dee Eskridge,WR,MIA,3.0,0.0,1.0,0.0,41.8,68.0,24.0,22.5,48.5,-3.5,CIN,0.0,0.3333333333333333,0.009009009009009009,0.0,25.84857142857143,0.0
2025,16,00-0036628,John Bates,TE,WSH,9.0,8.0,4.0,0.0,35.6,50.0,27.0,18.25,43.5,-7.0,PHI,1.9333333333333333,1.0,0.03564814814814815,0.0,8.621428571428572,0.0
2025,16,00-0036637,Noah Gray,TE,KC,31.0,14.0,9.0,0.0,78.5,59.0,47.0,20.5,37.5,3.5,TEN,3.6,3.3333333333333335,0.08874632451216252,0.0,13.950000000000001,0.0
2025,16,00-0036741,Jack Stoll,TE,NO,9.0,4.0,4.0,0.0,68.0,70.0,42.0,23.0,39.5,6.5,NYJ,1.1333333333333333,1.0,0.0351712928232058,0.0,12.535714285714286,1.4
2025,16,00-0036842,Kene Nwangwu,RB,NYJ,0.0,0.0,0.0,0.0,56.8,42.0,43.0,16.5,39.5,-6.5,NO,0.0,0.0,0.0,0.0,22.335714285714285,0.0
2025,16,00-0036862,Ben Skowronek,WR,PIT,5.0,3.0,3.0,0.0,35.0,68.0,76.0,22.5,52.5,-7.5,DET,0.7666666666666666,0.6666666666666666,0.025252525252525252,0.0,38.77285714285715,0.0
2025,16,00-0036875,Rhamondre Stevenson,RB,NE,39.0,32.0,38.0,50.0,65.2,68.0,50.0,22.5,48.5,-3.5,BAL,7.8999999999999995,10.666666666666666,0.38143706250491566,2.0,23.857142857142858,15.8
2025,16,00-0036876,Kylen Granson,TE,PHI,6.0,2.0,2.0,0.0,31.2,80.0,55.0,25.25,43.5,7.0,WSH,0.4666666666666666,0.6666666666666666,0.024691358024691357,0.0,15.971428571428572,0.0
2025,16,00-0036887,Luke Farrell,TE,SF,6.0,2.0,3.0,17.0,35.0,81.0,51.0,25.5,46.5,4.5,IND,0.43333333333333335,0.6666666666666666,0.02628968253968254,0.3333333333333333,14.942857142857141,0.0
2025,16,00-0036894,Pat Freiermuth,TE,PIT,34.0,28.0,12.0,50.0,68.3,68.0,44.0,22.5,52.5,-7.5,DET,7.1000000000000005,3.6666666666666665,0.12428948988088773,1.0,13.228571428571428,6.0
2025,16,00-0036900,Ja'Marr Chase,WR,CIN,100.0,64.0,35.0,50.0,75.9,83.0,29.0,26.0,48.5,3.5,MIA,17.133333333333333,13.0,0.3458266879319511,1.0,27.114285714285717,19.9
2025,16,00-0036912,DeVonta Smith,WR,PHI,46.0,31.0,20.0,33.0,73.3,80.0,60.0,25.25,43.5,7.0,WSH,8.166666666666666,6.0,0.19610136452241714,0.6666666666666666,34.77142857142857,16.2
2025,16,00-0036919,Kenny Gainwell,RB,PIT,48.0,58.0,53.0,42.0,68.1,68.0,23.0,22.5,52.5,-7.5,DET,14.1,13.0,0.5332691999358666,1.6666666666666667,17.928571428571427,23.8
2025,16,00-0036924,Michael Carter,RB,ARI,44.0,41.0,50.0,8.0,65.0,70.0,44.0,23.0,48.5,-2.5,ATL,9.966666666666667,12.0,0.5008148955517376,0.3333333333333333,22.714285714285715,6.5
2025,16,00-0036963,Amon-Ra St. Brown,WR,DET,72.0,71.0,27.0,100.0,35.7,100.0,58.0,30.0,52.5,7.5,PIT,18.866666666666664,9.333333333333334,0.26701460940283805,2.3333333333333335,34.3,9.4
2025,16,00-0036970,Kyle Pitts,TE,ATL,94.0,100.0,30.0,67.0,71.7,81.0,53.0,25.5,48.5,2.5,ARI,25.266666666666666,10.0,0.3026301000337192,1.3333333333333333,15.471428571428572,18.7
2025,16,00-0036971,Trevor Lawrence,QB,JAC,75.0,100.0,56.0,100.0,81.0,64.0,27.0,21.5,46.5,-3.5,DEN,27.773333333333337,33.666666666666664,0.14043209876543208,10.333333333333334,15.292857142857143,31.16
2025,16,00-0036972,Mac Jones,QB,SF,34.0,30.0,30.0,42.0,31.2,81.0,36.0,25.5,46.5,4.5,IND,8.319999999999999,15.0,0.07607503607503607,4.333333333333333,16.832857142857144,-0.3
2025,16,00-0036973,Travis Etienne,RB,JAC,61.0,79.0,58.0,75.0,70.2,64.0,21.0,21.5,46.5,-3.5,DEN,19.26666666666667,16.666666666666668,0.5763346987540535,3.0,17.642857142857142,16.6
2025,16,00-0036988,Josh Palmer,WR,BUF,28.0,13.0,12.0,0.0,76.8,83.0,27.0,26.0,41.5,10.5,CLE,3.4666666666666663,3.6666666666666665,0.12286324786324787,0.0,26.685714285714287,1.2
2025,16,00-0036997,Javonte Williams,RB,DAL,68.0,64.0,69.0,83.0,90.8,83.0,31.0,26.0,50.5,1.5,LAC,15.6,18.666666666666668,0.6880270789845259,3.3333333333333335,19.714285714285715,6.3
2025,16,00-0037005,Tommy Tremble,TE,CAR,25.0,14.0,12.0,17.0,56.9,60.0,53.0,20.75,44.5,-3.0,TB,3.6333333333333333,2.6666666666666665,0.11515151515151517,0.3333333333333333,15.635714285714286,1.6
2025,16,00-0037085,Tyler Badie,RB,DEN,13.0,12.0,11.0,8.0,50.5,79.0,22.0,25.0,46.5,3.5,JAC,3.0,3.6666666666666665,0.10588013941208667,0.3333333333333333,17.892857142857142,1.2
2025,16,00-0037091,Bo Melton,WR,GB,18.0,16.0,9.0,0.0,54.6,66.0,59.0,22.0,45.5,-1.5,CHI,4.333333333333333,2.3333333333333335,0.08862790826808818,0.0,34.59285714285714,0.0
2025,16,00-0037093,Dareke Young,WR,SEA,3.0,6.0,1.0,0.0,31.2,66.0,55.0,22.0,42.5,1.5,LA,1.5333333333333332,0.3333333333333333,0.00980392156862745,0.0,33.635714285714286,0.0
2025,16,00-0037112,Jake Tonges,TE,SF,25.0,25.0,8.0,17.0,32.3,81.0,51.0,25.5,46.5,4.5,IND,6.333333333333333,2.6666666666666665,0.07630906768837803,0.3333333333333333,14.942857142857141,1.7
2025,16,00-0037120,Tyler Goodson,RB,IND,0.0,0.0,0.0,0.0,56.8,61.0,44.0,21.0,46.5,-4.5,SF,0.0,0.0,0.0,0.0,22.72142857142857,0.9
2025,16,00-0037132,Britain Covey,WR,PHI,0.0,0.0,0.0,0.0,56.8,80.0,60.0,25.25,43.5,7.0,WSH,0.0,0.0,0.0,0.0,34.77142857142857,0.0
2025,16,00-0037197,Isiah Pacheco,RB,KC,30.0,14.0,34.0,42.0,66.6,59.0,46.0,20.5,37.5,3.5,TEN,3.4666666666666663,8.333333333333334,0.3423630446681421,1.6666666666666667,23.05,13.5
2025,16,00-0037228,Jaylen Warren,RB,PIT,49.0,48.0,62.0,50.0,84.0,68.0,23.0,22.5,52.5,-7.5,DET,11.799999999999999,13.333333333333334,0.6226551226551227,2.0,17.928571428571427,29.1
2025,16,00-0037231,Kevin Austin Jr.,WR,NO,23.0,12.0,9.0,0.0,36.3,70.0,36.0,23.0,39.5,6.5,NYJ,3.15,3.0,0.09284028324154209,0.0,28.928571428571427,3.8
2025,16,00-0037238,Drake London,WR,ATL,79.0,100.0,35.0,100.0,78.0,81.0,43.0,25.5,48.5,2.5,ARI,26.7,10.333333333333334,0.34736984448951996,2.6666666666666665,30.55,5.7
2025,16,00-0037239,Chris Olave,WR,NO,54.0,51.0,25.0,33.0,74.5,70.0,36.0,23.0,39.5,6.5,NYJ,13.733333333333334,7.0,0.24873497786211254,0.6666666666666666,28.928571428571427,36.8
2025,16,00-0037240,Jameson Williams,WR,DET,79.0,88.0,33.0,33.0,88.1,100.0,58.0,30.0,52.5,7.5,PIT,23.53333333333333,10.333333333333334,0.3342129081800842,0.6666666666666666,34.3,12.0
2025,16,00-0037247,George Pickens,WR,DAL,72.0,37.0,24.0,100.0,70.5,83.0,20.0,26.0,50.5,1.5,LAC,9.933333333333334,9.333333333333334,0.2380897614940168,2.0,24.844285714285714,26.0
2025,16,00-0037248,James Cook,RB,BUF,98.0,89.0,72.0,100.0,80.0,83.0,36.0,26.0,41.5,10.5,CLE,21.63333333333333,26.666666666666668,0.7208762340755168,6.666666666666667,20.834285714285716,26.4
2025,16,00-0037252,Greg Dulcich,TE,MIA,22.0,24.0,11.0,33.0,81.8,68.0,80.0,22.5,48.5,-3.5,CIN,6.033333333333334,2.3333333333333335,0.10761904761904761,0.6666666666666666,22.63571428571429,7.6
2025,16,00-0037256,Rachaad White,RB,TB,24.0,22.0,21.0,17.0,54.4,73.0,52.0,23.75,44.5,3.0,CAR,5.333333333333333,6.666666666666667,0.208086157669491,0.6666666666666666,24.335714285714285,8.0
2025,16,00-0037261,Khalil Shakir,WR,BUF,31.0,28.0,16.0,33.0,68.6,83.0,27.0,26.0,41.5,10.5,CLE,7.533333333333334,4.0,0.15911061563235476,0.6666666666666666,26.685714285714287,7.4
2025,16,00-0037263,Tyler Allgeier,RB,ATL,30.0,33.0,28.0,58.0,52.2,81.0,56.0,25.5,48.5,2.5,ARI,8.0,8.333333333333334,0.278673835125448,2.3333333333333335,25.17142857142857,8.3
2025,16,00-0037291,Jalen Nailor,WR,MIN,26.0,32.0,14.0,33.0,41.2,66.0,64.0,22.0,41.5,2.5,NYG,8.5,3.3333333333333335,0.13676263719991857,0.6666666666666666,35.84285714285714,0.0
2025,16,00-0037292,Andrew Ogletree,TE,IND,9.0,14.0,3.0,33.0,32.0,61.0,51.0,21.0,46.5,-4.5,SF,3.5333333333333337,1.0,0.03483870967741936,0.6666666666666666,15.057142857142859,2.1
2025,16,00-0037306,John FitzPatrick,TE,GB,22.0,11.0,8.0,33.0,49.2,66.0,47.0,22.0,45.5,-1.5,CHI,2.733333333333333,2.3333333333333335,0.07751679715697707,0.6666666666666666,13.864285714285714,0.0
2025,16,00-0037475,Stone Smartt,TE,NYJ,3.0,0.0,1.0,0.0,41.8,42.0,40.0,16.5,39.5,-6.5,NO,0.0,0.3333333333333333,0.01075268817204301,0.0,12.214285714285714,8.4
2025,16,00-0037487,Deven Thompkins,WR,ATL,10.0,8.0,4.0,0.0,31.4,81.0,43.0,25.5,48.5,2.5,ARI,2.0666666666666664,1.3333333333333333,0.043826804915514585,0.0,30.55,0.0
2025,16,00-0037525,Jordan Mason,RB,MIN,34.0,27.0,37.0,50.0,74.2,66.0,67.0,22.0,41.5,2.5,NYG,6.633333333333333,9.333333333333334,0.367794180251922,2.0,27.707142857142856,2.1
2025,16,00-0037545,Rashid Shaheed,WR,SEA,44.0,32.0,20.0,17.0,69.1,66.0,55.0,22.0,42.5,1.5,LA,8.466666666666667,5.666666666666667,0.19530906895037328,0.3333333333333333,33.635714285714286,3.1
2025,16,00-0037557,Ronnie Rivers,RB,LA,10.0,6.0,7.0,0.0,31.2,59.0,28.0,20.5,42.5,-1.5,SEA,1.3666666666666665,2.6666666666666665,0.07407407407407407,0.0,19.207142857142856,0.0
2025,16,00-0037563,Malik Davis,RB,DAL,21.0,31.0,20.0,50.0,47.4,83.0,31.0,26.0,50.5,1.5,LAC,7.666666666666667,5.666666666666667,0.20393772893772896,2.0,19.714285714285715,2.3
2025,16,00-0037594,Julius Chestnut,RB,TEN,0.0,0.0,0.0,0.0,56.8,44.0,25.0,17.0,37.5,-3.5,KC,0.0,0.0,0.0,0.0,18.400000000000002,0.1
2025,16,00-0037614,John Metchie III,WR,NYJ,59.0,25.0,25.0,50.0,86.6,42.0,32.0,16.5,39.5,-6.5,NO,6.666666666666667,7.666666666666667,0.2484639016897081,1.0,27.928571428571427,1.4
2025,16,00-0037617,Hassan Haskins,RB,LAC,12.0,8.0,12.0,8.0,33.7,76.0,53.0,24.5,50.5,-1.5,DAL,1.9333333333333333,3.3333333333333335,0.1219509421702404,0.3333333333333333,24.514285714285712,1.4
2025,16,00-0037664,Alec Pierce,WR,IND,36.0,42.0,15.0,33.0,50.4,61.0,48.0,21.0,46.5,-4.5,SF,11.133333333333333,4.666666666666667,0.15356125356125355,0.6666666666666666,31.72142857142857,24.6
2025,16,00-0037741,Jahan Dotson,WR,PHI,18.0,4.0,7.0,17.0,51.5,80.0,60.0,25.25,43.5,7.0,WSH,1.1666666666666667,2.3333333333333335,0.06890838206627681,0.3333333333333333,34.77142857142857,4.3
2025,16,00-0037742,Treylon Burks,WR,WSH,18.0,9.0,9.0,17.0,48.4,50.0,31.0,18.25,43.5,-7.0,PHI,2.5,2.3333333333333335,0.08796296296296297,0.3333333333333333,27.642857142857142,5.0
2025,16,00-0037744,Trey McBride,TE,ARI,97.0,93.0,26.0,100.0,73.3,70.0,24.0,23.0,48.5,-2.5,ATL,23.46666666666667,10.333333333333334,0.2632979869821975,2.0,7.892857142857143,6.7
2025,16,00-0037746,Brian Robinson,RB,SF,32.0,14.0,24.0,17.0,80.3,81.0,32.0,25.5,46.5,4.5,IND,3.366666666666667,8.666666666666666,0.2419922913343966,0.6666666666666666,20.099999999999998,2.0
2025,16,00-0037801,KaVontae Turpin,WR,DAL,28.0,20.0,12.0,17.0,76.1,83.0,20.0,26.0,50.5,1.5,LAC,5.433333333333333,3.6666666666666665,0.11550522348394689,0.3333333333333333,24.844285714285714,4.7
2025,16,00-0037805,Jeremy Ruckert,TE,NYJ,22.0,14.0,8.0,0.0,86.1,42.0,40.0,16.5,39.5,-6.5,NO,3.4666666666666663,2.3333333333333335,0.07526881720430108,0.0,12.214285714285714,3.4
2025,16,00-0037809,Chig Okonkwo,TE,TEN,41.0,24.0,15.0,17.0,71.0,44.0,35.0,17.0,37.5,-3.5,KC,6.066666666666667,4.333333333333333,0.15120879120879122,0.3333333333333333,10.685714285714287,16.4
2025,16,00-0037816,Romeo Doubs,WR,GB,23.0,22.0,10.0,67.0,58.4,66.0,59.0,22.0,45.5,-1.5,CHI,5.866666666666667,3.0,0.10274029651840745,1.3333333333333333,34.59285714285714,19.4
2025,16,00-0037834,Brock Purdy,QB,SF,79.0,70.0,54.0,74.0,84.1,81.0,36.0,25.5,46.5,4.5,IND,19.546666666666667,35.333333333333336,0.13423710792131846,7.666666666666667,16.832857142857144,32.9
2025,16,00-0037837,Calvin Austin III,WR,PIT,13.0,5.0,6.0,0.0,55.8,68.0,76.0,22.5,52.5,-7.5,DET,1.3666666666666665,1.6666666666666667,0.06285072951739619,0.0,38.77285714285715,1.8
2025,16,00-0037838,Isaiah Likely,TE,BAL,47.0,38.0,18.0,50.0,68.5,83.0,57.0,26.0,48.5,3.5,NE,9.666666666666666,5.0,0.17727272727272728,1.0,16.553846153846152,0.0
2025,16,00-0037840,Kyren Williams,RB,LA,55.0,72.0,54.0,83.0,86.5,59.0,28.0,20.5,42.5,-1.5,SEA,17.566666666666666,15.0,0.5417563550040181,3.3333333333333335,19.207142857142856,11.5
2025,16,00-0038041,Jake Ferguson,TE,DAL,53.0,30.0,14.0,50.0,76.2,83.0,37.0,26.0,50.5,1.5,LAC,7.666666666666667,5.666666666666667,0.14179468222021413,1.0,11.457142857142857,4.9
2025,16,00-0038046,Charlie Kolar,TE,BAL,6.0,7.0,2.0,0.0,38.9,83.0,57.0,26.0,48.5,3.5,NE,1.8666666666666665,0.6666666666666666,0.02121212121212121,0.0,16.553846153846152,2.8
2025,16,00-0038090,Skyy Moore,WR,SF,0.0,0.0,0.0,0.0,56.8,81.0,68.0,25.5,46.5,4.5,IND,0.0,0.0,0.0,0.0,36.66428571428571,3.3
2025,16,00-0038117,Wan'Dale Robinson,WR,NYG,85.0,72.0,35.0,50.0,72.5,55.0,23.0,19.5,41.5,-2.5,MIN,19.133333333333333,11.0,0.34950561421149656,1.0,25.5,5.2
2025,16,00-0038120,Breece Hall,RB,NYJ,61.0,35.0,68.0,58.0,67.1,42.0,43.0,16.5,39.5,-6.5,NO,8.533333333333333,16.666666666666668,0.683495979036776,2.3333333333333335,22.335714285714285,8.3
2025,16,00-0038124,Christian Watson,WR,GB,51.0,61.0,23.0,17.0,60.5,66.0,59.0,22.0,45.5,-1.5,CHI,16.366666666666664,6.666666666666667,0.2303209506357932,0.3333333333333333,34.59285714285714,3.7
2025,16,00-0038128,Malik Willis,QB,GB,7.0,12.0,18.0,10.0,68.7,66.0,56.0,22.0,45.5,-1.5,CHI,3.21,3.0,0.045548654244306416,1.0,20.50714285714286,13.24
2025,16,00-0038129,Cade Otton,TE,TB,41.0,18.0,15.0,33.0,67.3,73.0,47.0,23.75,44.5,3.0,CAR,4.633333333333334,4.333333333333333,0.14955453149001538,0.6666666666666666,13.85,3.5
2025,16,00-0038134,Kenneth Walker III,RB,SEA,49.0,23.0,50.0,33.0,71.4,66.0,20.0,22.0,42.5,1.5,LA,5.7,13.333333333333334,0.5013907891625283,1.3333333333333333,17.37857142857143,25.4
2025,16,00-0038359,Xavier Smith,WR,LA,10.0,16.0,5.0,17.0,31.2,59.0,21.0,20.5,42.5,-1.5,SEA,4.266666666666667,1.3333333333333333,0.04778972520908004,0.3333333333333333,25.157142857142855,7.7
2025,16,00-0038393,Dontayvion Wicks,WR,GB,36.0,43.0,17.0,33.0,45.8,66.0,59.0,22.0,45.5,-1.5,CHI,11.600000000000001,4.666666666666667,0.17358146323663567,0.6666666666666666,34.59285714285714,3.2
2025,16,00-0038397,Evan Hull,RB,NO,13.0,6.0,14.0,17.0,70.9,70.0,66.0,23.0,39.5,6.5,NYJ,1.5666666666666667,3.6666666666666665,0.14214506172839506,0.6666666666666666,27.342857142857138,0.3
2025,16,00-0038400,Tanner McKee,QB,PHI,8.0,4.0,22.0,0.0,60.0,80.0,57.0,25.25,43.5,7.0,WSH,1.01,3.5,0.05609284332688588,0.0,20.75857142857143,-0.2
2025,16,00-0038440,Zavier Scott,RB,MIN,10.0,8.0,12.0,0.0,37.1,66.0,67.0,22.0,41.5,2.5,NYG,2.033333333333333,2.6666666666666665,0.11789877120263398,0.0,27.707142857142856,2.2
2025,16,00-0038454,Keaton Mitchell,RB,BAL,24.0,35.0,25.0,17.0,72.9,83.0,25.0,26.0,48.5,3.5,NE,8.433333333333332,6.666666666666667,0.25252525252525254,0.6666666666666666,18.5,1.3
2025,16,00-0038488,Brady Russell,RB,SEA,1.0,0.0,1.0,0.0,47.8,66.0,20.0,22.0,42.5,1.5,LA,0.0,0.3333333333333333,0.010101010101010102,0.0,17.37857142857143,0.0
2025,16,00-0038519,Nikko Remigio,WR,KC,0.0,0.0,0.0,0.0,56.8,59.0,65.0,20.5,37.5,3.5,TEN,0.0,0.0,0.0,0.0,35.98571428571429,0.0
2025,16,00-0038542,Bijan Robinson,RB,ATL,100.0,100.0,94.0,75.0,79.0,81.0,56.0,25.5,48.5,2.5,ARI,24.399999999999995,27.333333333333332,0.9447336336842632,3.0,25.17142857142857,29.8
2025,16,00-0038543,Jaxon Smith-Njigba,WR,SEA,62.0,63.0,27.0,33.0,62.8,66.0,55.0,22.0,42.5,1.5,LA,16.900000000000002,8.0,0.2728117293334685,0.6666666666666666,33.635714285714286,23.6
2025,16,00-0038544,Quentin Johnston,WR,LAC,23.0,18.0,13.0,50.0,70.0,76.0,80.0,24.5,50.5,-1.5,DAL,4.7,3.0,0.1327639751552795,1.0,39.714285714285715,20.4
2025,16,00-0038555,Tank Bigsby,RB,PHI,24.0,9.0,17.0,67.0,31.2,80.0,55.0,25.25,43.5,7.0,WSH,2.3000000000000003,6.666666666666667,0.17093774625689517,2.6666666666666665,24.942857142857143,9.7
2025,16,00-0038558,Darnell Washington,TE,PIT,28.0,19.0,12.0,0.0,60.7,68.0,44.0,22.5,52.5,-7.5,DET,4.733333333333333,3.0,0.12008978675645343,0.0,13.228571428571428,6.6
2025,16,00-0038559,Michael Wilson,WR,ARI,87.0,75.0,28.0,100.0,62.2,70.0,59.0,23.0,48.5,-2.5,ATL,20.066666666666666,11.333333333333334,0.2807664123453597,2.3333333333333335,34.464285714285715,13.2
2025,16,00-0038563,Tre Tucker,WR,LV,28.0,12.0,14.0,17.0,63.2,25.0,21.0,12.5,39.5,-14.5,HOU,3.1333333333333333,3.6666666666666665,0.14497835497835498,0.3333333333333333,25.021428571428572,9.4
2025,16,00-0038597,Chase Brown,RB,CIN,71.0,72.0,67.0,50.0,89.8,83.0,41.0,26.0,48.5,3.5,MIA,17.599999999999998,19.333333333333332,0.6663489095431019,2.0,22.014285714285712,32.9
2025,16,00-0038606,Parker Washington,WR,JAC,33.0,37.0,15.0,50.0,57.7,64.0,32.0,21.5,46.5,-3.5,DEN,10.0,4.333333333333333,0.15349206349206349,1.0,27.900000000000002,26.5
2025,16,00-0038608,Kayshon Boutte,WR,NE,21.0,26.0,9.0,17.0,45.1,68.0,58.0,22.5,48.5,-3.5,BAL,7.0,2.6666666666666665,0.0909090909090909,0.3333333333333333,34.34285714285714,2.6
2025,16,00-0038611,Chris Rodriguez Jr.,RB,WSH,46.0,34.0,43.0,75.0,81.5,50.0,47.0,18.25,43.5,-7.0,PHI,8.266666666666667,12.666666666666666,0.42645545913911737,3.0,23.271428571428572,13.9
2025,16,00-0038618,Xavier Hutchinson,WR,HOU,23.0,11.0,10.0,17.0,49.8,87.0,61.0,27.0,39.5,14.5,LV,2.8333333333333335,3.0,0.10241571699905033,0.3333333333333333,35.08571428571428,1.4
2025,16,00-0038619,Andrei Iosivas,WR,CIN,15.0,17.0,5.0,17.0,50.1,83.0,29.0,26.0,48.5,3.5,MIA,4.533333333333334,2.0,0.052188552188552194,0.3333333333333333,27.114285714285717,3.1
2025,16,00-0038621,DeMario Douglas,WR,NE,15.0,16.0,7.0,17.0,48.9,68.0,58.0,22.5,48.5,-3.5,BAL,4.3,2.0,0.06752036493971979,0.3333333333333333,34.34285714285714,1.6
2025,16,00-0038640,Jalen Brooks,WR,ARI,15.0,10.0,5.0,0.0,36.1,70.0,59.0,23.0,48.5,-2.5,ATL,2.6999999999999997,2.0,0.04904306220095694,0.0,34.464285714285715,0.0
2025,16,00-0038679,Tyrell Shavers,WR,BUF,18.0,31.0,8.0,0.0,31.2,83.0,27.0,26.0,41.5,10.5,CLE,8.333333333333334,2.3333333333333335,0.07644824311490978,0.0,26.685714285714287,3.1
2025,16,00-0038685,Chris Brooks,RB,GB,9.0,10.0,9.0,0.0,59.3,66.0,36.0,22.0,45.5,-1.5,CHI,2.3666666666666667,2.3333333333333335,0.0893331112221667,0.0,20.978571428571428,0.4
2025,16,00-0038705,Emari Demercado,RB,ARI,24.0,27.0,27.0,8.0,51.0,70.0,44.0,23.0,48.5,-2.5,ATL,6.5,6.666666666666667,0.2673676120472459,0.3333333333333333,22.714285714285715,3.0
2025,16,00-0038738,Hunter Luepke,RB,DAL,7.0,9.0,6.0,0.0,31.2,83.0,31.0,26.0,50.5,1.5,LAC,2.2333333333333334,2.0,0.0642857142857143,0.0,19.714285714285715,2.4
2025,16,00-0038783,Nate Adkins,TE,DEN,19.0,19.0,6.0,33.0,53.4,79.0,53.0,25.0,46.5,3.5,JAC,4.766666666666667,2.0,0.059263300398052166,0.6666666666666666,15.478571428571428,0.0
2025,16,00-0038794,Jaleel McLaughlin,RB,DEN,17.0,12.0,18.0,8.0,53.9,79.0,22.0,25.0,46.5,3.5,JAC,2.8333333333333335,4.666666666666667,0.17684875413070142,0.3333333333333333,17.892857142857142,3.7
2025,16,00-0038797,Emanuel Wilson,RB,GB,11.0,4.0,12.0,17.0,70.9,66.0,36.0,22.0,45.5,-1.5,CHI,0.9,3.0,0.11623931623931623,0.6666666666666666,20.978571428571428,8.2
2025,16,00-0038839,Mitchell Tinsley,WR,CIN,44.0,22.0,15.0,67.0,53.8,83.0,29.0,26.0,48.5,3.5,MIA,5.900000000000001,5.666666666666667,0.1455238661121014,1.3333333333333333,27.114285714285717,0.0
2025,16,00-0038840,Brycen Tremayne,WR,CAR,0.0,0.0,0.0,0.0,56.8,60.0,48.0,20.75,44.5,-3.0,TB,0.0,0.0,0.0,0.0,31.87857142857143,0.0
2025,16,00-0038896,Jacob Saylors,RB,DET,0.0,0.0,0.0,0.0,56.8,100.0,34.0,30.0,52.5,7.5,PIT,0.0,0.0,0.0,0.0,20.37857142857143,0.0
2025,16,00-0038933,Dalton Kincaid,TE,BUF,38.0,35.0,14.0,50.0,71.2,83.0,40.0,26.0,41.5,10.5,CLE,8.733333333333333,4.0,0.13865147198480532,1.0,12.235714285714286,0.0
2025,16,00-0038935,Brenton Strange,TE,JAC,41.0,30.0,15.0,67.0,66.3,64.0,48.0,21.5,46.5,-3.5,DEN,7.6000000000000005,4.333333333333333,0.15356374807987713,1.3333333333333333,14.171428571428573,14.9
2025,16,00-0038951,Sean Tucker,RB,TB,16.0,21.0,15.0,42.0,52.6,73.0,52.0,23.75,44.5,3.0,CAR,5.2,4.333333333333333,0.14512647845981178,1.6666666666666667,24.335714285714285,6.3
2025,16,00-0038976,Marvin Mims Jr.,WR,DEN,31.0,16.0,13.0,0.0,47.1,79.0,51.0,25.0,46.5,3.5,JAC,4.366666666666666,4.0,0.12593381657783279,0.0,32.621428571428574,5.9
2025,16,00-0038979,Cedric Tillman,WR,CLE,18.0,6.0,10.0,0.0,48.5,38.0,36.0,15.5,41.5,-10.5,BUF,1.5999999999999999,2.3333333333333335,0.09636409865242816,0.0,28.821428571428573,1.8
2025,16,00-0038994,Jordan Addison,WR,MIN,49.0,34.0,24.0,33.0,71.4,66.0,64.0,22.0,41.5,2.5,NYG,9.133333333333333,6.333333333333333,0.2441695818757288,0.6666666666666666,35.84285714285714,4.6
2025,16,00-0038997,Josh Downs,WR,IND,41.0,29.0,19.0,67.0,83.8,61.0,48.0,21.0,46.5,-4.5,SF,7.666666666666667,5.333333333333333,0.19039886039886042,1.3333333333333333,31.72142857142857,11.8
2025,16,00-0039032,Tyjae Spears,RB,TEN,30.0,28.0,31.0,17.0,78.7,44.0,25.0,17.0,37.5,-3.5,KC,6.900000000000001,8.333333333333334,0.3099267399267399,0.6666666666666666,18.400000000000002,21.5
2025,16,00-0039040,De'Von Achane,RB,MIA,60.0,76.0,65.0,33.0,76.8,68.0,80.0,22.5,48.5,-3.5,CIN,18.533333333333335,16.333333333333332,0.6486169183120403,1.3333333333333333,30.47714285714286,18.0
2025,16,00-0039041,Elijah Higgins,TE,ARI,16.0,8.0,4.0,0.0,63.2,70.0,24.0,23.0,48.5,-2.5,ATL,2.0,1.6666666666666667,0.0431376352428984,0.0,7.892857142857143,16.1
2025,16,00-0039062,Jonathan Mingo,WR,DAL,8.0,7.0,2.0,0.0,68.2,83.0,20.0,26.0,50.5,1.5,LAC,1.75,1.0,0.02492401215805471,0.0,24.844285714285714,0.0
2025,16,00-0039064,Zay Flowers,WR,BAL,62.0,49.0,34.0,33.0,62.9,83.0,39.0,26.0,48.5,3.5,NE,13.000000000000002,8.0,0.3361111111111111,0.6666666666666666,29.614285714285717,23.2
2025,16,00-0039066,Michael Mayer,TE,LV,16.0,9.0,4.0,0.0,31.6,25.0,39.0,12.5,39.5,-14.5,HOU,2.233333333333333,1.6666666666666667,0.04212454212454212,0.0,11.964285714285714,2.0
2025,16,00-0039074,Davis Allen,TE,LA,22.0,13.0,7.0,17.0,60.5,59.0,52.0,20.5,42.5,-1.5,SEA,3.3666666666666667,2.3333333333333335,0.0689387746546773,0.3333333333333333,15.328571428571427,5.4
2025,16,00-0039075,Puka Nacua,WR,LA,85.0,96.0,35.0,33.0,80.5,59.0,21.0,20.5,42.5,-1.5,SEA,25.600000000000005,11.0,0.3488704148208861,0.6666666666666666,25.157142857142855,46.5
2025,16,00-0039139,Jahmyr Gibbs,RB,DET,77.0,80.0,81.0,75.0,72.0,100.0,34.0,30.0,52.5,7.5,PIT,19.466666666666665,21.0,0.8067621127326844,3.0,20.37857142857143,22.8
2025,16,00-0039144,Luke Musgrave,TE,GB,34.0,22.0,13.0,17.0,55.8,66.0,47.0,22.0,45.5,-1.5,CHI,5.566666666666666,3.6666666666666665,0.1250208229218724,0.3333333333333333,13.864285714285714,6.8
2025,16,00-0039146,Jayden Reed,WR,GB,44.0,42.0,21.0,33.0,88.5,66.0,59.0,22.0,45.5,-1.5,CHI,11.1,5.666666666666667,0.2149251714469106,0.6666666666666666,34.59285714285714,7.1
2025,16,00-0039150,Bryce Young,QB,CAR,66.0,60.0,88.0,26.0,85.6,60.0,66.0,20.75,44.5,-3.0,TB,16.74,29.666666666666668,0.2194995864350703,2.6666666666666665,22.337142857142858,17.64
2025,16,00-0039163,C.J. Stroud,QB,HOU,78.0,56.0,37.0,77.0,84.6,87.0,45.0,27.0,39.5,14.5,LV,15.686666666666666,34.666666666666664,0.09191535851877408,8.0,18.618571428571432,11.48
2025,16,00-0039165,Zach Charbonnet,RB,SEA,40.0,31.0,40.0,58.0,74.0,66.0,20.0,22.0,42.5,1.5,LA,7.633333333333333,11.0,0.4002233877233878,2.3333333333333335,17.37857142857143,15.4
2025,16,00-0039338,Brock Bowers,TE,LV,53.0,60.0,23.0,83.0,71.8,25.0,39.0,12.5,39.5,-14.5,HOU,15.233333333333334,5.666666666666667,0.22679653679653677,1.6666666666666667,11.964285714285714,14.3
2025,16,00-0039342,Xavier Legette,WR,CAR,26.0,15.0,15.0,0.0,65.2,60.0,48.0,20.75,44.5,-3.0,TB,4.066666666666666,3.3333333333333335,0.14506172839506173,0.0,31.87857142857143,2.2
2025,16,00-0039356,Ja'Tavion Sanders,TE,CAR,9.0,5.0,5.0,0.0,32.6,60.0,53.0,20.75,44.5,-3.0,TB,1.3666666666666665,1.0,0.04567901234567901,0.0,15.635714285714286,8.9
2025,16,00-0039359,Cade Stover,TE,HOU,34.0,12.0,12.0,50.0,54.3,87.0,32.0,27.0,39.5,14.5,LV,3.033333333333333,3.6666666666666665,0.12232008187890542,1.0,10.035714285714286,2.7
2025,16,00-0039361,Bucky Irving,RB,TB,68.0,55.0,67.0,33.0,83.5,73.0,52.0,23.75,44.5,3.0,CAR,13.433333333333335,18.666666666666668,0.6741368662201995,1.3333333333333333,24.335714285714285,7.1
2025,16,00-0039373,Audric Estimé,RB,NO,16.0,19.0,16.0,12.0,60.3,70.0,66.0,23.0,39.5,6.5,NYJ,4.55,4.5,0.15526209677419356,0.5,27.342857142857138,6.6
2025,16,00-0039384,Tyrone Tracy Jr.,RB,NYG,66.0,61.0,56.0,58.0,68.0,55.0,38.0,19.5,41.5,-2.5,MIN,15.0,18.0,0.5617007044491832,2.3333333333333335,21.22142857142857,9.8
2025,16,00-0039391,Kimani Vidal,RB,LAC,68.0,52.0,53.0,42.0,69.4,76.0,53.0,24.5,50.5,-1.5,DAL,12.633333333333335,18.666666666666668,0.5283805320047908,1.6666666666666667,24.514285714285712,1.1
2025,16,00-0039398,Joe Milton III,QB,DAL,10.0,14.0,0.0,10.0,75.1,83.0,23.0,26.0,50.5,1.5,LAC,3.98,4.5,0.0,1.0,14.517142857142858,1.14
2025,16,00-0039405,Jawhar Jordan,RB,HOU,62.0,57.0,53.0,100.0,56.8,87.0,49.0,27.0,39.5,14.5,LV,13.799999999999999,17.0,0.5314685314685315,4.0,23.642857142857142,12.0
2025,16,00-0039407,Dylan Laube,RB,LV,2.0,1.0,5.0,0.0,31.2,25.0,27.0,12.5,39.5,-14.5,HOU,0.13333333333333333,0.6666666666666666,0.05128205128205129,0.0,19.0,0.0
2025,16,00-0039410,Ryan Flournoy,WR,DAL,54.0,51.0,17.0,50.0,47.4,83.0,20.0,26.0,50.5,1.5,LAC,13.633333333333333,7.0,0.16684465620635835,1.0,24.844285714285714,9.8
2025,16,00-0039451,Isaiah Williams,WR,NYJ,28.0,20.0,12.0,0.0,37.2,42.0,32.0,16.5,39.5,-6.5,NO,5.233333333333333,3.6666666666666665,0.11827956989247312,0.0,27.928571428571427,6.5
2025,16,00-0039458,Brenden Bates,TE,CLE,9.0,9.0,3.0,0.0,31.2,38.0,20.0,15.5,41.5,-10.5,BUF,2.15,1.0,0.03225806451612903,0.0,6.864285714285715,0.0
2025,16,00-0039491,Jalen Coker,WR,CAR,36.0,49.0,22.0,33.0,74.2,60.0,48.0,20.75,44.5,-3.0,TB,13.200000000000001,4.666666666666667,0.21604938271604937,0.6666666666666666,31.87857142857143,7.7
2025,16,00-0039521,Xavier Weaver,WR,ARI,18.0,7.0,5.0,33.0,53.0,70.0,59.0,23.0,48.5,-2.5,ATL,1.8,2.3333333333333335,0.04860528230093447,0.6666666666666666,34.464285714285715,3.9
2025,16,00-0039530,Brevyn Spann-Ford,TE,DAL,6.0,2.0,2.0,0.0,35.4,83.0,37.0,26.0,50.5,1.5,LAC,0.5666666666666667,0.6666666666666666,0.016616008105369808,0.0,11.457142857142857,0.0
2025,16,00-0039589,Kameron Johnson,WR,TB,3.0,0.0,1.0,0.0,41.8,73.0,32.0,23.75,44.5,3.0,CAR,0.0,0.3333333333333333,0.011904761904761904,0.0,27.735714285714288,0.0
2025,16,00-0039603,British Brooks,RB,HOU,0.0,0.0,0.0,0.0,56.8,87.0,49.0,27.0,39.5,14.5,LV,0.0,0.0,0.0,0.0,23.642857142857142,0.0
2025,16,00-0039623,Mason Tipton,WR,NO,21.0,7.0,9.0,0.0,32.3,70.0,36.0,23.0,39.5,6.5,NYJ,2.0,2.6666666666666665,0.08640007496427483,0.0,28.928571428571427,8.1
2025,16,00-0039631,Cam Grandy,TE,CIN,9.0,6.0,4.0,0.0,56.8,83.0,59.0,26.0,48.5,3.5,MIA,1.6,1.0,0.038461538461538464,0.0,17.014285714285716,1.1
2025,16,00-0039648,David Martin-Robinson,TE,TEN,3.0,2.0,1.0,0.0,31.2,44.0,35.0,17.0,37.5,-3.5,KC,0.5333333333333333,0.3333333333333333,0.013333333333333334,0.0,10.685714285714287,0.0
2025,16,00-0039732,Bo Nix,QB,DEN,96.0,76.0,57.0,71.0,86.5,79.0,51.0,25.0,46.5,3.5,JAC,21.166666666666668,43.0,0.14256356670149772,7.333333333333333,19.614285714285717,19.18
2025,16,00-0039738,Blake Corum,RB,LA,38.0,73.0,36.0,58.0,79.3,59.0,28.0,20.5,42.5,-1.5,SEA,17.76666666666667,10.333333333333334,0.3594116920034606,2.3333333333333335,19.207142857142856,13.1
2025,16,00-0039746,Will Shipley,RB,PHI,2.0,5.0,2.0,0.0,41.3,80.0,55.0,25.25,43.5,7.0,WSH,1.1333333333333335,0.6666666666666666,0.019883040935672513,0.0,24.942857142857143,1.3
2025,16,00-0039751,Jordan Whittington,WR,LA,8.0,2.0,3.0,0.0,68.5,59.0,21.0,20.5,42.5,-1.5,SEA,0.5,1.0,0.03187029700895009,0.0,25.157142857142855,2.9
2025,16,00-0039792,Devontez Walker,WR,BAL,8.0,5.0,4.0,0.0,32.6,83.0,39.0,26.0,48.5,3.5,NE,1.3333333333333333,1.0,0.03888888888888889,0.0,29.614285714285717,0.0
2025,16,00-0039793,AJ Barner,TE,SEA,50.0,25.0,19.0,33.0,84.8,66.0,41.0,22.0,42.5,1.5,LA,6.366666666666667,5.333333333333333,0.18793093983311374,0.6666666666666666,12.414285714285715,15.0
2025,16,00-0039796,Rasheen Ali,RB,BAL,12.0,22.0,15.0,8.0,47.9,83.0,25.0,26.0,48.5,3.5,NE,5.3999999999999995,3.3333333333333335,0.1547979797979798,0.3333333333333333,18.5,2.2
2025,16,00-0039798,Isaiah Davis,RB,NYJ,16.0,21.0,16.0,17.0,31.2,42.0,43.0,16.5,39.5,-6.5,NO,5.233333333333333,4.333333333333333,0.15749525616698293,0.6666666666666666,22.335714285714285,10.0
2025,16,00-0039847,Theo Johnson,TE,NYG,53.0,35.0,20.0,33.0,72.0,55.0,43.0,19.5,41.5,-2.5,MIN,8.933333333333334,5.666666666666667,0.19716775599128541,0.6666666666666666,12.885714285714286,0.0
2025,16,00-0039849,Marvin Harrison Jr.,WR,ARI,74.0,60.0,27.0,100.0,77.7,70.0,59.0,23.0,48.5,-2.5,ATL,15.933333333333335,9.666666666666666,0.2689146827077862,2.3333333333333335,34.464285714285715,2.4
2025,16,00-0039851,Drake Maye,QB,NE,78.0,73.0,70.0,68.0,90.9,68.0,42.0,22.5,48.5,-3.5,BAL,20.313333333333336,34.666666666666664,0.1760622914349277,7.0,17.98,25.7
2025,16,00-0039855,Jalen McMillan,WR,TB,15.0,22.0,6.0,50.0,56.8,73.0,32.0,23.75,44.5,3.0,CAR,5.8,2.0,0.0625,1.0,27.735714285714288,3.6
2025,16,00-0039868,Troy Franklin,WR,DEN,36.0,36.0,14.0,33.0,52.9,79.0,51.0,25.0,46.5,3.5,JAC,9.666666666666666,4.666666666666667,0.1366363211951447,0.6666666666666666,32.621428571428574,10.6
2025,16,00-0039874,Jaylen Wright,RB,MIA,39.0,28.0,31.0,25.0,31.2,68.0,80.0,22.5,48.5,-3.5,CIN,6.800000000000001,10.666666666666666,0.3081576655052265,1.0,30.47714285714286,12.3
2025,16,00-0039875,Ray Davis,RB,BUF,12.0,12.0,7.0,0.0,31.2,83.0,36.0,26.0,41.5,10.5,CLE,2.8333333333333335,3.3333333333333335,0.07164404223227754,0.0,20.834285714285716,5.4
2025,16,00-0039880,Malik Washington,WR,MIA,26.0,16.0,16.0,17.0,56.5,68.0,24.0,22.5,48.5,-3.5,CIN,4.333333333333333,3.3333333333333335,0.16015873015873017,0.3333333333333333,25.84857142857143,10.2
2025,16,00-0039890,Adonai Mitchell,WR,NYJ,72.0,56.0,30.0,83.0,65.4,42.0,32.0,16.5,39.5,-6.5,NO,15.0,9.333333333333334,0.3010752688172043,1.6666666666666667,27.928571428571427,7.3
2025,16,00-0039893,Brian Thomas Jr.,WR,JAC,44.0,42.0,20.0,50.0,67.1,64.0,32.0,21.5,46.5,-3.5,DEN,11.200000000000001,5.666666666666667,0.20019514137793706,1.0,27.900000000000002,3.8
2025,16,00-0039894,Xavier Worthy,WR,KC,41.0,32.0,18.0,0.0,75.8,59.0,65.0,20.5,37.5,3.5,TEN,8.466666666666667,5.333333333333333,0.18190696318507413,0.0,35.98571428571429,6.1
2025,16,00-0039912,Ben Sinnott,TE,WSH,9.0,18.0,5.0,17.0,79.0,50.0,27.0,18.25,43.5,-7.0,PHI,4.6000000000000005,1.0,0.05265151515151515,0.3333333333333333,8.621428571428572,1.5
2025,16,00-0039915,Ladd McConkey,WR,LAC,36.0,25.0,21.0,33.0,58.2,76.0,80.0,24.5,50.5,-1.5,DAL,6.7,4.666666666666667,0.21118012422360247,0.6666666666666666,39.714285714285715,14.3
2025,16,00-0039918,Caleb Williams,QB,CHI,83.0,57.0,43.0,61.0,88.5,72.0,33.0,23.5,45.5,1.5,GB,15.793333333333335,37.0,0.10743068987749839,6.333333333333333,16.264285714285712,21.0
2025,16,00-0039920,Malachi Corley,WR,CLE,8.0,4.0,4.0,0.0,58.0,38.0,36.0,15.5,41.5,-10.5,BUF,1.0333333333333334,1.0,0.038172043010752686,0.0,28.821428571428573,6.1
2025,16,00-0039923,J.J. McCarthy,QB,MIN,58.0,60.0,57.0,45.0,75.9,66.0,58.0,22.0,41.5,2.5,NYG,16.8,26.0,0.14153957879448076,4.666666666666667,20.889999999999997,12.32
2025,16,00-0040009,Savion Williams,WR,GB,10.0,8.0,4.0,0.0,45.8,66.0,59.0,22.0,45.5,-1.5,CHI,2.1666666666666665,1.3333333333333333,0.04147186147186147,0.0,34.59285714285714,0.9
2025,16,00-0040075,LaJohntay Wester,WR,BAL,0.0,0.0,0.0,0.0,56.8,83.0,39.0,26.0,48.5,3.5,NE,0.0,0.0,0.0,0.0,29.614285714285717,0.0
2025,16,00-0040078,Brashard Smith,RB,KC,4.0,1.0,4.0,8.0,31.2,59.0,46.0,20.5,37.5,3.5,TEN,0.26666666666666666,1.0,0.04324028461959497,0.3333333333333333,23.05,1.4
2025,16,00-0040122,Ashton Jeanty,RB,LV,63.0,36.0,100.0,25.0,80.2,25.0,27.0,12.5,39.5,-14.5,HOU,8.700000000000001,17.333333333333332,1.035155955155955,1.0,19.0,31.8
2025,16,00-0040124,Tetairoa McMillan,WR,CAR,33.0,34.0,19.0,0.0,65.5,60.0,48.0,20.75,44.5,-3.0,TB,9.1,4.333333333333333,0.18641975308641978,0.0,31.87857142857143,19.3
2025,16,00-0040126,Colston Loveland,TE,CHI,53.0,38.0,19.0,33.0,85.9,72.0,41.0,23.5,45.5,1.5,GB,9.6,5.666666666666667,0.193853214686548,0.6666666666666666,12.457142857142857,6.0
2025,16,00-0040128,Tyler Warren,TE,IND,56.0,26.0,21.0,83.0,74.2,61.0,51.0,21.0,46.5,-4.5,SF,6.6000000000000005,6.0,0.21312523225566704,1.6666666666666667,15.057142857142859,6.0
2025,16,00-0040129,Emeka Egbuka,WR,TB,62.0,28.0,29.0,17.0,79.2,73.0,32.0,23.75,44.5,3.0,CAR,7.366666666666667,8.0,0.28672619047619047,0.3333333333333333,27.735714285714288,5.0
2025,16,00-0040130,Jayden Higgins,WR,HOU,28.0,24.0,13.0,0.0,51.5,87.0,61.0,27.0,39.5,14.5,LV,6.433333333333334,3.6666666666666665,0.12663224121557456,0.0,35.08571428571428,2.7
2025,16,00-0040131,Kyle Williams,WR,NE,5.0,16.0,2.0,0.0,35.8,68.0,58.0,22.5,48.5,-3.5,BAL,4.366666666666667,0.6666666666666666,0.02121212121212121,0.0,34.34285714285714,12.6
2025,16,00-0040134,Pat Bryant,WR,DEN,44.0,34.0,15.0,50.0,78.4,79.0,51.0,25.0,46.5,3.5,JAC,9.200000000000001,5.666666666666667,0.15359477124183007,1.0,32.621428571428574,9.2
2025,16,00-0040138,Jaylin Noel,WR,HOU,10.0,4.0,5.0,17.0,31.2,87.0,61.0,27.0,39.5,14.5,LV,1.0999999999999999,1.3333333333333333,0.045860712863401036,0.3333333333333333,35.08571428571428,0.0
2025,16,00-0040154,Tai Felton,WR,MIN,3.0,2.0,1.0,0.0,31.2,66.0,64.0,22.0,41.5,2.5,NYG,0.6666666666666666,0.3333333333333333,0.014492753623188406,0.0,35.84285714285714,1.6
2025,16,00-0040164,Jaylin Lane,WR,WSH,5.0,0.0,3.0,0.0,44.5,50.0,31.0,18.25,43.5,-7.0,PHI,0.0,0.6666666666666666,0.028240740740740743,0.0,27.642857142857142,0.0
2025,16,00-0040170,Elic Ayomanor,WR,TEN,23.0,16.0,10.0,17.0,48.8,44.0,36.0,17.0,37.5,-3.5,KC,4.2,3.0,0.10043956043956044,0.3333333333333333,28.70714285714286,8.8
2025,16,00-0040184,KeAndre Lambert-Smith,WR,LAC,10.0,12.0,4.0,33.0,58.0,76.0,80.0,24.5,50.5,-1.5,DAL,3.233333333333333,1.3333333333333333,0.04438229228465689,0.6666666666666666,39.714285714285715,2.0
2025,16,00-0040187,Mitchell Evans,TE,CAR,12.0,7.0,6.0,17.0,31.2,60.0,53.0,20.75,44.5,-3.0,TB,1.6666666666666667,1.3333333333333333,0.062345679012345674,0.3333333333333333,15.635714285714286,5.3
2025,16,00-0040189,Oronde Gadsden II,TE,LAC,34.0,20.0,16.0,0.0,58.7,76.0,44.0,24.5,50.5,-1.5,DAL,5.166666666666667,3.6666666666666665,0.1621808143547274,0.0,13.049999999999999,1.7
2025,16,00-0040194,Jackson Hawes,TE,BUF,9.0,15.0,4.0,17.0,74.1,83.0,40.0,26.0,41.5,10.5,CLE,3.733333333333333,1.0,0.0396589454560469,0.3333333333333333,12.235714285714286,4.6
2025,16,00-0040198,Ollie Gordon II,RB,MIA,12.0,12.0,11.0,8.0,57.8,68.0,80.0,22.5,48.5,-3.5,CIN,2.9,3.3333333333333335,0.11356707317073171,0.3333333333333333,30.47714285714286,-0.1
2025,16,00-0040205,Kalel Mullings,RB,TEN,2.0,1.0,2.0,0.0,31.2,44.0,25.0,17.0,37.5,-3.5,KC,0.15,0.5,0.025,0.0,18.400000000000002,0.0
2025,16,00-0040206,Riley Leonard,QB,IND,38.0,22.0,26.0,48.0,32.0,61.0,44.0,21.0,46.5,-4.5,SF,6.2,17.0,0.06623931623931624,5.0,18.42142857142857,0.0
2025,16,00-0040208,Tahj Brooks,RB,CIN,5.0,1.0,5.0,0.0,34.4,83.0,41.0,26.0,48.5,3.5,MIA,0.3333333333333333,1.3333333333333333,0.05394094396651942,0.0,22.014285714285712,0.7
2025,16,00-0040218,Jimmy Horn Jr.,WR,CAR,13.0,7.0,7.0,17.0,69.8,60.0,48.0,20.75,44.5,-3.0,TB,1.8666666666666665,1.6666666666666667,0.07420107507826806,0.3333333333333333,31.87857142857143,2.5
2025,16,00-0040234,Quinn Ewers,QB,MIA,20.0,8.0,18.0,0.0,56.8,68.0,63.0,22.5,48.5,-3.5,CIN,2.12,9.0,0.045454545454545456,0.0,21.90857142857143,10.9
2025,16,00-0040236,Kyle Monangai,RB,CHI,63.0,40.0,47.0,83.0,64.8,72.0,29.0,23.5,45.5,1.5,GB,9.666666666666666,17.333333333333332,0.47189036173965254,3.3333333333333335,19.349999999999998,12.3
2025,16,00-0040237,Tez Johnson,WR,TB,23.0,17.0,10.0,33.0,39.6,73.0,32.0,23.75,44.5,3.0,CAR,4.6000000000000005,3.0,0.10308259176863181,0.6666666666666666,27.735714285714288,0.9
2025,16,00-0040238,LeQuint Allen Jr.,RB,JAC,9.0,7.0,8.0,0.0,34.4,64.0,21.0,21.5,46.5,-3.5,DEN,1.8,2.3333333333333335,0.08279285429823063,0.0,17.642857142857142,1.0
2025,16,00-0040242,Jacory Croskey-Merritt,RB,WSH,35.0,28.0,30.0,17.0,42.9,50.0,47.0,18.25,43.5,-7.0,PHI,6.933333333333334,9.666666666666666,0.3040154779285214,0.6666666666666666,23.271428571428572,8.5
2025,16,00-0040259,Gage Larvadain,WR,CLE,21.0,12.0,9.0,17.0,76.1,38.0,36.0,15.5,41.5,-10.5,BUF,3.2999999999999994,2.6666666666666665,0.09129942668733544,0.3333333333333333,28.821428571428573,0.0
2025,16,00-0040277,Jahdae Walker,WR,CHI,0.0,0.0,0.0,0.0,56.8,72.0,49.0,23.5,45.5,1.5,GB,0.0,0.0,0.0,0.0,32.08571428571428,10.1
2025,16,00-0040352,Coleman Owen,WR,IND,0.0,0.0,0.0,0.0,56.8,61.0,48.0,21.0,46.5,-4.5,SF,0.0,0.0,0.0,0.0,31.72142857142857,0.0
2025,16,00-0040398,Brady Cook,QB,NYJ,78.0,39.0,50.0,39.0,79.9,42.0,34.0,16.5,39.5,-6.5,NO,10.73,35.0,0.12618595825426945,4.0,16.434285714285714,7.72
2025,16,00-0040466,Raheim Sanders,RB,CLE,11.0,26.0,12.0,50.0,56.8,38.0,61.0,15.5,41.5,-10.5,BUF,6.3,3.0,0.125,2.0,26.37142857142857,5.6
2025,16,00-0040488,Carter Runyon,TE,LV,5.0,3.0,3.0,0.0,31.2,25.0,39.0,12.5,39.5,-14.5,HOU,0.65,0.5,0.029411764705882353,0.0,11.964285714285714,0.0
2025,16,00-0040494,Max Brosmer,QB,MIN,27.0,6.0,14.0,10.0,31.2,66.0,58.0,22.0,41.5,2.5,NYG,1.786666666666667,12.0,0.035326086956521736,1.0,20.889999999999997,1.78
2025,16,00-0040506,Myles Price,WR,MIN,0.0,0.0,0.0,0.0,56.8,66.0,64.0,22.0,41.5,2.5,NYG,0.0,0.0,0.0,0.0,35.84285714285714,0.0
2025,16,00-0040534,Ke'Shawn Williams,WR,CIN,0.0,0.0,0.0,0.0,56.8,83.0,29.0,26.0,48.5,3.5,MIA,0.0,0.0,0.0,0.0,27.114285714285717,0.1
2025,16,00-0040556,Corey Kiner,RB,ARI,7.0,5.0,10.0,0.0,56.8,70.0,44.0,23.0,48.5,-2.5,ATL,1.1,2.0,0.09523809523809523,0.0,22.714285714285715,3.2
2025,16,00-0040582,Arian Smith,WR,NYJ,10.0,3.0,4.0,0.0,46.1,42.0,32.0,16.5,39.5,-6.5,NO,0.7000000000000001,1.3333333333333333,0.04442689926560894,0.0,27.928571428571427,0.0
2025,16,00-0040584,Gunnar Helm,TE,TEN,41.0,33.0,14.0,67.0,56.0,44.0,35.0,17.0,37.5,-3.5,KC,8.333333333333334,4.333333333333333,0.14461538461538462,1.3333333333333333,10.685714285714287,2.9
2025,16,00-0040590,Konata Mumpfield,WR,LA,5.0,2.0,2.0,0.0,35.5,59.0,21.0,20.5,42.5,-1.5,SEA,0.5,0.6666666666666666,0.019524617996604415,0.0,25.157142857142855,7.0
2025,16,00-0040644,Trevor Etienne,RB,CAR,1.0,2.0,2.0,0.0,37.2,60.0,52.0,20.75,44.5,-3.0,TB,0.4666666666666666,0.3333333333333333,0.016666666666666666,0.0,24.27857142857143,0.0
2025,16,00-0040663,Harold Fannin Jr.,TE,CLE,100.0,67.0,35.0,50.0,70.0,38.0,20.0,15.5,41.5,-10.5,BUF,16.900000000000002,10.666666666666666,0.351078652100096,1.0,6.864285714285715,19.5
2025,16,00-0040666,Omarion Hampton,RB,LAC,60.0,48.0,54.0,67.0,84.3,76.0,53.0,24.5,50.5,-1.5,DAL,11.733333333333334,16.333333333333332,0.5405752898404599,2.6666666666666665,24.514285714285712,16.5
2025,16,00-0040667,Matthew Golden,WR,GB,21.0,15.0,9.0,0.0,49.8,66.0,59.0,22.0,45.5,-1.5,CHI,3.966666666666667,2.6666666666666665,0.09152979066022544,0.0,34.59285714285714,0.4
2025,16,00-0040668,Shedeur Sanders,QB,CLE,81.0,67.0,41.0,42.0,68.7,38.0,30.0,15.5,41.5,-10.5,BUF,18.5,36.0,0.10241935483870968,4.333333333333333,15.812857142857142,15.18
2025,16,00-0040669,Isaac TeSlaa,WR,DET,15.0,27.0,7.0,50.0,53.1,100.0,58.0,30.0,52.5,7.5,PIT,7.166666666666667,2.0,0.06572135236538179,1.0,34.3,15.2
2025,16,00-0040676,Cam Ward,QB,TEN,74.0,41.0,24.0,45.0,83.9,44.0,35.0,17.0,37.5,-3.5,KC,11.473333333333334,33.0,0.05952380952380953,4.666666666666667,16.784285714285712,18.02
2025,16,00-0040691,Jaxson Dart,QB,NYG,81.0,77.0,89.0,45.0,80.0,55.0,20.0,19.5,41.5,-2.5,MIN,21.326666666666668,36.0,0.22139699381078692,4.666666666666667,13.948571428571428,2.02
2025,16,00-0040704,Dillon Gabriel,QB,CLE,37.0,28.0,32.0,19.0,31.2,38.0,30.0,15.5,41.5,-10.5,BUF,7.666666666666667,16.666666666666668,0.07875,2.0,15.812857142857142,0.0
2025,16,00-0040705,Chimere Dike,WR,TEN,49.0,25.0,25.0,67.0,59.8,44.0,36.0,17.0,37.5,-3.5,KC,6.766666666666666,6.333333333333333,0.24934065934065938,1.3333333333333333,28.70714285714286,13.0
2025,16,00-0040727,Tre Harris,WR,LAC,31.0,21.0,17.0,17.0,74.2,76.0,80.0,24.5,50.5,-1.5,DAL,5.666666666666667,4.0,0.17371326867894374,0.3333333333333333,39.714285714285715,9.4
2025,16,00-0040729,Jack Bech,WR,LV,31.0,24.0,16.0,50.0,65.0,25.0,21.0,12.5,39.5,-14.5,HOU,6.3,4.0,0.15688311688311687,1.0,25.021428571428572,6.3
2025,16,00-0040730,RJ Harvey,RB,DEN,73.0,76.0,70.0,100.0,86.8,79.0,22.0,25.0,46.5,3.5,JAC,18.566666666666666,20.0,0.7044693347558458,4.666666666666667,17.892857142857142,22.1
2025,16,00-0040734,TreVeyon Henderson,RB,NE,66.0,72.0,64.0,42.0,73.4,68.0,50.0,22.5,48.5,-3.5,BAL,17.6,18.0,0.6369548656756666,1.6666666666666667,23.857142857142858,2.2
2025,16,00-0040737,Terrance Ferguson,TE,LA,16.0,2.0,5.0,33.0,56.5,59.0,52.0,20.5,42.5,-1.5,SEA,0.5333333333333333,1.6666666666666667,0.05298790584585717,0.6666666666666666,15.328571428571427,12.3
2025,16,00-0040743,Tyler Shough,QB,NO,83.0,73.0,100.0,39.0,88.8,70.0,45.0,23.0,39.5,6.5,NYJ,20.233333333333334,37.0,0.25365740740740744,4.0,18.544285714285714,17.12
2025,16,00-0040782,Isaiah Bond,WR,CLE,23.0,18.0,10.0,0.0,56.1,38.0,36.0,15.5,41.5,-10.5,BUF,4.866666666666667,3.0,0.10029280775571466,0.0,28.821428571428573,2.0
2025,16,00-0040784,Quinshon Judkins,RB,CLE,72.0,38.0,84.0,25.0,77.8,38.0,61.0,15.5,41.5,-10.5,BUF,9.333333333333334,19.666666666666668,0.843449964321744,1.0,26.37142857142857,10.1
2025,17,00-0022942,Philip Rivers,QB,IND,71.0,44.0,7.0,21.0,82.4,69.0,52.0,22.5,48.5,-3.5,JAC,13.94,31.5,0.016666666666666666,2.5,19.58533333333333,9.78
2025,17,00-0023459,Aaron Rodgers,QB,PIT,80.0,57.0,27.0,60.0,87.7,59.0,27.0,20.0,35.5,4.5,CLE,17.986666666666668,35.333333333333336,0.06635802469135803,7.0,14.644,7.32
2025,17,00-0026158,Joe Flacco,QB,CIN,60.0,25.0,12.0,14.0,41.1,100.0,44.0,29.75,52.5,7.0,ARI,7.88,26.666666666666668,0.029644268774703556,1.6666666666666667,18.02,1.16
2025,17,00-0026300,Josh Johnson,QB,WSH,23.0,5.0,15.0,0.0,56.8,63.0,80.0,21.0,50.5,-8.5,DAL,1.72,10.0,0.038461538461538464,0.0,25.288,8.92
2025,17,00-0026498,Matthew Stafford,QB,LA,91.0,81.0,11.0,54.0,87.9,93.0,44.0,28.0,48.5,7.5,ATL,25.679999999999996,40.333333333333336,0.02858826996758031,6.333333333333333,17.926666666666666,18.76
2025,17,00-0029604,Kirk Cousins,QB,ATL,86.0,58.0,18.0,69.0,77.1,61.0,42.0,20.5,48.5,-7.5,LA,18.326666666666668,38.0,0.04504504504504505,8.0,17.669333333333334,9.14
2025,17,00-0030035,Adam Thielen,WR,PIT,15.0,11.0,6.0,17.0,38.1,59.0,25.0,20.0,35.5,4.5,CLE,4.0,2.0,0.057534408411601394,0.3333333333333333,25.686666666666667,3.4
2025,17,00-0030279,Keenan Allen,WR,LAC,38.0,21.0,20.0,17.0,73.8,63.0,21.0,21.0,40.5,1.5,HOU,7.733333333333333,5.0,0.2044513457556936,0.3333333333333333,24.59333333333333,2.7
2025,17,00-0030506,Travis Kelce,TE,KC,55.0,22.0,22.0,0.0,55.0,25.0,48.0,12.0,37.5,-13.5,DEN,5.8,6.0,0.2180773249738767,0.0,14.32,8.6
2025,17,00-0030564,DeAndre Hopkins,WR,BAL,18.0,11.0,12.0,0.0,31.9,50.0,50.0,18.0,38.5,-2.5,GB,4.1000000000000005,2.3333333333333335,0.12121212121212122,0.0,32.43333333333333,0.0
2025,17,00-0030565,Geno Smith,QB,LV,53.0,41.0,26.0,34.0,86.5,54.0,56.0,18.75,40.5,-3.0,NYG,13.026666666666666,23.333333333333332,0.06481481481481481,4.0,20.437333333333335,11.14
2025,17,00-0031236,Brandin Cooks,WR,BUF,12.0,2.0,7.0,0.0,45.4,77.0,30.0,24.25,45.5,3.0,PHI,0.7666666666666666,1.6666666666666667,0.07147281060324538,0.0,27.12,14.1
2025,17,00-0031408,Mike Evans,WR,TB,62.0,30.0,27.0,50.0,51.7,80.0,33.0,25.0,44.5,5.5,MIA,11.1,8.333333333333334,0.27166666666666667,1.0,27.8,12.1
2025,17,00-0031588,Stefon Diggs,WR,NE,45.0,31.0,18.0,17.0,55.3,90.0,42.0,27.5,42.5,12.5,NYJ,11.333333333333334,6.0,0.1844155844155844,0.3333333333333333,30.246666666666666,22.1
2025,17,00-0031610,Darren Waller,TE,MIA,52.0,45.0,22.0,50.0,55.0,57.0,53.0,19.5,44.5,-5.5,TB,11.766666666666667,5.666666666666667,0.2219396051103368,1.0,15.646666666666668,1.0
2025,17,00-0032104,Ameer Abdullah,RB,IND,16.0,19.0,15.0,8.0,32.9,69.0,24.0,22.5,48.5,-3.5,JAC,4.666666666666667,4.333333333333333,0.14914529914529914,0.3333333333333333,18.5,1.4
2025,17,00-0032211,Tyler Lockett,WR,LV,25.0,11.0,13.0,0.0,65.4,54.0,58.0,18.75,40.5,-3.0,NYG,3.9,3.3333333333333335,0.13125541125541126,0.0,34.833333333333336,8.9
2025,17,00-0032392,Austin Hooper,TE,NE,27.0,16.0,8.0,17.0,51.3,90.0,47.0,27.5,42.5,12.5,NYJ,4.1000000000000005,3.0,0.08364432502363538,0.3333333333333333,14.174666666666667,9.1
2025,17,00-0032398,Chris Moore,WR,WSH,12.0,4.0,6.0,17.0,31.2,63.0,80.0,21.0,50.5,-8.5,DAL,1.5999999999999999,1.6666666666666667,0.0574712643678161,0.3333333333333333,40.766666666666666,2.5
2025,17,00-0032464,Kalif Raymond,WR,DET,20.0,23.0,6.0,0.0,46.1,85.0,20.0,26.25,45.5,7.0,MIN,8.299999999999999,2.6666666666666665,0.058367071524966264,0.0,24.266666666666666,1.5
2025,17,00-0032764,Derrick Henry,RB,BAL,71.0,63.0,56.0,75.0,70.8,50.0,29.0,18.0,38.5,-2.5,GB,15.333333333333334,18.666666666666668,0.563131313131313,3.0,19.48,45.6
2025,17,00-0032775,Demarcus Robinson,WR,SF,15.0,15.0,7.0,17.0,70.5,90.0,58.0,27.5,51.5,3.5,CHI,5.5,2.0,0.07086740420073753,0.3333333333333333,34.6,5.0
2025,17,00-0032951,Laquon Treadwell,WR,IND,0.0,0.0,0.0,0.0,56.8,69.0,54.0,22.5,48.5,-3.5,JAC,0.0,0.0,0.0,0.0,33.660000000000004,0.0
2025,17,00-0033077,Dak Prescott,QB,DAL,91.0,54.0,33.0,69.0,85.3,99.0,57.0,29.5,50.5,8.5,WSH,17.186666666666664,40.333333333333336,0.08255693581780538,8.0,20.654666666666667,22.68
2025,17,00-0033090,Hunter Henry,TE,NE,48.0,37.0,17.0,100.0,67.8,90.0,47.0,27.5,42.5,12.5,NYJ,9.866666666666667,5.333333333333333,0.16767676767676765,2.0,14.174666666666667,13.9
2025,17,00-0033106,Jared Goff,QB,DET,99.0,72.0,23.0,83.0,86.0,85.0,20.0,26.25,45.5,7.0,MIN,22.713333333333335,44.0,0.05808080808080809,9.666666666666666,13.153333333333334,12.08
2025,17,00-0033119,Jacoby Brissett,QB,ARI,92.0,59.0,63.0,63.0,84.6,70.0,60.0,22.75,52.5,-7.0,CIN,18.74,41.0,0.15734989648033126,7.333333333333333,21.174666666666667,16.48
2025,17,00-0033217,Mo Alie-Cox,TE,IND,15.0,7.0,5.0,17.0,58.2,69.0,51.0,22.5,48.5,-3.5,JAC,1.8333333333333333,1.6666666666666667,0.04778972520908004,0.3333333333333333,15.046666666666665,11.0
2025,17,00-0033246,Johnny Mundt,TE,JAC,21.0,12.0,10.0,17.0,77.1,84.0,53.0,26.0,48.5,3.5,IND,3.266666666666667,2.3333333333333335,0.09666227492314448,0.3333333333333333,15.693333333333333,0.0
2025,17,00-0033280,Christian McCaffrey,RB,SF,96.0,90.0,78.0,100.0,82.6,90.0,34.0,27.5,51.5,3.5,CHI,21.900000000000002,25.333333333333332,0.777454933085946,7.666666666666667,20.60666666666667,28.1
2025,17,00-0033293,Aaron Jones,RB,MIN,68.0,39.0,62.0,50.0,81.5,56.0,32.0,19.25,45.5,-7.0,DET,9.466666666666667,18.0,0.6183740646016861,2.0,20.259999999999998,15.3
2025,17,00-0033307,Kendrick Bourne,WR,SF,22.0,9.0,10.0,0.0,48.6,90.0,58.0,27.5,51.5,3.5,CHI,3.1333333333333333,3.0,0.10341510341510342,0.0,34.6,3.5
2025,17,00-0033357,Taysom Hill,TE,NO,73.0,22.0,28.0,0.0,32.9,61.0,43.0,20.5,39.5,1.5,TEN,5.806666666666666,8.0,0.283386524822695,0.0,13.126666666666667,0.0
2025,17,00-0033375,Tim Patrick,WR,JAC,20.0,21.0,9.0,67.0,31.2,84.0,65.0,26.0,48.5,3.5,IND,7.666666666666668,2.6666666666666665,0.08737327188940092,1.3333333333333333,36.71333333333333,0.0
2025,17,00-0033376,Patrick Ricard,RB,BAL,3.0,0.0,2.0,0.0,34.0,50.0,29.0,18.0,38.5,-2.5,GB,0.09999999999999999,0.6666666666666666,0.01936026936026936,0.0,19.48,0.0
2025,17,00-0033455,Anthony Firkser,TE,DET,18.0,14.0,5.0,33.0,41.8,85.0,38.0,26.25,45.5,7.0,MIN,3.6999999999999997,2.0,0.048739392825414334,0.6666666666666666,12.026666666666667,0.0
2025,17,00-0033526,Samaje Perine,RB,CIN,41.0,31.0,41.0,33.0,69.0,100.0,59.0,29.75,52.5,7.0,ARI,7.3999999999999995,10.666666666666666,0.4067028709028591,1.3333333333333333,26.033333333333335,8.3
2025,17,00-0033576,Eric Saubert,TE,SEA,3.0,2.0,1.0,17.0,31.2,78.0,43.0,24.5,42.5,6.5,CAR,0.6333333333333333,0.3333333333333333,0.010101010101010102,0.3333333333333333,13.16,0.0
2025,17,00-0033857,JuJu Smith-Schuster,WR,KC,18.0,3.0,9.0,17.0,44.0,25.0,36.0,12.0,37.5,-13.5,DEN,1.2333333333333334,2.3333333333333335,0.09470567746429814,0.3333333333333333,28.773333333333333,4.6
2025,17,00-0033858,Jonnu Smith,TE,PIT,21.0,17.0,8.0,0.0,49.2,59.0,37.0,20.0,35.5,4.5,CLE,4.466666666666666,2.3333333333333335,0.08016041787971613,0.0,11.860000000000001,7.7
2025,17,00-0033881,Evan Engram,TE,DEN,27.0,13.0,8.0,0.0,72.6,82.0,35.0,25.5,37.5,13.5,KC,3.533333333333333,3.0,0.07984335038363172,0.0,11.26,6.1
2025,17,00-0033908,Cooper Kupp,WR,SEA,35.0,25.0,15.0,100.0,75.1,78.0,34.0,24.5,42.5,6.5,CAR,9.333333333333334,4.666666666666667,0.14705115672857608,2.0,27.993333333333332,1.6
2025,17,00-0033921,Chris Godwin Jr.,WR,TB,48.0,28.0,23.0,50.0,82.8,80.0,33.0,25.0,44.5,5.5,MIA,10.166666666666666,6.333333333333333,0.22732142857142856,1.0,27.8,23.8
2025,17,00-0033923,Kareem Hunt,RB,KC,30.0,17.0,33.0,42.0,50.1,25.0,20.0,12.0,37.5,-13.5,DEN,4.066666666666666,8.0,0.33355227148330596,1.6666666666666667,17.64,3.8
2025,17,00-0033949,Joshua Dobbs,QB,NE,8.0,0.0,32.0,0.0,62.2,90.0,46.0,27.5,42.5,12.5,NYJ,0.03999999999999998,3.5,0.07950191570881227,0.0,18.449333333333335,1.1
2025,17,00-0033955,Jeremy McNichols,RB,WSH,19.0,10.0,18.0,8.0,47.8,63.0,50.0,21.0,50.5,-8.5,DAL,2.5333333333333337,5.0,0.1814015939015939,0.3333333333333333,24.146666666666665,4.0
2025,17,00-0034159,Will Dissly,TE,LAC,15.0,9.0,6.0,0.0,41.0,63.0,39.0,21.0,40.5,1.5,HOU,2.3000000000000003,1.6666666666666667,0.05637987884364695,0.0,12.253333333333334,3.9
2025,17,00-0034272,Marquez Valdes-Scantling,WR,PIT,12.0,10.0,5.0,17.0,45.4,59.0,25.0,20.0,35.5,4.5,CLE,3.5,1.6666666666666667,0.04876247858703999,0.3333333333333333,25.686666666666667,5.1
2025,17,00-0034348,Courtland Sutton,WR,DEN,80.0,52.0,29.0,100.0,85.7,82.0,36.0,25.5,37.5,13.5,KC,19.033333333333335,10.666666666666666,0.28916240409207167,2.0,28.540000000000003,8.0
2025,17,00-0034351,Dallas Goedert,TE,PHI,61.0,67.0,25.0,83.0,66.3,64.0,20.0,21.25,45.5,-3.0,BUF,17.666666666666668,6.666666666666667,0.2518316864959333,1.6666666666666667,7.706666666666667,9.8
2025,17,00-0034383,Dalton Schultz,TE,HOU,55.0,52.0,21.0,50.0,62.5,57.0,34.0,19.5,40.5,-1.5,LAC,13.766666666666667,6.0,0.21378693927713535,1.0,11.020000000000001,4.9
2025,17,00-0034418,Cedrick Wilson Jr.,WR,MIA,10.0,6.0,5.0,0.0,70.8,57.0,48.0,19.5,44.5,-5.5,TB,2.1333333333333333,1.3333333333333333,0.05424710424710425,0.0,31.866666666666667,1.8
2025,17,00-0034613,Tanner Hudson,TE,CIN,21.0,10.0,7.0,17.0,42.0,100.0,54.0,29.75,52.5,7.0,ARI,2.6999999999999997,2.3333333333333335,0.06630824372759857,0.3333333333333333,15.773333333333333,5.1
2025,17,00-0034681,Chase Edmonds,RB,WSH,0.0,0.0,0.0,0.0,56.8,63.0,50.0,21.0,50.5,-8.5,DAL,0.0,0.0,0.0,0.0,24.146666666666665,0.0
2025,17,00-0034753,Mark Andrews,TE,BAL,36.0,13.0,19.0,50.0,77.0,50.0,39.0,18.0,38.5,-2.5,GB,3.3666666666666667,4.0,0.19393939393939394,1.0,12.253333333333334,6.8
2025,17,00-0034775,Christian Kirk,WR,HOU,35.0,22.0,16.0,50.0,59.5,57.0,29.0,19.5,40.5,-1.5,LAC,8.233333333333333,4.666666666666667,0.1574852163087457,1.0,26.628,2.1
2025,17,00-0034791,Nick Chubb,RB,HOU,22.0,20.0,19.0,25.0,43.4,57.0,27.0,19.5,40.5,-1.5,LAC,4.966666666666667,5.666666666666667,0.18571498078139448,1.0,19.133333333333333,0.1
2025,17,00-0034798,Durham Smythe,TE,CHI,6.0,3.0,2.0,0.0,38.9,76.0,50.0,24.0,51.5,-3.5,SF,0.8666666666666666,0.6666666666666666,0.023015873015873017,0.0,14.833333333333334,2.1
2025,17,00-0034827,DJ Moore,WR,CHI,40.0,41.0,19.0,33.0,57.5,76.0,50.0,24.0,51.5,-3.5,SF,15.133333333333333,5.333333333333333,0.19072296371146946,0.6666666666666666,32.513333333333335,1.7
2025,17,00-0034829,Mike Gesicki,TE,CIN,36.0,44.0,12.0,33.0,56.4,100.0,54.0,29.75,52.5,7.0,ARI,11.733333333333334,4.0,0.11708482676224612,0.6666666666666666,15.773333333333333,6.7
2025,17,00-0034844,Saquon Barkley,RB,PHI,89.0,75.0,72.0,100.0,91.9,64.0,61.0,21.25,45.5,-3.0,BUF,18.2,23.333333333333332,0.7246653093539742,5.333333333333333,26.293333333333333,6.8
2025,17,00-0034855,Baker Mayfield,QB,TB,76.0,50.0,43.0,34.0,90.5,80.0,51.0,25.0,44.5,5.5,MIA,15.653333333333334,33.666666666666664,0.10683760683760685,4.0,19.506666666666668,23.44
2025,17,00-0034857,Josh Allen,QB,BUF,77.0,71.0,100.0,74.0,75.2,77.0,31.0,24.25,45.5,3.0,PHI,22.42,34.0,0.28300714507611063,8.666666666666666,15.474666666666668,25.18
2025,17,00-0034860,Dante Pettis,WR,NO,2.0,0.0,1.0,0.0,41.8,61.0,57.0,20.5,39.5,1.5,TEN,0.0,0.3333333333333333,0.0070921985815602835,0.0,34.486666666666665,8.3
2025,17,00-0034869,Sam Darnold,QB,SEA,83.0,58.0,56.0,57.0,86.1,78.0,35.0,24.5,42.5,6.5,CAR,18.366666666666667,36.666666666666664,0.13906759906759905,6.666666666666667,16.238666666666667,10.08
2025,17,00-0034928,Steven Sims,WR,ARI,8.0,0.0,3.0,0.0,56.8,70.0,27.0,22.75,52.5,-7.0,CIN,0.0,1.0,0.034482758620689655,0.0,26.10533333333333,0.0
2025,17,00-0034960,Jakobi Meyers,WR,JAC,72.0,32.0,31.0,67.0,81.1,84.0,65.0,26.0,48.5,3.5,IND,11.833333333333334,9.666666666666666,0.3106463702565853,1.3333333333333333,36.71333333333333,9.9
2025,17,00-0035021,Ashton Dulin,WR,IND,5.0,7.0,2.0,0.0,34.0,69.0,54.0,22.5,48.5,-3.5,JAC,2.6666666666666665,0.6666666666666666,0.01888276947285602,0.0,33.660000000000004,0.0
2025,17,00-0035249,Josh Oliver,TE,MIN,18.0,29.0,9.0,33.0,50.5,56.0,44.0,19.25,45.5,-7.0,DET,7.699999999999999,2.0,0.08635265700483091,0.6666666666666666,13.373333333333333,1.8
2025,17,00-0035250,Devin Singletary,RB,NYG,42.0,37.0,41.0,17.0,53.9,66.0,46.0,21.75,40.5,3.0,LV,9.066666666666666,11.0,0.4101065920031437,0.6666666666666666,23.273333333333333,17.0
2025,17,00-0035261,Tony Pollard,RB,TEN,78.0,78.0,67.0,42.0,77.6,55.0,41.0,19.0,39.5,-1.5,NO,18.833333333333332,20.666666666666668,0.672069597069597,1.6666666666666667,22.066666666666666,11.5
2025,17,00-0035291,Trayveon Williams,RB,CLE,18.0,18.0,20.0,0.0,51.2,40.0,34.0,15.5,35.5,-4.5,PIT,4.366666666666666,4.666666666666667,0.20036837913181996,0.0,20.633333333333333,1.0
2025,17,00-0035298,Scott Miller,WR,PIT,12.0,6.0,5.0,33.0,46.4,59.0,25.0,20.0,35.5,4.5,CLE,2.266666666666667,1.6666666666666667,0.051883971291866025,0.6666666666666666,25.686666666666667,5.5
2025,17,00-0035359,David Sills,WR,ATL,38.0,13.0,14.0,67.0,36.1,61.0,54.0,20.5,48.5,-7.5,LA,4.6000000000000005,5.0,0.13902087072818778,1.3333333333333333,33.63333333333333,6.7
2025,17,00-0035406,Lil'Jordan Humphrey,WR,DEN,22.0,19.0,9.0,17.0,59.5,82.0,36.0,25.5,37.5,13.5,KC,6.933333333333334,3.0,0.08557118499573742,0.3333333333333333,28.540000000000003,4.3
2025,17,00-0035535,Darius Slayton,WR,NYG,38.0,21.0,19.0,17.0,51.1,66.0,56.0,21.75,40.5,3.0,LV,7.733333333333334,5.0,0.18554131054131054,0.3333333333333333,34.126666666666665,5.6
2025,17,00-0035537,Ty Johnson,RB,BUF,19.0,27.0,17.0,42.0,81.0,77.0,47.0,24.25,45.5,3.0,PHI,6.433333333333333,5.0,0.16900587590242763,1.6666666666666667,23.426666666666666,7.8
2025,17,00-0035544,Tom Kennedy,WR,DET,0.0,0.0,0.0,0.0,56.8,85.0,20.0,26.25,45.5,7.0,MIN,0.0,0.0,0.0,0.0,24.266666666666666,0.0
2025,17,00-0035594,Travis Homer,RB,CHI,1.0,-0.0,1.0,0.0,41.8,76.0,43.0,24.0,51.5,-3.5,SF,-0.06666666666666667,0.3333333333333333,0.008547008547008546,0.0,22.486666666666668,0.0
2025,17,00-0035602,Alex Bachman,WR,LV,2.0,1.0,2.0,0.0,31.2,54.0,58.0,18.75,40.5,-3.0,NYG,0.43333333333333335,0.3333333333333333,0.015151515151515152,0.0,34.833333333333336,0.0
2025,17,00-0035628,D'Ernest Johnson,RB,NE,6.0,1.0,6.0,8.0,42.8,90.0,59.0,27.5,42.5,12.5,NYJ,0.2333333333333333,1.6666666666666667,0.06128747795414461,0.3333333333333333,25.98,0.5
2025,17,00-0035631,Drew Sample,TE,CIN,21.0,14.0,7.0,0.0,80.7,100.0,54.0,29.75,52.5,7.0,ARI,3.6666666666666665,2.3333333333333335,0.0652764201151298,0.0,15.773333333333333,1.8
2025,17,00-0035644,Noah Fant,TE,CIN,15.0,7.0,4.0,17.0,76.8,100.0,54.0,29.75,52.5,7.0,ARI,1.8999999999999997,1.6666666666666667,0.04347395523866112,0.3333333333333333,15.773333333333333,0.0
2025,17,00-0035645,Gunner Olszewski,WR,NYG,0.0,5.0,0.0,0.0,46.2,66.0,56.0,21.75,40.5,3.0,LV,1.7733333333333334,0.0,0.0,0.0,34.126666666666665,2.9
2025,17,00-0035659,Terry McLaurin,WR,WSH,35.0,28.0,25.0,17.0,77.1,63.0,80.0,21.0,50.5,-8.5,DAL,10.433333333333335,4.666666666666667,0.25,0.3333333333333333,40.766666666666666,11.3
2025,17,00-0035662,Marquise Brown,WR,KC,18.0,18.0,9.0,17.0,72.9,25.0,36.0,12.0,37.5,-13.5,DEN,6.566666666666666,2.3333333333333335,0.08927638453500523,0.3333333333333333,28.773333333333333,1.7
2025,17,00-0035676,A.J. Brown,WR,PHI,68.0,42.0,29.0,17.0,67.8,64.0,33.0,21.25,45.5,-3.0,BUF,15.533333333333333,9.0,0.28900315923909387,0.3333333333333333,27.84,11.8
2025,17,00-0035685,David Montgomery,RB,DET,24.0,34.0,34.0,33.0,66.8,85.0,35.0,26.25,45.5,7.0,MIN,8.299999999999999,6.333333333333333,0.33821148668347306,1.3333333333333333,20.833333333333332,6.0
2025,17,00-0035689,Dawson Knox,TE,BUF,39.0,45.0,17.0,100.0,57.0,77.0,22.0,24.25,45.5,3.0,PHI,12.0,4.333333333333333,0.17473884140550808,2.3333333333333335,8.146666666666667,8.0
2025,17,00-0035700,Josh Jacobs,RB,GB,65.0,65.0,63.0,67.0,70.3,61.0,47.0,20.5,38.5,2.5,BAL,15.733333333333334,17.0,0.6318604101212797,2.6666666666666665,23.466666666666665,1.3
2025,17,00-0035719,Deebo Samuel Sr.,WR,WSH,38.0,19.0,27.0,17.0,88.9,63.0,80.0,21.0,50.5,-8.5,DAL,6.833333333333333,5.0,0.2708333333333333,0.3333333333333333,40.766666666666666,11.3
2025,17,00-0035956,Giovanni Ricci,TE,DET,0.0,0.0,0.0,0.0,56.8,85.0,38.0,26.25,45.5,7.0,MIN,0.0,0.0,0.0,0.0,12.026666666666667,0.0
2025,17,00-0035993,Tyler Huntley,QB,BAL,34.0,20.0,55.0,29.0,34.5,50.0,37.0,18.0,38.5,-2.5,GB,6.413333333333334,15.0,0.13805916305916308,3.3333333333333335,16.58,14.28
2025,17,00-0036040,Juwan Johnson,TE,NO,52.0,40.0,17.0,17.0,68.3,61.0,43.0,20.5,39.5,1.5,TEN,10.566666666666666,5.666666666666667,0.17350720658888127,0.3333333333333333,13.126666666666667,13.5
2025,17,00-0036133,James Proche,WR,TEN,8.0,2.0,4.0,0.0,68.5,55.0,31.0,19.0,39.5,-1.5,NO,0.7666666666666666,1.0,0.03567765567765568,0.0,27.19333333333333,1.5
2025,17,00-0036139,Rico Dowdle,RB,CAR,66.0,42.0,59.0,25.0,88.3,50.0,29.0,18.0,42.5,-6.5,SEA,10.200000000000001,17.333333333333332,0.5865591397849462,1.0,19.566666666666666,9.3
2025,17,00-0036165,Isaiah Hodgins,WR,NYG,22.0,14.0,9.0,33.0,36.5,66.0,56.0,21.75,40.5,3.0,LV,5.0,3.0,0.09123093681917212,0.6666666666666666,34.126666666666665,1.8
2025,17,00-0036176,Mason Kinsey,WR,TEN,8.0,2.0,3.0,0.0,31.2,55.0,31.0,19.0,39.5,-1.5,NO,0.7999999999999999,1.0,0.027777777777777776,0.0,27.19333333333333,4.4
2025,17,00-0036187,Reggie Gilliam,RB,BUF,0.0,0.0,0.0,0.0,56.8,77.0,47.0,24.25,45.5,3.0,PHI,0.0,0.0,0.0,0.0,23.426666666666666,0.0
2025,17,00-0036196,Gabe Davis,WR,BUF,15.0,8.0,7.0,33.0,83.7,77.0,30.0,24.25,45.5,3.0,PHI,2.9333333333333336,2.0,0.0745101986044015,0.6666666666666666,27.12,0.0
2025,17,00-0036223,Jonathan Taylor,RB,IND,87.0,60.0,89.0,75.0,88.9,69.0,24.0,22.5,48.5,-3.5,JAC,14.466666666666667,23.0,0.8927350427350428,3.0,18.5,17.4
2025,17,00-0036244,Colby Parkinson,TE,LA,48.0,51.0,14.0,100.0,64.7,93.0,25.0,28.0,48.5,7.5,ATL,13.6,5.333333333333333,0.14294472740992267,2.3333333333333335,8.886666666666665,11.3
2025,17,00-0036252,Michael Pittman,WR,IND,55.0,27.0,22.0,17.0,60.9,69.0,54.0,22.5,48.5,-3.5,JAC,9.9,7.333333333333333,0.22150997150997154,0.3333333333333333,33.660000000000004,3.6
2025,17,00-0036259,Jauan Jennings,WR,SF,42.0,46.0,22.0,100.0,87.9,90.0,58.0,27.5,51.5,3.5,CHI,16.9,5.666666666666667,0.21757255090588423,2.6666666666666665,34.6,12.2
2025,17,00-0036275,D'Andre Swift,RB,CHI,65.0,59.0,57.0,75.0,79.2,76.0,43.0,24.0,51.5,-3.5,SF,14.266666666666667,17.0,0.5668547475300348,3.0,22.486666666666668,21.9
2025,17,00-0036290,Cole Kmet,TE,CHI,30.0,18.0,12.0,33.0,83.2,76.0,50.0,24.0,51.5,-3.5,SF,4.8,3.3333333333333335,0.11957976038435808,0.6666666666666666,14.833333333333334,3.6
2025,17,00-0036309,Darnell Mooney,WR,ATL,30.0,11.0,12.0,17.0,63.4,61.0,54.0,20.5,48.5,-7.5,LA,4.166666666666667,4.0,0.11660155562594587,0.3333333333333333,33.63333333333333,5.5
2025,17,00-0036322,Justin Jefferson,WR,MIN,50.0,20.0,29.0,83.0,60.4,56.0,70.0,19.25,45.5,-7.0,DET,7.266666666666667,6.666666666666667,0.28502415458937197,1.6666666666666667,37.88133333333334,7.0
2025,17,00-0036331,Devin Duvernay,WR,CHI,2.0,3.0,1.0,0.0,31.2,76.0,50.0,24.0,51.5,-3.5,SF,1.1333333333333333,0.3333333333333333,0.011904761904761904,0.0,32.513333333333335,0.0
2025,17,00-0036332,Josiah Deguara,TE,ARI,9.0,2.0,3.0,0.0,66.8,70.0,80.0,22.75,52.5,-7.0,CIN,0.5333333333333333,1.0,0.026316387260914998,0.0,22.1,0.0
2025,17,00-0036355,Justin Herbert,QB,LAC,78.0,62.0,77.0,34.0,81.8,63.0,26.0,21.0,40.5,1.5,HOU,19.586666666666666,34.666666666666664,0.1915158848008213,4.0,14.277333333333333,17.14
2025,17,00-0036358,CeeDee Lamb,WR,DAL,62.0,42.0,22.0,83.0,83.5,99.0,59.0,29.5,50.5,8.5,WSH,15.433333333333335,8.333333333333334,0.22489235055724419,1.6666666666666667,35.05333333333333,9.6
2025,17,00-0036389,Jalen Hurts,QB,PHI,77.0,56.0,69.0,49.0,78.8,64.0,33.0,21.25,45.5,-3.0,BUF,17.566666666666666,34.333333333333336,0.17160617438464745,5.666666666666667,15.770666666666667,8.9
2025,17,00-0036407,Jerry Jeudy,WR,CLE,32.0,23.0,14.0,0.0,70.2,40.0,61.0,15.5,35.5,-4.5,PIT,8.333333333333334,4.333333333333333,0.13625311786036176,0.0,35.53333333333333,10.4
2025,17,00-0036410,Tee Higgins,WR,CIN,50.0,45.0,19.0,33.0,58.8,100.0,38.0,29.75,52.5,7.0,ARI,16.533333333333335,6.666666666666667,0.1929334457797456,0.6666666666666666,29.186666666666667,9.9
2025,17,00-0036414,Cam Akers,RB,SEA,11.0,15.0,10.0,0.0,42.8,78.0,50.0,24.5,42.5,6.5,CAR,3.59,3.0,0.10147849462365591,0.0,24.14,0.0
2025,17,00-0036415,Van Jefferson,WR,TEN,27.0,12.0,14.0,0.0,76.8,55.0,31.0,19.0,39.5,-1.5,NO,4.466666666666666,3.6666666666666665,0.1421272554605888,0.0,27.19333333333333,7.6
2025,17,00-0036422,Adam Trautman,TE,DEN,27.0,19.0,7.0,0.0,72.8,82.0,35.0,25.5,37.5,13.5,KC,4.933333333333334,3.0,0.07309300531806925,0.0,11.26,4.4
2025,17,00-0036425,DeeJay Dallas,RB,JAC,1.0,0.0,1.0,8.0,41.8,84.0,36.0,26.0,48.5,3.5,IND,0.0,0.3333333333333333,0.008771929824561403,0.3333333333333333,21.066666666666666,2.1
2025,17,00-0036427,Tyler Johnson,WR,NYJ,18.0,16.0,10.0,17.0,35.2,38.0,40.0,15.0,42.5,-12.5,NE,5.7,2.3333333333333335,0.09757821623947387,0.3333333333333333,29.726666666666667,1.3
2025,17,00-0036429,Charlie Woerner,TE,ATL,18.0,12.0,8.0,17.0,55.3,61.0,40.0,20.5,48.5,-7.5,LA,3.3000000000000003,2.0,0.07636117270263611,0.3333333333333333,12.586666666666668,0.0
2025,17,00-0036442,Joe Burrow,QB,CIN,83.0,69.0,19.0,37.0,82.2,100.0,44.0,29.75,52.5,7.0,ARI,21.939999999999998,37.0,0.04862953138815208,4.333333333333333,18.02,20.4
2025,17,00-0036550,Rashod Bateman,WR,BAL,15.0,4.0,7.0,33.0,51.1,50.0,50.0,18.0,38.5,-2.5,GB,1.4333333333333333,2.0,0.07474747474747474,0.6666666666666666,32.43333333333333,1.7
2025,17,00-0036554,Nico Collins,WR,HOU,52.0,45.0,24.0,50.0,72.8,57.0,29.0,19.5,40.5,-1.5,LAC,16.5,7.0,0.2382827774984638,1.0,26.628,8.7
2025,17,00-0036555,Chuba Hubbard,RB,CAR,44.0,41.0,39.0,33.0,54.8,50.0,29.0,18.0,42.5,-6.5,SEA,9.866666666666665,11.666666666666666,0.3884408602150538,1.3333333333333333,19.566666666666666,4.8
2025,17,00-0036590,Quintin Morris,TE,JAC,9.0,7.0,3.0,0.0,31.2,84.0,53.0,26.0,48.5,3.5,IND,1.8333333333333333,1.0,0.03333333333333333,0.0,15.693333333333333,0.0
2025,17,00-0036613,Jaylen Waddle,WR,MIA,52.0,32.0,28.0,17.0,67.3,57.0,48.0,19.5,44.5,-5.5,TB,11.633333333333333,7.0,0.2797173828881146,0.3333333333333333,31.866666666666667,0.7
2025,17,00-0036637,Noah Gray,TE,KC,21.0,10.0,7.0,0.0,35.1,25.0,48.0,12.0,37.5,-13.5,DEN,2.6333333333333333,2.3333333333333335,0.06549051055867415,0.0,14.32,1.2
2025,17,00-0036755,Jaret Patterson,RB,LAC,27.0,22.0,20.0,50.0,40.6,63.0,31.0,21.0,40.5,1.5,HOU,5.3,7.0,0.19602400600150038,2.0,19.98,0.1
2025,17,00-0036842,Kene Nwangwu,RB,NYJ,0.0,0.0,0.0,0.0,56.8,38.0,27.0,15.0,42.5,-12.5,NE,0.0,0.0,0.0,0.0,19.153333333333332,3.1
2025,17,00-0036849,Tutu Atwell,WR,LA,20.0,24.0,6.0,17.0,61.3,93.0,53.0,28.0,48.5,7.5,ATL,8.966666666666667,2.6666666666666665,0.06319603356216628,0.3333333333333333,33.46666666666667,0.0
2025,17,00-0036875,Rhamondre Stevenson,RB,NE,44.0,52.0,44.0,25.0,82.1,90.0,59.0,27.5,42.5,12.5,NYJ,12.5,11.666666666666666,0.43647046606566847,1.0,25.98,27.2
2025,17,00-0036876,Kylen Granson,TE,PHI,0.0,0.0,0.0,0.0,56.8,64.0,20.0,21.25,45.5,-3.0,BUF,0.0,0.0,0.0,0.0,7.706666666666667,0.0
2025,17,00-0036894,Pat Freiermuth,TE,PIT,36.0,21.0,13.0,33.0,74.4,59.0,37.0,20.0,35.5,4.5,CLE,5.466666666666666,4.0,0.1271191446630043,0.6666666666666666,11.860000000000001,9.3
2025,17,00-0036900,Ja'Marr Chase,WR,CIN,90.0,48.0,36.0,17.0,75.5,100.0,38.0,29.75,52.5,7.0,ARI,17.766666666666666,12.0,0.35804565176381814,0.3333333333333333,29.186666666666667,25.0
2025,17,00-0036906,Khalil Herbert,RB,NYJ,4.0,1.0,3.0,0.0,31.2,38.0,27.0,15.0,42.5,-12.5,NE,0.16666666666666666,1.0,0.03225806451612903,0.0,19.153333333333332,0.5
2025,17,00-0036912,DeVonta Smith,WR,PHI,45.0,28.0,20.0,67.0,64.0,64.0,33.0,21.25,45.5,-3.0,BUF,10.299999999999999,6.0,0.19916649862203398,1.3333333333333333,27.84,4.5
2025,17,00-0036919,Kenny Gainwell,RB,PIT,59.0,82.0,57.0,50.0,81.5,59.0,41.0,20.0,35.5,4.5,CLE,19.86666666666667,15.666666666666666,0.5677366817717695,2.0,22.072,6.8
2025,17,00-0036924,Michael Carter,RB,ARI,48.0,34.0,54.0,8.0,64.8,70.0,80.0,22.75,52.5,-7.0,CIN,8.333333333333334,12.666666666666666,0.5414503388542685,0.3333333333333333,30.458666666666666,6.3
2025,17,00-0036959,Michael Bandy,WR,DEN,5.0,11.0,2.0,17.0,35.8,82.0,36.0,25.5,37.5,13.5,KC,3.8666666666666667,0.6666666666666666,0.02022058823529412,0.3333333333333333,28.540000000000003,3.4
2025,17,00-0036963,Amon-Ra St. Brown,WR,DET,90.0,60.0,31.0,100.0,58.7,85.0,20.0,26.25,45.5,7.0,MIN,22.0,12.0,0.31236123808280003,3.6666666666666665,24.266666666666666,14.8
2025,17,00-0036970,Kyle Pitts,TE,ATL,94.0,100.0,31.0,100.0,75.0,61.0,40.0,20.5,48.5,-7.5,LA,26.433333333333334,10.333333333333334,0.3075176855664661,2.0,12.586666666666668,3.6
2025,17,00-0036971,Trevor Lawrence,QB,JAC,85.0,100.0,71.0,100.0,84.3,84.0,43.0,26.0,48.5,3.5,IND,31.60666666666667,37.666666666666664,0.17746913580246915,11.666666666666666,17.884,25.12
2025,17,00-0036973,Travis Etienne,RB,JAC,73.0,95.0,66.0,75.0,83.4,84.0,36.0,26.0,48.5,3.5,IND,23.099999999999998,19.333333333333332,0.6600031290891505,3.0,21.066666666666666,11.2
2025,17,00-0036988,Josh Palmer,WR,BUF,18.0,7.0,9.0,0.0,60.8,77.0,30.0,24.25,45.5,3.0,PHI,2.6333333333333333,2.3333333333333335,0.08582621082621082,0.0,27.12,2.2
2025,17,00-0036997,Javonte Williams,RB,DAL,61.0,50.0,60.0,58.0,75.7,99.0,56.0,29.5,50.5,8.5,WSH,12.033333333333331,16.0,0.6047361166174765,2.3333333333333335,25.293333333333333,11.4
2025,17,00-0037005,Tommy Tremble,TE,CAR,21.0,8.0,11.0,0.0,55.2,50.0,54.0,18.0,42.5,-6.5,SEA,2.0333333333333337,2.3333333333333335,0.11075268817204302,0.0,15.76,1.6
2025,17,00-0037085,Tyler Badie,RB,DEN,11.0,7.0,9.0,8.0,49.2,82.0,28.0,25.5,37.5,13.5,KC,1.8,3.0,0.08793673016432961,0.3333333333333333,19.293333333333333,0.0
2025,17,00-0037086,Grant Calcaterra,TE,PHI,9.0,4.0,4.0,0.0,68.7,64.0,20.0,21.25,45.5,-3.0,BUF,1.0666666666666667,1.0,0.042270531400966184,0.0,7.706666666666667,1.3
2025,17,00-0037091,Bo Melton,WR,GB,10.0,10.0,5.0,0.0,34.0,61.0,61.0,20.5,38.5,2.5,BAL,3.8333333333333335,1.3333333333333333,0.05491143317230274,0.0,35.62,4.4
2025,17,00-0037093,Dareke Young,WR,SEA,0.0,0.0,0.0,0.0,56.8,78.0,34.0,24.5,42.5,6.5,CAR,0.0,0.0,0.0,0.0,27.993333333333332,0.0
2025,17,00-0037112,Jake Tonges,TE,SF,9.0,11.0,3.0,33.0,31.6,90.0,44.0,27.5,51.5,3.5,CHI,2.966666666666667,1.0,0.03169627307558342,0.6666666666666666,13.393333333333334,19.0
2025,17,00-0037132,Britain Covey,WR,PHI,0.0,0.0,0.0,0.0,56.8,64.0,33.0,21.25,45.5,-3.0,BUF,0.0,0.0,0.0,0.0,27.84,0.0
2025,17,00-0037197,Isiah Pacheco,RB,KC,44.0,26.0,56.0,50.0,60.4,25.0,20.0,12.0,37.5,-13.5,DEN,6.2,11.666666666666666,0.5618898343036274,2.0,17.64,3.2
2025,17,00-0037228,Jaylen Warren,RB,PIT,53.0,72.0,57.0,67.0,75.3,59.0,41.0,20.0,35.5,4.5,CLE,17.366666666666664,14.0,0.5672472426858391,2.6666666666666665,22.072,6.4
2025,17,00-0037231,Kevin Austin Jr.,WR,NO,22.0,9.0,8.0,17.0,42.3,61.0,57.0,20.5,39.5,1.5,TEN,3.3666666666666667,3.0,0.08317011790570891,0.3333333333333333,34.486666666666665,15.2
2025,17,00-0037238,Drake London,WR,ATL,62.0,43.0,29.0,50.0,78.9,61.0,54.0,20.5,48.5,-7.5,LA,15.666666666666666,8.333333333333334,0.29092302333681647,1.0,33.63333333333333,1.4
2025,17,00-0037239,Chris Olave,WR,NO,75.0,57.0,29.0,33.0,62.2,61.0,57.0,20.5,39.5,1.5,TEN,21.099999999999998,10.0,0.293582704186685,0.6666666666666666,34.486666666666665,25.9
2025,17,00-0037240,Jameson Williams,WR,DET,72.0,51.0,26.0,67.0,82.3,85.0,20.0,26.25,45.5,7.0,MIN,18.566666666666666,9.666666666666666,0.257337314637824,1.3333333333333333,24.266666666666666,5.7
2025,17,00-0037247,George Pickens,WR,DAL,60.0,37.0,21.0,67.0,67.0,99.0,59.0,29.5,50.5,8.5,WSH,13.666666666666666,8.0,0.2147226443768997,1.3333333333333333,35.05333333333333,11.8
2025,17,00-0037248,James Cook,RB,BUF,80.0,97.0,69.0,100.0,82.8,77.0,47.0,24.25,45.5,3.0,PHI,23.53333333333333,21.0,0.6891927294226144,5.666666666666667,23.426666666666666,8.7
2025,17,00-0037252,Greg Dulcich,TE,MIA,24.0,27.0,11.0,33.0,87.2,57.0,53.0,19.5,44.5,-5.5,TB,7.099999999999999,2.6666666666666665,0.10999999999999999,0.6666666666666666,15.646666666666668,16.1
2025,17,00-0037256,Rachaad White,RB,TB,28.0,25.0,22.0,33.0,58.2,80.0,48.0,25.0,44.5,5.5,MIA,6.033333333333334,7.333333333333333,0.22056651681651682,1.3333333333333333,23.593333333333337,3.7
2025,17,00-0037261,Khalil Shakir,WR,BUF,32.0,26.0,19.0,33.0,79.3,77.0,30.0,24.25,45.5,3.0,PHI,9.5,4.333333333333333,0.19373219373219372,0.6666666666666666,27.12,9.5
2025,17,00-0037263,Tyler Allgeier,RB,ATL,41.0,26.0,33.0,50.0,54.2,61.0,26.0,20.5,48.5,-7.5,LA,6.266666666666667,10.666666666666666,0.32808027969318293,2.0,18.94,2.3
2025,17,00-0037276,Ty Chandler,RB,MIN,0.0,0.0,0.0,0.0,56.8,56.0,32.0,19.25,45.5,-7.0,DET,0.0,0.0,0.0,0.0,20.259999999999998,2.4
2025,17,00-0037277,Teagan Quitoriano,TE,ATL,0.0,0.0,0.0,0.0,56.8,61.0,40.0,20.5,48.5,-7.5,LA,0.0,0.0,0.0,0.0,12.586666666666668,0.0
2025,17,00-0037291,Jalen Nailor,WR,MIN,27.0,23.0,15.0,33.0,50.5,56.0,70.0,19.25,45.5,-7.0,DET,8.5,3.6666666666666665,0.15425389157273217,0.6666666666666666,37.88133333333334,0.0
2025,17,00-0037324,Chris Oladokun,QB,KC,41.0,16.0,53.0,17.0,56.8,25.0,36.0,12.0,37.5,-13.5,DEN,5.140000000000001,18.0,0.13333333333333333,2.0,16.350666666666665,7.74
2025,17,00-0037475,Stone Smartt,TE,NYJ,18.0,11.0,6.0,0.0,31.2,38.0,54.0,15.0,42.5,-12.5,NE,2.8000000000000003,2.0,0.05977229601518027,0.0,15.885714285714286,3.8
2025,17,00-0037487,Deven Thompkins,WR,ATL,2.0,1.0,1.0,0.0,31.2,61.0,54.0,20.5,48.5,-7.5,LA,0.4666666666666666,0.3333333333333333,0.011904761904761904,0.0,33.63333333333333,0.0
2025,17,00-0037545,Rashid Shaheed,WR,SEA,38.0,24.0,17.0,17.0,57.2,78.0,34.0,24.5,42.5,6.5,CAR,8.633333333333333,5.0,0.16550016291951775,0.3333333333333333,27.993333333333332,1.8
2025,17,00-0037557,Ronnie Rivers,RB,LA,10.0,6.0,7.0,0.0,31.2,93.0,41.0,28.0,48.5,7.5,ATL,1.3666666666666665,2.6666666666666665,0.07407407407407407,0.0,22.046666666666667,0.5
2025,17,00-0037563,Malik Davis,RB,DAL,28.0,20.0,28.0,42.0,50.4,99.0,56.0,29.5,50.5,8.5,WSH,4.866666666666666,7.333333333333333,0.2814182194616977,1.6666666666666667,25.293333333333333,10.3
2025,17,00-0037594,Julius Chestnut,RB,TEN,1.0,0.0,1.0,0.0,31.2,55.0,41.0,19.0,39.5,-1.5,NO,0.03333333333333333,0.3333333333333333,0.008333333333333333,0.0,22.066666666666666,0.0
2025,17,00-0037614,John Metchie III,WR,NYJ,48.0,14.0,20.0,50.0,69.8,38.0,40.0,15.0,42.5,-12.5,NE,5.233333333333333,6.333333333333333,0.1995572422517394,1.0,29.726666666666667,7.1
2025,17,00-0037617,Hassan Haskins,RB,LAC,9.0,5.0,7.0,8.0,33.7,63.0,31.0,21.0,40.5,1.5,HOU,1.3,2.3333333333333335,0.07358305274971942,0.3333333333333333,19.98,0.0
2025,17,00-0037664,Alec Pierce,WR,IND,32.0,37.0,12.0,50.0,43.8,69.0,54.0,22.5,48.5,-3.5,JAC,13.4,4.333333333333333,0.12393162393162394,1.0,33.660000000000004,0.0
2025,17,00-0037666,Jalen Tolbert,WR,DAL,8.0,12.0,3.0,0.0,31.4,99.0,59.0,29.5,50.5,8.5,WSH,4.233333333333333,1.0,0.02946428571428571,0.0,35.05333333333333,7.1
2025,17,00-0037741,Jahan Dotson,WR,PHI,22.0,7.0,9.0,17.0,80.1,64.0,33.0,21.25,45.5,-3.0,BUF,2.6,3.0,0.09413188142770719,0.3333333333333333,27.84,0.0
2025,17,00-0037742,Treylon Burks,WR,WSH,20.0,5.0,14.0,17.0,40.4,63.0,80.0,21.0,50.5,-8.5,DAL,1.6666666666666667,2.6666666666666665,0.14166666666666666,0.3333333333333333,40.766666666666666,2.1
2025,17,00-0037744,Trey McBride,TE,ARI,91.0,69.0,27.0,100.0,62.8,70.0,80.0,22.75,52.5,-7.0,CIN,18.3,10.0,0.2741709288896222,3.0,22.1,23.6
2025,17,00-0037746,Brian Robinson,RB,SF,29.0,9.0,22.0,33.0,86.8,90.0,34.0,27.5,51.5,3.5,CHI,2.233333333333333,7.666666666666667,0.2236199001903586,1.3333333333333333,20.60666666666667,3.8
2025,17,00-0037755,Jelani Woods,TE,NYJ,18.0,0.0,6.0,50.0,56.8,38.0,54.0,15.0,42.5,-12.5,NE,0.0,2.0,0.058823529411764705,1.0,15.885714285714286,1.4
2025,17,00-0037801,KaVontae Turpin,WR,DAL,30.0,12.0,13.0,33.0,72.8,99.0,59.0,29.5,50.5,8.5,WSH,4.3,4.0,0.12967784091743387,0.6666666666666666,35.05333333333333,15.6
2025,17,00-0037805,Jeremy Ruckert,TE,NYJ,24.0,13.0,8.0,0.0,88.2,38.0,54.0,15.0,42.5,-12.5,NE,3.533333333333333,2.6666666666666665,0.08317520556609741,0.0,15.885714285714286,1.2
2025,17,00-0037809,Chig Okonkwo,TE,TEN,48.0,35.0,20.0,67.0,56.2,55.0,39.0,19.0,39.5,-1.5,NO,9.233333333333333,5.333333333333333,0.20235517568850903,1.3333333333333333,12.186666666666667,14.5
2025,17,00-0037816,Romeo Doubs,WR,GB,27.0,23.0,14.0,50.0,46.5,61.0,61.0,20.5,38.5,2.5,BAL,8.333333333333334,3.6666666666666665,0.1400966183574879,1.0,35.62,9.2
2025,17,00-0037834,Brock Purdy,QB,SF,78.0,82.0,41.0,89.0,86.9,90.0,55.0,27.5,51.5,3.5,CHI,26.073333333333334,34.666666666666664,0.10311090531803606,10.333333333333334,20.27466666666667,38.92
2025,17,00-0037838,Isaiah Likely,TE,BAL,36.0,34.0,13.0,50.0,38.9,50.0,39.0,18.0,38.5,-2.5,GB,9.0,4.0,0.1272727272727273,1.0,12.253333333333334,5.7
2025,17,00-0037840,Kyren Williams,RB,LA,76.0,70.0,56.0,92.0,77.1,93.0,41.0,28.0,48.5,7.5,ATL,17.0,20.0,0.5613093328903292,3.6666666666666665,22.046666666666667,16.0
2025,17,00-0038040,Zamir White,RB,LV,19.0,10.0,18.0,0.0,67.9,54.0,63.0,18.75,40.5,-3.0,NYG,2.4666666666666663,5.0,0.18422536746690155,0.0,26.9,0.2
2025,17,00-0038041,Jake Ferguson,TE,DAL,45.0,24.0,13.0,33.0,71.5,99.0,53.0,29.5,50.5,8.5,WSH,6.433333333333334,5.0,0.12940729483282673,0.6666666666666666,15.719999999999999,7.6
2025,17,00-0038046,Charlie Kolar,TE,BAL,6.0,7.0,3.0,0.0,37.7,50.0,39.0,18.0,38.5,-2.5,GB,1.8999999999999997,0.6666666666666666,0.02676767676767677,0.0,12.253333333333334,0.0
2025,17,00-0038090,Skyy Moore,WR,SF,2.0,3.0,1.0,0.0,31.2,90.0,58.0,27.5,51.5,3.5,CHI,1.0999999999999999,0.3333333333333333,0.010101010101010102,0.0,34.6,1.0
2025,17,00-0038102,Kenny Pickett,QB,LV,30.0,12.0,32.0,6.0,31.2,54.0,56.0,18.75,40.5,-3.0,NYG,3.9133333333333336,13.333333333333334,0.07905982905982906,0.6666666666666666,20.437333333333335,0.64
2025,17,00-0038115,Daniel Bellinger,TE,NYG,21.0,8.0,7.0,0.0,46.0,66.0,32.0,21.75,40.5,3.0,LV,2.1666666666666665,2.3333333333333335,0.06813913304785517,0.0,10.513333333333332,3.1
2025,17,00-0038117,Wan'Dale Robinson,WR,NYG,62.0,29.0,37.0,50.0,75.3,66.0,56.0,21.75,40.5,3.0,LV,10.666666666666666,8.333333333333334,0.3686609686609687,1.0,34.126666666666665,22.3
2025,17,00-0038120,Breece Hall,RB,NYJ,61.0,25.0,73.0,33.0,79.6,38.0,27.0,15.0,42.5,-12.5,NE,6.1000000000000005,16.0,0.7318785578747627,1.3333333333333333,19.153333333333332,20.9
2025,17,00-0038124,Christian Watson,WR,GB,38.0,31.0,19.0,67.0,61.5,61.0,61.0,20.5,38.5,2.5,BAL,11.5,5.0,0.18760064412238328,1.3333333333333333,35.62,22.3
2025,17,00-0038128,Malik Willis,QB,GB,20.0,21.0,42.0,23.0,31.6,61.0,46.0,20.5,38.5,2.5,BAL,6.553333333333334,9.0,0.10612334525378002,2.6666666666666665,18.494666666666667,33.52
2025,17,00-0038129,Cade Otton,TE,TB,24.0,14.0,10.0,33.0,75.2,80.0,60.0,25.0,44.5,5.5,MIA,3.766666666666667,2.6666666666666665,0.10095238095238096,0.6666666666666666,17.220000000000002,7.3
2025,17,00-0038134,Kenneth Walker III,RB,SEA,47.0,44.0,49.0,25.0,65.8,78.0,50.0,24.5,42.5,6.5,CAR,10.699999999999998,12.333333333333334,0.4869278391859037,1.0,24.14,7.7
2025,17,00-0038359,Xavier Smith,WR,LA,8.0,8.0,2.0,0.0,32.9,93.0,53.0,28.0,48.5,7.5,ATL,3.1,1.0,0.024641577060931896,0.0,33.46666666666667,10.7
2025,17,00-0038393,Dontayvion Wicks,WR,GB,30.0,30.0,14.0,17.0,37.0,61.0,61.0,20.5,38.5,2.5,BAL,10.933333333333332,4.0,0.13786717752234995,0.3333333333333333,35.62,1.7
2025,17,00-0038397,Evan Hull,RB,NO,14.0,5.0,15.0,17.0,57.0,61.0,43.0,20.5,39.5,1.5,TEN,1.1666666666666667,3.6666666666666665,0.14708333333333332,0.6666666666666666,22.52,0.3
2025,17,00-0038440,Zavier Scott,RB,MIN,14.0,11.0,15.0,0.0,80.9,56.0,32.0,19.25,45.5,-7.0,DET,2.766666666666667,3.6666666666666665,0.15461374704804462,0.0,20.259999999999998,0.0
2025,17,00-0038454,Keaton Mitchell,RB,BAL,30.0,21.0,28.0,17.0,68.9,50.0,29.0,18.0,38.5,-2.5,GB,5.166666666666667,8.0,0.27979797979797977,0.6666666666666666,19.48,5.8
2025,17,00-0038542,Bijan Robinson,RB,ATL,100.0,100.0,89.0,58.0,76.2,61.0,26.0,20.5,48.5,-7.5,LA,24.233333333333334,26.333333333333332,0.8851367384018839,2.3333333333333335,18.94,39.9
2025,17,00-0038543,Jaxon Smith-Njigba,WR,SEA,82.0,64.0,35.0,83.0,85.2,78.0,34.0,24.5,42.5,6.5,CAR,23.333333333333332,11.0,0.354625661077274,1.6666666666666667,27.993333333333332,16.2
2025,17,00-0038544,Quentin Johnston,WR,LAC,27.0,31.0,15.0,50.0,67.0,63.0,21.0,21.0,40.5,1.5,HOU,11.5,3.6666666666666665,0.15062111801242237,1.0,24.59333333333333,14.8
2025,17,00-0038547,Luke Schoonmaker,TE,DAL,12.0,9.0,3.0,0.0,67.8,99.0,53.0,29.5,50.5,8.5,WSH,2.4,1.3333333333333333,0.0327172156959391,0.0,15.719999999999999,3.5
2025,17,00-0038555,Tank Bigsby,RB,PHI,29.0,22.0,19.0,67.0,34.2,64.0,61.0,21.25,45.5,-3.0,BUF,5.266666666666667,7.666666666666667,0.1916349140128865,2.6666666666666665,26.293333333333333,1.9
2025,17,00-0038558,Darnell Washington,TE,PIT,27.0,18.0,9.0,17.0,61.3,59.0,37.0,20.0,35.5,4.5,CLE,4.766666666666667,3.0,0.09457144544863842,0.3333333333333333,11.860000000000001,3.5
2025,17,00-0038559,Michael Wilson,WR,ARI,75.0,61.0,25.0,83.0,57.6,70.0,27.0,22.75,52.5,-7.0,CIN,22.266666666666666,10.0,0.2521861079029863,1.6666666666666667,26.10533333333333,19.9
2025,17,00-0038563,Tre Tucker,WR,LV,38.0,13.0,20.0,0.0,56.3,54.0,58.0,18.75,40.5,-3.0,NYG,4.6,5.0,0.19997274330607664,0.0,34.833333333333336,9.9
2025,17,00-0038589,Josh Whyle,TE,GB,9.0,5.0,4.0,0.0,68.7,61.0,36.0,20.5,38.5,2.5,BAL,1.4000000000000001,1.0,0.04186002236976749,0.0,11.620000000000001,1.8
2025,17,00-0038597,Chase Brown,RB,CIN,66.0,93.0,66.0,50.0,81.2,100.0,59.0,29.75,52.5,7.0,ARI,22.46666666666667,17.333333333333332,0.6586603615319733,2.0,26.033333333333335,29.1
2025,17,00-0038606,Parker Washington,WR,JAC,40.0,35.0,17.0,50.0,44.1,84.0,65.0,26.0,48.5,3.5,IND,12.799999999999999,5.333333333333333,0.17095238095238097,1.0,36.71333333333333,19.0
2025,17,00-0038618,Xavier Hutchinson,WR,HOU,15.0,4.0,7.0,0.0,69.0,57.0,29.0,19.5,40.5,-1.5,LAC,1.3333333333333333,2.0,0.0699402268029719,0.0,26.628,4.9
2025,17,00-0038619,Andrei Iosivas,WR,CIN,12.0,6.0,5.0,0.0,46.4,100.0,38.0,29.75,52.5,7.0,ARI,2.266666666666667,1.6666666666666667,0.04778972520908004,0.0,29.186666666666667,8.1
2025,17,00-0038621,DeMario Douglas,WR,NE,15.0,8.0,6.0,17.0,43.0,90.0,42.0,27.5,42.5,12.5,NYJ,2.8000000000000003,2.0,0.06253968253968255,0.3333333333333333,30.246666666666666,2.0
2025,17,00-0038643,Brayden Willis,TE,SF,0.0,0.0,0.0,0.0,56.8,90.0,44.0,27.5,51.5,3.5,CHI,0.0,0.0,0.0,0.0,13.393333333333334,0.0
2025,17,00-0038679,Tyrell Shavers,WR,BUF,20.0,22.0,10.0,0.0,41.8,77.0,30.0,24.25,45.5,3.0,PHI,8.233333333333333,2.6666666666666665,0.10493827160493825,0.0,27.12,5.6
2025,17,00-0038685,Chris Brooks,RB,GB,8.0,6.0,7.0,0.0,41.3,61.0,47.0,20.5,38.5,2.5,BAL,1.5333333333333332,2.0,0.07392036305079784,0.0,23.466666666666665,2.1
2025,17,00-0038705,Emari Demercado,RB,ARI,23.0,13.0,26.0,0.0,69.8,70.0,80.0,22.75,52.5,-7.0,CIN,3.033333333333333,6.0,0.26305158824096725,0.0,30.458666666666666,4.0
2025,17,00-0038710,Blake Whiteheart,TE,CLE,3.0,0.0,1.0,0.0,41.8,40.0,60.0,15.5,35.5,-4.5,PIT,0.0,0.3333333333333333,0.008771929824561403,0.0,17.246666666666666,0.0
2025,17,00-0038720,Julian Hill,TE,MIA,12.0,9.0,6.0,0.0,56.0,57.0,53.0,19.5,44.5,-5.5,TB,2.3000000000000003,1.3333333333333333,0.06,0.0,15.646666666666668,2.6
2025,17,00-0038738,Hunter Luepke,RB,DAL,10.0,10.0,9.0,8.0,32.1,99.0,56.0,29.5,50.5,8.5,WSH,2.466666666666667,2.6666666666666665,0.0900879917184265,0.3333333333333333,25.293333333333333,5.4
2025,17,00-0038752,Jake Bobo,WR,SEA,2.0,1.0,1.0,0.0,31.2,78.0,34.0,24.5,42.5,6.5,CAR,0.43333333333333335,0.3333333333333333,0.011494252873563218,0.0,27.993333333333332,0.0
2025,17,00-0038794,Jaleel McLaughlin,RB,DEN,15.0,11.0,18.0,0.0,56.0,82.0,28.0,25.5,37.5,13.5,KC,2.733333333333334,4.0,0.17604237097137707,0.0,19.293333333333333,4.0
2025,17,00-0038797,Emanuel Wilson,RB,GB,24.0,13.0,18.0,25.0,36.0,61.0,47.0,20.5,38.5,2.5,BAL,3.1666666666666665,6.333333333333333,0.17785547785547787,1.0,23.466666666666665,3.4
2025,17,00-0038809,Ben Sims,TE,MIN,9.0,7.0,4.0,0.0,56.8,56.0,44.0,19.25,45.5,-7.0,DET,1.9,1.0,0.043478260869565216,0.0,13.373333333333333,1.3
2025,17,00-0038840,Brycen Tremayne,WR,CAR,0.0,0.0,0.0,0.0,56.8,50.0,33.0,18.0,42.5,-6.5,SEA,0.0,0.0,0.0,0.0,27.753333333333334,0.0
2025,17,00-0038891,Shedrick Jackson,WR,LV,8.0,26.0,4.0,0.0,56.8,54.0,58.0,18.75,40.5,-3.0,NYG,9.5,1.0,0.03571428571428571,0.0,34.833333333333336,4.0
2025,17,00-0038935,Brenton Strange,TE,JAC,48.0,31.0,17.0,100.0,63.3,84.0,53.0,26.0,48.5,3.5,IND,8.066666666666666,5.333333333333333,0.16689708141321047,2.3333333333333335,15.693333333333333,8.4
2025,17,00-0038951,Sean Tucker,RB,TB,19.0,30.0,16.0,75.0,81.8,80.0,48.0,25.0,44.5,5.5,MIA,7.3,5.0,0.16083916083916083,3.0,23.593333333333337,0.8
2025,17,00-0038953,Dylan Drummond,WR,ATL,20.0,6.0,9.0,67.0,32.1,61.0,54.0,20.5,48.5,-7.5,LA,2.1333333333333333,2.6666666666666665,0.09178187403993855,1.3333333333333333,33.63333333333333,0.0
2025,17,00-0038976,Marvin Mims Jr.,WR,DEN,32.0,14.0,14.0,0.0,53.6,82.0,36.0,25.5,37.5,13.5,KC,5.1,4.333333333333333,0.13625625912533926,0.0,28.540000000000003,4.0
2025,17,00-0038979,Cedric Tillman,WR,CLE,12.0,5.0,5.0,0.0,47.5,40.0,61.0,15.5,35.5,-4.5,PIT,1.7,1.6666666666666667,0.053154222109218295,0.0,35.53333333333333,5.2
2025,17,00-0038994,Jordan Addison,WR,MIN,30.0,21.0,17.0,17.0,61.5,56.0,70.0,19.25,45.5,-7.0,DET,7.8,4.0,0.17270531400966185,0.3333333333333333,37.88133333333334,12.5
2025,17,00-0038997,Josh Downs,WR,IND,50.0,26.0,21.0,67.0,75.4,69.0,54.0,22.5,48.5,-3.5,JAC,9.466666666666667,6.666666666666667,0.21039886039886038,1.3333333333333333,33.660000000000004,5.4
2025,17,00-0039032,Tyjae Spears,RB,TEN,44.0,46.0,38.0,33.0,56.8,55.0,41.0,19.0,39.5,-1.5,NO,11.266666666666666,11.666666666666666,0.37522656355989686,1.3333333333333333,22.066666666666666,1.1
2025,17,00-0039040,De'Von Achane,RB,MIA,56.0,75.0,62.0,17.0,78.8,57.0,47.0,19.5,44.5,-5.5,TB,18.066666666666666,14.666666666666666,0.6170692992644212,0.6666666666666666,23.506666666666664,14.2
2025,17,00-0039041,Elijah Higgins,TE,ARI,33.0,23.0,12.0,17.0,31.2,70.0,80.0,22.75,52.5,-7.0,CIN,6.133333333333334,3.6666666666666665,0.11707364021338612,0.3333333333333333,22.1,0.0
2025,17,00-0039062,Jonathan Mingo,WR,DAL,8.0,3.0,3.0,0.0,68.0,99.0,59.0,29.5,50.5,8.5,WSH,1.1666666666666667,1.0,0.027032674772036473,0.0,35.05333333333333,0.0
2025,17,00-0039064,Zay Flowers,WR,BAL,62.0,54.0,39.0,33.0,81.8,50.0,50.0,18.0,38.5,-2.5,GB,19.866666666666667,8.333333333333334,0.3851010101010101,0.6666666666666666,32.43333333333333,13.0
2025,17,00-0039066,Michael Mayer,TE,LV,12.0,6.0,5.0,0.0,34.0,54.0,34.0,18.75,40.5,-3.0,NYG,1.4666666666666668,1.3333333333333333,0.053391053391053385,0.0,11.097333333333333,17.9
2025,17,00-0039075,Puka Nacua,WR,LA,100.0,100.0,35.0,33.0,85.8,93.0,53.0,28.0,48.5,7.5,ATL,36.7,13.333333333333334,0.34887041482088615,0.6666666666666666,33.46666666666667,15.7
2025,17,00-0039139,Jahmyr Gibbs,RB,DET,75.0,96.0,81.0,83.0,80.4,85.0,35.0,26.25,45.5,7.0,MIN,23.2,19.666666666666668,0.8129349522388573,3.3333333333333335,20.833333333333332,8.4
2025,17,00-0039146,Jayden Reed,WR,GB,40.0,24.0,19.0,50.0,85.5,61.0,61.0,20.5,38.5,2.5,BAL,8.966666666666667,5.333333333333333,0.18841001993175907,1.0,35.62,8.1
2025,17,00-0039150,Bryce Young,QB,CAR,69.0,59.0,73.0,11.0,88.3,50.0,39.0,18.0,42.5,-6.5,SEA,18.533333333333335,30.666666666666668,0.1836021505376344,1.3333333333333333,16.928,10.86
2025,17,00-0039163,C.J. Stroud,QB,HOU,80.0,50.0,53.0,60.0,84.5,57.0,29.0,19.5,40.5,-1.5,LAC,15.83333333333333,35.666666666666664,0.1333934882321979,7.0,14.902666666666669,17.76
2025,17,00-0039165,Zach Charbonnet,RB,SEA,41.0,37.0,42.0,50.0,72.2,78.0,50.0,24.5,42.5,6.5,CAR,9.033333333333333,10.666666666666666,0.4174008070782264,2.0,24.14,26.2
2025,17,00-0039342,Xavier Legette,WR,CAR,20.0,8.0,12.0,0.0,66.2,50.0,33.0,18.0,42.5,-6.5,SEA,3.066666666666667,2.6666666666666665,0.11559139784946237,0.0,27.753333333333334,1.3
2025,17,00-0039361,Bucky Irving,RB,TB,71.0,43.0,63.0,33.0,79.7,80.0,48.0,25.0,44.5,5.5,MIA,10.433333333333334,18.666666666666668,0.6295128482628484,1.3333333333333333,23.593333333333337,8.3
2025,17,00-0039364,Sione Vaki,RB,DET,0.0,0.0,0.0,0.0,56.8,85.0,35.0,26.25,45.5,7.0,MIN,0.0,0.0,0.0,0.0,20.833333333333332,0.0
2025,17,00-0039373,Audric Estimé,RB,NO,23.0,22.0,20.0,8.0,60.4,61.0,43.0,20.5,39.5,1.5,TEN,5.233333333333333,6.0,0.19854352550903684,0.3333333333333333,22.52,16.8
2025,17,00-0039384,Tyrone Tracy Jr.,RB,NYG,61.0,53.0,58.0,50.0,66.4,66.0,46.0,21.75,40.5,3.0,LV,12.933333333333332,16.0,0.5806046762943314,2.0,23.273333333333333,6.7
2025,17,00-0039405,Jawhar Jordan,RB,HOU,70.0,53.0,63.0,50.0,92.0,57.0,27.0,19.5,40.5,-1.5,LAC,12.899999999999999,18.5,0.62772521596051,2.0,19.133333333333333,3.6
2025,17,00-0039407,Dylan Laube,RB,LV,3.0,1.0,5.0,0.0,31.2,54.0,63.0,18.75,40.5,-3.0,NYG,0.13333333333333333,0.6666666666666666,0.05128205128205129,0.0,26.9,0.0
2025,17,00-0039451,Isaiah Williams,WR,NYJ,35.0,20.0,15.0,17.0,67.0,38.0,40.0,15.0,42.5,-12.5,NE,7.400000000000001,4.666666666666667,0.1467425679949399,0.3333333333333333,29.726666666666667,7.5
2025,17,00-0039458,Brenden Bates,TE,CLE,9.0,5.0,3.0,17.0,31.6,40.0,60.0,15.5,35.5,-4.5,PIT,1.4333333333333333,1.0,0.0338510553564317,0.3333333333333333,17.246666666666666,2.9
2025,17,00-0039491,Jalen Coker,WR,CAR,38.0,37.0,22.0,17.0,78.2,50.0,33.0,18.0,42.5,-6.5,SEA,13.699999999999998,5.0,0.22043010752688175,0.3333333333333333,27.753333333333334,3.6
2025,17,00-0039521,Xavier Weaver,WR,ARI,15.0,5.0,5.0,17.0,52.0,70.0,27.0,22.75,52.5,-7.0,CIN,1.9333333333333333,2.0,0.05373664519091805,0.3333333333333333,26.10533333333333,4.4
2025,17,00-0039530,Brevyn Spann-Ford,TE,DAL,6.0,2.0,2.0,0.0,35.4,99.0,53.0,29.5,50.5,8.5,WSH,0.5666666666666667,0.6666666666666666,0.016616008105369808,0.0,15.719999999999999,4.1
2025,17,00-0039589,Kameron Johnson,WR,TB,2.0,0.0,1.0,0.0,41.8,80.0,33.0,25.0,44.5,5.5,MIA,0.0,0.3333333333333333,0.011904761904761904,0.0,27.8,0.0
2025,17,00-0039648,David Martin-Robinson,TE,TEN,3.0,2.0,1.0,0.0,31.2,55.0,39.0,19.0,39.5,-1.5,NO,0.5333333333333333,0.3333333333333333,0.013333333333333334,0.0,12.186666666666667,1.9
2025,17,00-0039732,Bo Nix,QB,DEN,100.0,68.0,76.0,51.0,85.8,82.0,38.0,25.5,37.5,13.5,KC,21.41333333333333,44.333333333333336,0.19069190894748703,6.0,16.866666666666667,21.48
2025,17,00-0039738,Blake Corum,RB,LA,51.0,72.0,38.0,67.0,81.5,93.0,41.0,28.0,48.5,7.5,ATL,17.433333333333334,13.333333333333334,0.3818475894393581,2.6666666666666665,22.046666666666667,1.8
2025,17,00-0039746,Will Shipley,RB,PHI,3.0,4.0,2.0,0.0,43.1,64.0,61.0,21.25,45.5,-3.0,BUF,0.8666666666666667,0.6666666666666666,0.02026618269812462,0.0,26.293333333333333,0.2
2025,17,00-0039751,Jordan Whittington,WR,LA,8.0,4.0,3.0,0.0,67.7,93.0,53.0,28.0,48.5,7.5,ATL,1.4666666666666668,1.0,0.026469062441048855,0.0,33.46666666666667,0.0
2025,17,00-0039793,AJ Barner,TE,SEA,52.0,33.0,18.0,50.0,72.2,78.0,43.0,24.5,42.5,6.5,CAR,8.799999999999999,5.666666666666667,0.18289996741609646,1.0,13.16,13.3
2025,17,00-0039796,Rasheen Ali,RB,BAL,10.0,23.0,13.0,8.0,47.5,50.0,29.0,18.0,38.5,-2.5,GB,5.566666666666666,2.6666666666666665,0.1275252525252525,0.3333333333333333,19.48,2.8
2025,17,00-0039798,Isaiah Davis,RB,NYJ,24.0,35.0,24.0,25.0,56.4,38.0,27.0,15.0,42.5,-12.5,NE,8.566666666666666,6.333333333333333,0.23595825426944975,1.0,19.153333333333332,3.0
2025,17,00-0039849,Marvin Harrison Jr.,WR,ARI,55.0,25.0,19.0,83.0,58.6,70.0,27.0,22.75,52.5,-7.0,CIN,9.200000000000001,7.333333333333333,0.18845491259284364,1.6666666666666667,26.10533333333333,0.0
2025,17,00-0039851,Drake Maye,QB,NE,89.0,72.0,100.0,63.0,85.9,90.0,46.0,27.5,42.5,12.5,NYJ,22.893333333333334,39.333333333333336,0.26722638680659666,7.333333333333333,18.449333333333335,32.44
2025,17,00-0039855,Jalen McMillan,WR,TB,22.0,13.0,11.0,25.0,74.9,80.0,33.0,25.0,44.5,5.5,MIA,4.7,3.0,0.10640151515151515,0.5,27.8,18.4
2025,17,00-0039868,Troy Franklin,WR,DEN,40.0,32.0,15.0,33.0,66.8,82.0,36.0,25.5,37.5,13.5,KC,11.833333333333334,5.333333333333333,0.1490586814435919,0.6666666666666666,28.540000000000003,5.7
2025,17,00-0039874,Jaylen Wright,RB,MIA,51.0,43.0,41.0,42.0,42.0,57.0,47.0,19.5,44.5,-5.5,TB,10.366666666666667,13.333333333333334,0.40786004645760743,1.6666666666666667,23.506666666666664,5.6
2025,17,00-0039875,Ray Davis,RB,BUF,8.0,11.0,8.0,0.0,31.2,77.0,47.0,24.25,45.5,3.0,PHI,2.566666666666667,2.0,0.08434030847823952,0.0,23.426666666666666,2.6
2025,17,00-0039880,Malik Washington,WR,MIA,18.0,15.0,10.0,17.0,44.6,57.0,48.0,19.5,44.5,-5.5,TB,5.3999999999999995,2.3333333333333335,0.10063492063492063,0.3333333333333333,31.866666666666667,1.5
2025,17,00-0039890,Adonai Mitchell,WR,NYJ,55.0,26.0,23.0,50.0,64.8,38.0,40.0,15.0,42.5,-12.5,NE,9.366666666666665,7.333333333333333,0.23086654016445288,1.0,29.726666666666667,5.2
2025,17,00-0039893,Brian Thomas Jr.,WR,JAC,42.0,30.0,19.0,50.0,63.2,84.0,65.0,26.0,48.5,3.5,IND,10.866666666666667,5.666666666666667,0.1887665699493656,1.0,36.71333333333333,7.9
2025,17,00-0039894,Xavier Worthy,WR,KC,30.0,18.0,16.0,0.0,92.4,25.0,36.0,12.0,37.5,-13.5,DEN,6.7,4.0,0.15809822361546497,0.0,28.773333333333333,0.1
2025,17,00-0039912,Ben Sinnott,TE,WSH,12.0,10.0,7.0,0.0,64.2,63.0,41.0,21.0,50.5,-8.5,DAL,2.6333333333333333,1.3333333333333333,0.07083333333333335,0.0,12.68,5.9
2025,17,00-0039915,Ladd McConkey,WR,LAC,35.0,19.0,19.0,17.0,59.6,63.0,21.0,21.0,40.5,1.5,HOU,6.833333333333333,4.666666666666667,0.1873706004140787,0.3333333333333333,24.59333333333333,4.1
2025,17,00-0039916,Ricky Pearsall,WR,SF,38.0,20.0,18.0,17.0,54.5,90.0,58.0,27.5,51.5,3.5,CHI,7.266666666666667,5.0,0.18447739719669543,0.3333333333333333,34.6,13.5
2025,17,00-0039918,Caleb Williams,QB,CHI,80.0,60.0,44.0,51.0,92.9,76.0,46.0,24.0,51.5,-3.5,SF,18.973333333333333,35.666666666666664,0.11043123543123544,6.0,18.465333333333334,23.0
2025,17,00-0039920,Malachi Corley,WR,CLE,22.0,8.0,11.0,0.0,31.2,40.0,61.0,15.5,35.5,-4.5,PIT,2.766666666666666,3.0,0.10906013540422142,0.0,35.53333333333333,1.4
2025,17,00-0040024,Darius Cooper,WR,PHI,12.0,10.0,6.0,0.0,70.0,64.0,33.0,21.25,45.5,-3.0,BUF,3.5,1.6666666666666667,0.06432748538011696,0.0,27.84,1.4
2025,17,00-0040075,LaJohntay Wester,WR,BAL,0.0,0.0,0.0,0.0,56.8,50.0,50.0,18.0,38.5,-2.5,GB,0.0,0.0,0.0,0.0,32.43333333333333,0.0
2025,17,00-0040078,Brashard Smith,RB,KC,5.0,3.0,6.0,8.0,47.5,25.0,20.0,12.0,37.5,-13.5,DEN,0.7333333333333334,1.3333333333333333,0.05839179977111012,0.3333333333333333,17.64,9.5
2025,17,00-0040122,Ashton Jeanty,RB,LV,70.0,63.0,96.0,25.0,61.3,54.0,63.0,18.75,40.5,-3.0,NYG,15.266666666666666,18.333333333333332,0.9627653827653827,1.0,26.9,9.3
2025,17,00-0040124,Tetairoa McMillan,WR,CAR,40.0,32.0,21.0,0.0,53.0,50.0,33.0,18.0,42.5,-6.5,SEA,11.700000000000001,5.333333333333333,0.2075268817204301,0.0,27.753333333333334,1.5
2025,17,00-0040126,Colston Loveland,TE,CHI,48.0,37.0,19.0,67.0,85.8,76.0,50.0,24.0,51.5,-3.5,SF,9.666666666666666,5.333333333333333,0.18882447905436414,1.3333333333333333,14.833333333333334,21.4
2025,17,00-0040128,Tyler Warren,TE,IND,67.0,18.0,23.0,83.0,84.1,69.0,51.0,22.5,48.5,-3.5,JAC,4.866666666666667,7.333333333333333,0.22863247863247863,1.6666666666666667,15.046666666666665,9.3
2025,17,00-0040129,Emeka Egbuka,WR,TB,45.0,17.0,21.0,0.0,58.5,80.0,33.0,25.0,44.5,5.5,MIA,6.3,6.0,0.20672619047619048,0.0,27.8,5.0
2025,17,00-0040130,Jayden Higgins,WR,HOU,22.0,10.0,10.0,0.0,49.9,57.0,29.0,19.5,40.5,-1.5,LAC,3.5,3.0,0.10396067258812357,0.0,26.628,16.8
2025,17,00-0040131,Kyle Williams,WR,NE,10.0,21.0,3.0,0.0,34.0,90.0,42.0,27.5,42.5,12.5,NYJ,7.633333333333333,1.3333333333333333,0.034920634920634915,0.0,30.246666666666666,5.0
2025,17,00-0040138,Jaylin Noel,WR,HOU,8.0,3.0,4.0,0.0,31.2,57.0,29.0,19.5,40.5,-1.5,LAC,1.0999999999999999,1.0,0.035444046196734365,0.0,26.628,14.6
2025,17,00-0040162,Dylan Sampson,RB,CLE,28.0,42.0,27.0,8.0,60.5,40.0,34.0,15.5,35.5,-4.5,PIT,10.1,7.333333333333333,0.27095097361084913,0.3333333333333333,20.633333333333333,5.7
2025,17,00-0040170,Elic Ayomanor,WR,TEN,20.0,18.0,10.0,17.0,61.2,55.0,31.0,19.0,39.5,-1.5,NO,6.633333333333333,2.6666666666666665,0.10220322886989552,0.3333333333333333,27.19333333333333,13.7
2025,17,00-0040184,KeAndre Lambert-Smith,WR,LAC,8.0,10.0,4.0,17.0,69.5,63.0,21.0,21.0,40.5,1.5,HOU,3.533333333333333,1.0,0.03874319454029599,0.3333333333333333,24.59333333333333,0.0
2025,17,00-0040187,Mitchell Evans,TE,CAR,18.0,13.0,8.0,0.0,38.1,50.0,54.0,18.0,42.5,-6.5,SEA,3.4333333333333336,2.0,0.08225806451612903,0.0,15.76,1.6
2025,17,00-0040189,Oronde Gadsden II,TE,LAC,30.0,17.0,14.0,0.0,45.1,63.0,39.0,21.0,40.5,1.5,HOU,4.499999999999999,3.3333333333333335,0.14233954451345757,0.0,12.253333333333334,12.2
2025,17,00-0040198,Ollie Gordon II,RB,MIA,10.0,10.0,9.0,8.0,43.2,57.0,47.0,19.5,44.5,-5.5,TB,2.5333333333333337,2.6666666666666665,0.0942218350754936,0.3333333333333333,23.506666666666664,0.0
2025,17,00-0040205,Kalel Mullings,RB,TEN,3.0,0.0,3.0,0.0,34.0,55.0,41.0,19.0,39.5,-1.5,NO,0.09999999999999999,0.6666666666666666,0.025000000000000005,0.0,22.066666666666666,0.4
2025,17,00-0040206,Riley Leonard,QB,IND,26.0,13.0,18.0,29.0,31.2,69.0,52.0,22.5,48.5,-3.5,JAC,4.133333333333334,11.666666666666666,0.04415954415954416,3.3333333333333335,19.58533333333333,0.0
2025,17,00-0040208,Tahj Brooks,RB,CIN,9.0,2.0,9.0,0.0,35.9,100.0,59.0,29.75,52.5,7.0,ARI,0.39999999999999997,2.3333333333333335,0.09007148009705555,0.0,26.033333333333335,2.9
2025,17,00-0040218,Jimmy Horn Jr.,WR,CAR,8.0,6.0,5.0,0.0,79.0,50.0,33.0,18.0,42.5,-6.5,SEA,2.1,1.0,0.04567901234567901,0.0,27.753333333333334,2.9
2025,17,00-0040234,Quinn Ewers,QB,MIA,46.0,21.0,23.0,0.0,47.8,57.0,64.0,19.5,44.5,-5.5,TB,6.51,20.5,0.05844155844155844,0.0,22.024,15.78
2025,17,00-0040236,Kyle Monangai,RB,CHI,53.0,31.0,47.0,58.0,76.3,76.0,43.0,24.0,51.5,-3.5,SF,7.433333333333334,14.0,0.46680695315752785,2.3333333333333335,22.486666666666668,7.7
2025,17,00-0040237,Tez Johnson,WR,TB,10.0,2.0,5.0,0.0,53.4,80.0,33.0,25.0,44.5,5.5,MIA,0.7999999999999999,1.3333333333333333,0.050416666666666665,0.0,27.8,3.9
2025,17,00-0040238,LeQuint Allen Jr.,RB,JAC,14.0,9.0,13.0,8.0,61.5,84.0,36.0,26.0,48.5,3.5,IND,2.1333333333333333,3.6666666666666665,0.13217557034761335,0.3333333333333333,21.066666666666666,0.3
2025,17,00-0040242,Jacory Croskey-Merritt,RB,WSH,42.0,38.0,37.0,58.0,61.5,63.0,50.0,21.0,50.5,-8.5,DAL,9.1,11.0,0.3661755400885836,2.3333333333333335,24.146666666666665,22.5
2025,17,00-0040259,Gage Larvadain,WR,CLE,12.0,5.0,5.0,17.0,34.4,40.0,61.0,15.5,35.5,-4.5,PIT,1.8666666666666665,1.6666666666666667,0.04782116581777023,0.3333333333333333,35.53333333333333,0.0
2025,17,00-0040277,Jahdae Walker,WR,CHI,8.0,9.0,3.0,17.0,31.2,76.0,50.0,24.0,51.5,-3.5,SF,3.3666666666666667,1.0,0.034482758620689655,0.3333333333333333,32.513333333333335,5.0
2025,17,00-0040311,Theo Wease Jr.,WR,MIA,30.0,14.0,14.0,0.0,56.8,57.0,48.0,19.5,44.5,-5.5,TB,5.2,4.0,0.14285714285714285,0.0,31.866666666666667,13.3
2025,17,00-0040363,Keleki Latu,TE,BUF,9.0,5.0,3.0,0.0,56.8,77.0,22.0,24.25,45.5,3.0,PHI,1.4,1.0,0.03333333333333333,0.0,8.146666666666667,0.0
2025,17,00-0040398,Brady Cook,QB,NYJ,80.0,31.0,40.0,34.0,81.2,38.0,40.0,15.0,42.5,-12.5,NE,9.726666666666667,35.333333333333336,0.10079063883617963,4.0,17.16,6.18
2025,17,00-0040466,Raheim Sanders,RB,CLE,28.0,25.0,26.0,75.0,69.5,40.0,34.0,15.5,35.5,-4.5,PIT,5.95,7.5,0.25843787335722823,3.0,20.633333333333333,4.1
2025,17,00-0040494,Max Brosmer,QB,MIN,35.0,8.0,22.0,11.0,36.9,56.0,58.0,19.25,45.5,-7.0,DET,2.4133333333333336,15.666666666666666,0.05416666666666667,1.3333333333333333,20.909333333333333,3.64
2025,17,00-0040506,Myles Price,WR,MIN,0.0,0.0,0.0,0.0,56.8,56.0,70.0,19.25,45.5,-7.0,DET,0.0,0.0,0.0,0.0,37.88133333333334,0.0
2025,17,00-0040534,Ke'Shawn Williams,WR,CIN,2.0,0.0,1.0,0.0,37.2,100.0,38.0,29.75,52.5,7.0,ARI,0.03333333333333333,0.3333333333333333,0.012820512820512822,0.0,29.186666666666667,1.5
2025,17,00-0040556,Corey Kiner,RB,ARI,15.0,9.0,18.0,25.0,57.7,70.0,80.0,22.75,52.5,-7.0,CIN,2.1500000000000004,4.0,0.17805383022774326,1.0,30.458666666666666,0.2
2025,17,00-0040563,Efton Chism III,WR,NE,0.0,0.0,0.0,0.0,56.8,90.0,42.0,27.5,42.5,12.5,NYJ,0.0,0.0,0.0,0.0,30.246666666666666,12.0
2025,17,00-0040581,Dont'e Thornton Jr.,WR,LV,15.0,5.0,7.0,0.0,86.9,54.0,58.0,18.75,40.5,-3.0,NYG,1.9666666666666668,2.0,0.07284271284271283,0.0,34.833333333333336,3.2
2025,17,00-0040582,Arian Smith,WR,NYJ,10.0,1.0,4.0,0.0,44.8,38.0,40.0,15.0,42.5,-12.5,NE,0.26666666666666666,1.3333333333333333,0.0441298107332263,0.0,29.726666666666667,1.5
2025,17,00-0040583,Woody Marks,RB,HOU,72.0,39.0,60.0,83.0,59.0,57.0,27.0,19.5,40.5,-1.5,LAC,9.366666666666667,19.0,0.596825689508327,3.3333333333333335,19.133333333333333,8.5
2025,17,00-0040584,Gunnar Helm,TE,TEN,27.0,25.0,11.0,33.0,58.0,55.0,39.0,19.0,39.5,-1.5,NO,6.533333333333334,3.0,0.11498575498575499,0.6666666666666666,12.186666666666667,1.1
2025,17,00-0040590,Konata Mumpfield,WR,LA,25.0,8.0,8.0,17.0,31.2,93.0,53.0,28.0,48.5,7.5,ATL,2.8333333333333335,3.3333333333333335,0.07508017355215997,0.3333333333333333,33.46666666666667,3.0
2025,17,00-0040644,Trevor Etienne,RB,CAR,1.0,2.0,2.0,0.0,37.2,50.0,29.0,18.0,42.5,-6.5,SEA,0.4666666666666666,0.3333333333333333,0.016666666666666666,0.0,19.566666666666666,0.0
2025,17,00-0040663,Harold Fannin Jr.,TE,CLE,100.0,72.0,35.0,67.0,74.1,40.0,60.0,15.5,35.5,-4.5,PIT,18.966666666666665,11.0,0.352688958058228,1.3333333333333333,17.246666666666666,11.0
2025,17,00-0040666,Omarion Hampton,RB,LAC,62.0,53.0,52.0,92.0,82.9,63.0,31.0,21.0,40.5,1.5,HOU,12.9,16.333333333333332,0.5153528271179971,3.6666666666666665,19.98,20.0
2025,17,00-0040667,Matthew Golden,WR,GB,20.0,8.0,8.0,0.0,47.4,61.0,61.0,20.5,38.5,2.5,BAL,2.966666666666667,2.6666666666666665,0.08057019470062948,0.0,35.62,2.2
2025,17,00-0040668,Shedeur Sanders,QB,CLE,86.0,63.0,54.0,49.0,75.5,40.0,60.0,15.5,35.5,-4.5,PIT,20.040000000000003,38.333333333333336,0.1346774193548387,5.666666666666667,21.174666666666667,13.44
2025,17,00-0040669,Isaac TeSlaa,WR,DET,27.0,23.0,9.0,100.0,42.2,85.0,20.0,26.25,45.5,7.0,MIN,8.4,3.6666666666666665,0.0859017892124853,2.0,24.266666666666666,13.9
2025,17,00-0040676,Cam Ward,QB,TEN,69.0,49.0,28.0,51.0,93.4,55.0,33.0,19.0,39.5,-1.5,NO,15.366666666666665,30.666666666666668,0.06904761904761905,6.0,15.853333333333333,19.04
2025,17,00-0040691,Jaxson Dart,QB,NYG,66.0,40.0,71.0,31.0,59.8,66.0,45.0,21.75,40.5,3.0,LV,12.573333333333332,29.333333333333332,0.1769525493663425,3.6666666666666665,18.142666666666667,25.08
2025,17,00-0040705,Chimere Dike,WR,TEN,48.0,29.0,25.0,83.0,74.9,55.0,31.0,19.0,39.5,-1.5,NO,10.466666666666667,6.333333333333333,0.24916429249762584,1.6666666666666667,27.19333333333333,10.2
2025,17,00-0040727,Tre Harris,WR,LAC,32.0,19.0,17.0,0.0,71.8,63.0,21.0,21.0,40.5,1.5,HOU,6.800000000000001,4.333333333333333,0.16974501471068978,0.0,24.59333333333333,2.5
2025,17,00-0040730,RJ Harvey,RB,DEN,70.0,78.0,65.0,75.0,79.8,82.0,28.0,25.5,37.5,13.5,KC,18.866666666666667,18.333333333333332,0.6492403920588724,3.0,19.293333333333333,18.6
2025,17,00-0040734,TreVeyon Henderson,RB,NE,48.0,60.0,48.0,50.0,53.0,90.0,59.0,27.5,42.5,12.5,NYJ,14.633333333333335,12.666666666666666,0.4834027142273019,2.0,25.98,8.2
2025,17,00-0040735,Luther Burden III,WR,CHI,52.0,30.0,24.0,17.0,87.9,76.0,50.0,24.0,51.5,-3.5,SF,11.0,7.0,0.23785718976321812,0.3333333333333333,32.513333333333335,27.8
2025,17,00-0040737,Terrance Ferguson,TE,LA,21.0,18.0,6.0,33.0,48.0,93.0,25.0,28.0,48.5,7.5,ATL,4.633333333333334,2.3333333333333335,0.05607432559894359,0.6666666666666666,8.886666666666665,13.4
2025,17,00-0040743,Tyler Shough,QB,NO,89.0,62.0,82.0,31.0,85.2,61.0,52.0,20.5,39.5,1.5,TEN,19.486666666666668,39.333333333333336,0.20625000000000002,3.6666666666666665,19.612000000000002,21.92
2025,17,00-0040782,Isaiah Bond,WR,CLE,18.0,12.0,7.0,0.0,39.4,40.0,61.0,15.5,35.5,-4.5,PIT,4.3,2.3333333333333335,0.07130730050933785,0.0,35.53333333333333,2.6
2025,18,00-0023459,Aaron Rodgers,QB,PIT,79.0,40.0,16.0,45.0,81.8,51.0,54.0,18.5,41.5,-4.5,BAL,13.273333333333333,36.666666666666664,0.03984287317620651,4.666666666666667,19.45375,17.76
2025,18,00-0026158,Joe Flacco,QB,CIN,35.0,13.0,21.0,3.0,31.2,87.0,26.0,28.5,47.5,9.5,CLE,4.3133333333333335,16.0,0.052587991718426506,0.3333333333333333,14.18625,0.2
2025,18,00-0026300,Josh Johnson,QB,WSH,38.0,16.0,33.0,19.0,53.5,48.0,36.0,17.75,38.5,-3.0,PHI,5.32,17.5,0.08173076923076923,2.0,16.08125,19.74
2025,18,00-0026498,Matthew Stafford,QB,LA,92.0,72.0,11.0,61.0,87.3,100.0,48.0,32.0,49.5,14.5,ARI,24.186666666666667,42.666666666666664,0.02858826996758031,6.333333333333333,18.24125,26.66
2025,18,00-0029604,Kirk Cousins,QB,ATL,76.0,57.0,22.0,61.0,75.9,71.0,36.0,24.0,43.5,4.5,NO,19.213333333333335,35.0,0.055146055146055147,6.333333333333333,16.0525,11.2
2025,18,00-0030035,Adam Thielen,WR,PIT,25.0,16.0,9.0,17.0,52.0,51.0,66.0,18.5,41.5,-4.5,BAL,4.666666666666667,3.3333333333333335,0.09247844335563633,0.3333333333333333,36.3875,7.3
2025,18,00-0030279,Keenan Allen,WR,LAC,38.0,23.0,19.0,33.0,65.5,25.0,31.0,11.5,37.5,-14.5,DEN,6.900000000000001,5.0,0.19323114940225739,0.6666666666666666,27.375,10.6
2025,18,00-0030506,Travis Kelce,TE,KC,56.0,36.0,26.0,17.0,63.4,56.0,29.0,20.0,36.5,3.5,LV,8.066666666666666,6.333333333333333,0.26060606060606056,0.3333333333333333,10.049999999999999,4.2
2025,18,00-0030564,DeAndre Hopkins,WR,BAL,18.0,14.0,13.0,17.0,33.6,67.0,59.0,23.0,41.5,4.5,PIT,4.1000000000000005,2.3333333333333335,0.12777777777777777,0.3333333333333333,34.5375,0.0
2025,18,00-0031345,Jimmy Garoppolo,QB,LA,6.0,0.0,37.0,0.0,79.5,100.0,48.0,32.0,49.5,14.5,ARI,-0.35,3.0,0.09339080459770115,0.0,18.24125,-0.3
2025,18,00-0031408,Mike Evans,WR,TB,70.0,50.0,30.0,67.0,79.0,68.0,31.0,23.25,43.5,3.0,CAR,15.133333333333333,9.333333333333334,0.29803030303030303,1.3333333333333333,27.46875,5.4
2025,18,00-0031484,Chris Manhertz,TE,NYG,3.0,3.0,1.0,0.0,31.2,70.0,38.0,23.75,50.5,-3.0,DAL,0.5666666666666667,0.3333333333333333,0.011111111111111112,0.0,12.25625,0.0
2025,18,00-0031588,Stefon Diggs,WR,NE,50.0,56.0,22.0,17.0,69.3,90.0,41.0,29.25,44.5,14.0,MIA,16.833333333333336,6.666666666666667,0.21997113997113996,0.3333333333333333,30.0125,7.3
2025,18,00-0032104,Ameer Abdullah,RB,IND,13.0,12.0,13.0,0.0,31.2,34.0,32.0,14.0,37.5,-9.5,HOU,4.166666666666667,3.6666666666666665,0.12930052067983103,0.0,19.9875,4.5
2025,18,00-0032211,Tyler Lockett,WR,LV,22.0,15.0,12.0,17.0,61.6,43.0,35.0,16.5,36.5,-3.5,KC,4.5,3.0,0.11935064935064936,0.3333333333333333,28.34375,1.5
2025,18,00-0032392,Austin Hooper,TE,NE,29.0,32.0,10.0,33.0,80.1,90.0,56.0,29.25,44.5,14.0,MIA,7.133333333333333,3.3333333333333335,0.09881673881673882,0.6666666666666666,16.6,1.5
2025,18,00-0032464,Kalif Raymond,WR,DET,20.0,23.0,6.0,0.0,43.0,71.0,59.0,24.0,51.5,-3.5,CHI,6.8999999999999995,2.6666666666666665,0.0638117176229699,0.0,34.6375,8.2
2025,18,00-0032764,Derrick Henry,RB,BAL,75.0,79.0,56.0,100.0,62.5,67.0,33.0,23.0,41.5,4.5,PIT,26.8,21.666666666666668,0.5610110539355821,5.333333333333333,20.01875,12.6
2025,18,00-0032775,Demarcus Robinson,WR,SF,15.0,23.0,7.0,17.0,85.5,65.0,28.0,22.5,47.5,-2.5,SEA,6.966666666666666,2.0,0.06639875457079758,0.3333333333333333,26.6,5.4
2025,18,00-0033077,Dak Prescott,QB,DAL,81.0,53.0,28.0,52.0,86.9,81.0,57.0,26.75,50.5,3.0,NYG,17.933333333333334,37.333333333333336,0.07119329945416902,5.333333333333333,19.89625,2.7
2025,18,00-0033090,Hunter Henry,TE,NE,38.0,47.0,14.0,67.0,64.7,90.0,56.0,29.25,44.5,14.0,MIA,10.733333333333333,4.333333333333333,0.141010101010101,1.3333333333333333,16.6,10.6
2025,18,00-0033106,Jared Goff,QB,DET,92.0,64.0,24.0,90.0,81.0,71.0,65.0,24.0,51.5,-3.5,CHI,21.353333333333335,42.666666666666664,0.061111111111111116,9.333333333333334,21.439999999999998,17.24
2025,18,00-0033110,Tyler Higbee,TE,LA,26.0,29.0,10.0,50.0,71.3,100.0,52.0,32.0,49.5,14.5,ARI,6.633333333333333,3.0,0.09711387541874576,1.0,15.637500000000001,20.1
2025,18,00-0033119,Jacoby Brissett,QB,ARI,81.0,51.0,25.0,48.0,86.0,47.0,42.0,17.5,49.5,-14.5,LA,17.220000000000002,37.333333333333336,0.062111801242236024,5.0,17.13625,19.62
2025,18,00-0033217,Mo Alie-Cox,TE,IND,21.0,22.0,7.0,33.0,58.9,34.0,39.0,14.0,37.5,-9.5,HOU,4.866666666666666,2.3333333333333335,0.07151979565772669,0.6666666666666666,12.49375,5.2
2025,18,00-0033246,Johnny Mundt,TE,JAC,18.0,10.0,8.0,17.0,47.1,91.0,43.0,29.5,46.5,12.5,TEN,2.2333333333333334,2.0,0.07668577668577668,0.3333333333333333,13.3375,2.6
2025,18,00-0033280,Christian McCaffrey,RB,SF,93.0,75.0,80.0,100.0,85.1,65.0,29.0,22.5,47.5,-2.5,SEA,25.466666666666665,27.0,0.80194899268437,6.666666666666667,19.225,11.7
2025,18,00-0033288,George Kittle,TE,SF,65.0,85.0,27.0,67.0,77.9,65.0,50.0,22.5,47.5,-2.5,SEA,19.333333333333332,7.333333333333333,0.2712842712842713,1.3333333333333333,14.975,7.9
2025,18,00-0033307,Kendrick Bourne,WR,SF,22.0,14.0,10.0,0.0,65.0,65.0,28.0,22.5,47.5,-2.5,SEA,4.3,3.0,0.09829477571413055,0.0,26.6,0.0
2025,18,00-0033319,Nick Mullens,QB,JAC,7.0,-0.0,42.0,0.0,76.3,91.0,56.0,29.5,46.5,12.5,TEN,-0.16,3.3333333333333335,0.10532407407407407,0.0,19.75625,0.44
2025,18,00-0033357,Taysom Hill,TE,NO,68.0,26.0,27.0,0.0,31.2,54.0,28.0,19.5,43.5,-4.5,ATL,5.84,7.666666666666667,0.27269811902559354,0.0,9.875,6.2
2025,18,00-0033375,Tim Patrick,WR,JAC,20.0,23.0,8.0,67.0,31.2,91.0,62.0,29.5,46.5,12.5,TEN,6.966666666666668,2.6666666666666665,0.0830489475650766,1.3333333333333333,35.41875,1.4
2025,18,00-0033376,Patrick Ricard,RB,BAL,1.0,0.0,1.0,0.0,47.8,67.0,33.0,23.0,41.5,4.5,PIT,0.0,0.3333333333333333,0.010101010101010102,0.0,20.01875,1.8
2025,18,00-0033439,Pharaoh Brown,TE,ARI,6.0,3.0,2.0,17.0,31.2,47.0,37.0,17.5,49.5,-14.5,LA,0.7000000000000001,0.6666666666666666,0.017543859649122806,0.3333333333333333,12.025,0.0
2025,18,00-0033455,Anthony Firkser,TE,DET,18.0,14.0,5.0,17.0,41.4,71.0,44.0,24.0,51.5,-3.5,CHI,3.233333333333333,2.0,0.047887966686631867,0.3333333333333333,13.74375,2.2
2025,18,00-0033526,Samaje Perine,RB,CIN,33.0,25.0,33.0,42.0,62.3,87.0,40.0,28.5,47.5,9.5,CLE,8.566666666666666,9.666666666666666,0.3311685489869583,1.6666666666666667,21.5175,8.2
2025,18,00-0033576,Eric Saubert,TE,SEA,9.0,3.0,4.0,33.0,31.2,74.0,52.0,25.0,47.5,2.5,SF,0.6333333333333333,1.0,0.035742035742035744,0.6666666666666666,15.6,3.0
2025,18,00-0033854,Dare Ogunbowale,RB,HOU,14.0,14.0,14.0,42.0,40.5,69.0,36.0,23.5,37.5,9.5,IND,4.6000000000000005,4.0,0.13516422434828504,1.6666666666666667,20.599999999999998,1.9
2025,18,00-0033857,JuJu Smith-Schuster,WR,KC,20.0,8.0,12.0,17.0,46.8,56.0,57.0,20.0,36.5,3.5,LV,2.2666666666666666,2.6666666666666665,0.12171717171717171,0.3333333333333333,34.03125,3.3
2025,18,00-0033858,Jonnu Smith,TE,PIT,38.0,31.0,15.0,0.0,58.6,51.0,33.0,18.5,41.5,-4.5,BAL,7.033333333333334,4.333333333333333,0.14540748312678137,0.0,11.00625,1.4
2025,18,00-0033869,Mitchell Trubisky,QB,BUF,7.0,2.0,15.0,0.0,63.0,78.0,54.0,26.0,39.5,12.5,NYJ,0.7533333333333333,3.3333333333333335,0.038407329105003524,0.0,19.3925,26.86
2025,18,00-0033881,Evan Engram,TE,DEN,32.0,20.0,10.0,33.0,80.6,78.0,31.0,26.0,37.5,14.5,LAC,4.633333333333333,3.6666666666666665,0.09627154328241284,0.6666666666666666,10.6375,7.5
2025,18,00-0033908,Cooper Kupp,WR,SEA,35.0,20.0,15.0,83.0,63.6,74.0,52.0,25.0,47.5,2.5,SF,6.033333333333334,4.666666666666667,0.15217936185678121,1.6666666666666667,32.6375,4.9
2025,18,00-0033921,Chris Godwin Jr.,WR,TB,48.0,49.0,19.0,67.0,73.5,68.0,31.0,23.25,43.5,3.0,CAR,14.6,6.333333333333333,0.19268939393939397,1.3333333333333333,27.46875,1.8
2025,18,00-0033923,Kareem Hunt,RB,KC,21.0,7.0,31.0,17.0,60.5,56.0,50.0,20.0,36.5,3.5,LV,2.3333333333333335,6.0,0.3069340016708438,0.6666666666666666,23.3,6.5
2025,18,00-0033949,Joshua Dobbs,QB,NE,9.0,1.0,29.0,0.0,56.4,90.0,56.0,29.25,44.5,14.0,MIA,0.3933333333333333,4.333333333333333,0.07151979565772669,0.0,19.7525,0.92
2025,18,00-0033955,Jeremy McNichols,RB,WSH,21.0,10.0,23.0,8.0,65.3,48.0,49.0,17.75,38.5,-3.0,PHI,3.4666666666666663,6.0,0.23318730818730818,0.3333333333333333,23.15625,2.1
2025,18,00-0034054,River Cracraft,WR,WSH,0.0,0.0,0.0,0.0,56.8,48.0,31.0,17.75,38.5,-3.0,PHI,0.0,0.0,0.0,0.0,27.3875,0.0
2025,18,00-0034159,Will Dissly,TE,LAC,18.0,16.0,7.0,17.0,60.6,25.0,46.0,11.5,37.5,-14.5,DEN,3.5999999999999996,2.0,0.07171241568156014,0.3333333333333333,14.0375,1.6
2025,18,00-0034270,Tyler Conklin,TE,LAC,15.0,13.0,5.0,0.0,50.3,25.0,46.0,11.5,37.5,-14.5,DEN,2.8333333333333335,1.6666666666666667,0.05036001911001911,0.0,14.0375,1.6
2025,18,00-0034272,Marquez Valdes-Scantling,WR,PIT,32.0,17.0,12.0,67.0,41.1,51.0,66.0,18.5,41.5,-4.5,BAL,5.2,4.333333333333333,0.11974254956711096,1.3333333333333333,36.3875,8.4
2025,18,00-0034348,Courtland Sutton,WR,DEN,80.0,59.0,28.0,100.0,81.0,78.0,33.0,26.0,37.5,14.5,LAC,17.633333333333336,10.666666666666666,0.2812132784958872,2.6666666666666665,27.9075,1.5
2025,18,00-0034367,Nyheim Hines,RB,NO,2.0,-0.0,2.0,0.0,41.8,54.0,42.0,19.5,43.5,-4.5,ATL,-0.06666666666666667,0.6666666666666666,0.015503875968992248,0.0,21.8125,0.0
2025,18,00-0034383,Dalton Schultz,TE,HOU,53.0,60.0,22.0,50.0,62.4,69.0,51.0,23.5,37.5,9.5,IND,13.666666666666666,6.0,0.21568627450980393,1.0,15.237499999999999,11.3
2025,18,00-0034386,Justin Watson,WR,HOU,15.0,10.0,8.0,50.0,77.7,69.0,67.0,23.5,37.5,9.5,IND,3.0,2.0,0.08051529790660225,1.0,36.71875,0.0
2025,18,00-0034418,Cedrick Wilson Jr.,WR,MIA,12.0,7.0,8.0,17.0,78.0,39.0,38.0,15.25,44.5,-14.0,NE,2.1666666666666665,1.6666666666666667,0.07554112554112555,0.3333333333333333,29.28125,0.0
2025,18,00-0034753,Mark Andrews,TE,BAL,32.0,22.0,21.0,17.0,82.2,67.0,59.0,23.0,41.5,4.5,PIT,5.0,3.6666666666666665,0.21010101010101012,0.3333333333333333,17.23125,3.4
2025,18,00-0034775,Christian Kirk,WR,HOU,32.0,12.0,15.0,0.0,65.2,69.0,67.0,23.5,37.5,9.5,IND,3.466666666666667,4.333333333333333,0.1501592089827384,0.0,36.71875,0.7
2025,18,00-0034796,Lamar Jackson,QB,BAL,49.0,44.0,43.0,42.0,57.6,67.0,61.0,23.0,41.5,4.5,PIT,14.800000000000002,22.666666666666668,0.1063131313131313,4.333333333333333,20.69125,22.42
2025,18,00-0034798,Durham Smythe,TE,CHI,6.0,5.0,2.0,0.0,35.8,84.0,40.0,27.5,51.5,3.5,DET,1.0999999999999999,0.6666666666666666,0.020451770451770452,0.0,12.73125,0.0
2025,18,00-0034827,DJ Moore,WR,CHI,42.0,52.0,19.0,33.0,61.8,84.0,68.0,27.5,51.5,3.5,DET,15.5,5.666666666666667,0.1891967121852179,0.6666666666666666,36.7325,2.1
2025,18,00-0034829,Mike Gesicki,TE,CIN,24.0,31.0,8.0,17.0,59.8,87.0,39.0,28.5,47.5,9.5,CLE,7.1000000000000005,2.6666666666666665,0.08236260454002389,0.3333333333333333,12.4,3.3
2025,18,00-0034855,Baker Mayfield,QB,TB,81.0,57.0,47.0,52.0,85.9,68.0,35.0,23.25,43.5,3.0,CAR,19.106666666666666,37.333333333333336,0.11805555555555557,5.333333333333333,15.85375,15.22
2025,18,00-0034860,Dante Pettis,WR,NO,12.0,9.0,6.0,0.0,31.2,54.0,54.0,19.5,43.5,-4.5,ATL,2.766666666666667,1.6666666666666667,0.056474914630943,0.0,33.2125,11.0
2025,18,00-0034869,Sam Darnold,QB,SEA,77.0,41.0,51.0,65.0,84.0,74.0,50.0,25.0,47.5,2.5,SF,13.64,35.666666666666664,0.12838383838383838,6.666666666666667,18.74875,8.82
2025,18,00-0034928,Steven Sims,WR,ARI,4.0,0.0,2.0,0.0,41.8,47.0,51.0,17.5,49.5,-14.5,LA,0.0,0.5,0.017241379310344827,0.0,32.38125,0.0
2025,18,00-0034960,Jakobi Meyers,WR,JAC,62.0,34.0,25.0,50.0,90.2,91.0,62.0,29.5,46.5,12.5,TEN,10.200000000000001,8.333333333333334,0.2529505696172363,1.0,35.41875,9.4
2025,18,00-0035021,Ashton Dulin,WR,IND,5.0,9.0,2.0,0.0,34.0,34.0,20.0,14.0,37.5,-9.5,HOU,2.6666666666666665,0.6666666666666666,0.01888276947285602,0.0,24.5625,0.0
2025,18,00-0035249,Josh Oliver,TE,MIN,18.0,13.0,10.0,0.0,67.8,74.0,38.0,25.0,37.5,12.5,GB,2.8333333333333335,2.0,0.10498619737750171,0.0,12.26875,4.9
2025,18,00-0035250,Devin Singletary,RB,NYG,34.0,25.0,35.0,33.0,58.6,70.0,55.0,23.75,50.5,-3.0,DAL,8.333333333333334,10.0,0.3465922883609202,1.3333333333333333,24.29375,8.6
2025,18,00-0035261,Tony Pollard,RB,TEN,66.0,39.0,67.0,42.0,84.4,45.0,25.0,17.0,46.5,-12.5,JAC,13.299999999999999,19.0,0.6673076923076923,1.6666666666666667,18.51875,9.5
2025,18,00-0035291,Trayveon Williams,RB,CLE,14.0,13.0,15.0,0.0,51.5,52.0,80.0,19.0,47.5,-9.5,CIN,4.3999999999999995,4.0,0.15064615690959776,0.0,29.21125,3.0
2025,18,00-0035298,Scott Miller,WR,PIT,27.0,14.0,10.0,17.0,52.3,51.0,66.0,18.5,41.5,-4.5,BAL,4.1000000000000005,3.6666666666666665,0.09979551920341394,0.3333333333333333,36.3875,2.9
2025,18,00-0035359,David Sills,WR,ATL,38.0,23.0,16.0,33.0,37.1,71.0,33.0,24.0,43.5,4.5,NO,6.833333333333333,5.0,0.15806848977580687,0.6666666666666666,27.83125,2.1
2025,18,00-0035535,Darius Slayton,WR,NYG,38.0,19.0,18.0,17.0,50.5,70.0,80.0,23.75,50.5,-3.0,DAL,5.566666666666666,5.0,0.17835740249533352,0.3333333333333333,39.91875,7.4
2025,18,00-0035537,Ty Johnson,RB,BUF,22.0,21.0,20.0,58.0,79.4,78.0,67.0,26.0,39.5,12.5,NYJ,7.066666666666666,6.333333333333333,0.19988942402735507,2.3333333333333335,26.599999999999998,19.6
2025,18,00-0035544,Tom Kennedy,WR,DET,0.0,0.0,0.0,0.0,56.8,71.0,59.0,24.0,51.5,-3.5,CHI,0.0,0.0,0.0,0.0,34.6375,0.0
2025,18,00-0035594,Travis Homer,RB,CHI,0.0,0.0,0.0,0.0,56.8,84.0,33.0,27.5,51.5,3.5,DET,0.0,0.0,0.0,0.0,20.1,0.0
2025,18,00-0035602,Alex Bachman,WR,LV,2.0,1.0,2.0,0.0,31.2,43.0,35.0,16.5,36.5,-3.5,KC,0.43333333333333335,0.3333333333333333,0.015151515151515152,0.0,28.34375,0.0
2025,18,00-0035628,D'Ernest Johnson,RB,NE,9.0,1.0,9.0,8.0,58.2,90.0,48.0,29.25,44.5,14.0,MIA,0.4000000000000001,2.6666666666666665,0.08641975308641975,0.3333333333333333,22.91875,1.3
2025,18,00-0035631,Drew Sample,TE,CIN,15.0,15.0,5.0,0.0,71.2,87.0,39.0,28.5,47.5,9.5,CLE,3.3666666666666667,1.6666666666666667,0.050440561529271205,0.0,12.4,4.7
2025,18,00-0035644,Noah Fant,TE,CIN,15.0,6.0,4.0,33.0,58.2,87.0,39.0,28.5,47.5,9.5,CLE,1.2666666666666666,1.6666666666666667,0.044086700336700334,0.6666666666666666,12.4,1.5
2025,18,00-0035645,Gunner Olszewski,WR,NYG,2.0,3.0,1.0,0.0,31.2,70.0,80.0,23.75,50.5,-3.0,DAL,0.9666666666666667,0.3333333333333333,0.011494252873563218,0.0,39.91875,18.2
2025,18,00-0035659,Terry McLaurin,WR,WSH,38.0,39.0,26.0,0.0,77.5,48.0,31.0,17.75,38.5,-3.0,PHI,11.833333333333334,5.0,0.2611111111111111,0.0,27.3875,9.7
2025,18,00-0035662,Marquise Brown,WR,KC,20.0,13.0,12.0,0.0,73.8,56.0,57.0,20.0,36.5,3.5,LV,3.8000000000000003,2.6666666666666665,0.11844305120167191,0.0,34.03125,9.4
2025,18,00-0035685,David Montgomery,RB,DET,28.0,16.0,37.0,58.0,66.2,71.0,39.0,24.0,51.5,-3.5,CHI,5.533333333333334,8.0,0.3706493244605767,2.3333333333333335,21.3125,6.5
2025,18,00-0035689,Dawson Knox,TE,BUF,32.0,42.0,14.0,83.0,61.0,78.0,49.0,26.0,39.5,12.5,NYJ,9.566666666666666,3.6666666666666665,0.13882413882413883,1.6666666666666667,14.72625,10.4
2025,18,00-0035719,Deebo Samuel Sr.,WR,WSH,38.0,28.0,28.0,0.0,80.9,48.0,31.0,17.75,38.5,-3.0,PHI,8.366666666666667,5.0,0.27599206349206346,0.0,27.3875,4.1
2025,18,00-0036040,Juwan Johnson,TE,NO,50.0,55.0,16.0,17.0,71.7,54.0,28.0,19.5,43.5,-4.5,ATL,12.466666666666667,5.666666666666667,0.1562232559715973,0.3333333333333333,9.875,9.1
2025,18,00-0036133,James Proche,WR,TEN,18.0,2.0,7.0,0.0,34.0,45.0,50.0,17.0,46.5,-12.5,JAC,0.5,2.3333333333333335,0.07377289377289377,0.0,32.11875,1.5
2025,18,00-0036139,Rico Dowdle,RB,CAR,56.0,30.0,64.0,25.0,90.3,57.0,49.0,20.25,43.5,-3.0,TB,10.0,16.333333333333332,0.6364370396628461,1.0,23.275,5.0
2025,18,00-0036165,Isaiah Hodgins,WR,NYG,12.0,5.0,6.0,17.0,82.6,70.0,80.0,23.75,50.5,-3.0,DAL,1.5333333333333332,1.6666666666666667,0.05539591315453384,0.3333333333333333,39.91875,0.0
2025,18,00-0036176,Mason Kinsey,WR,TEN,10.0,8.0,4.0,0.0,31.6,45.0,50.0,17.0,46.5,-12.5,JAC,2.266666666666667,1.3333333333333333,0.0373015873015873,0.0,32.11875,0.0
2025,18,00-0036182,Nick Westbrook-Ikhine,WR,MIA,2.0,0.0,1.0,0.0,41.8,39.0,38.0,15.25,44.5,-14.0,NE,0.0,0.3333333333333333,0.013333333333333334,0.0,29.28125,0.0
2025,18,00-0036187,Reggie Gilliam,RB,BUF,0.0,0.0,0.0,0.0,56.8,78.0,67.0,26.0,39.5,12.5,NYJ,0.0,0.0,0.0,0.0,26.599999999999998,3.6
2025,18,00-0036196,Gabe Davis,WR,BUF,12.0,6.0,6.0,50.0,55.2,78.0,45.0,26.0,39.5,12.5,NYJ,1.8666666666666665,1.6666666666666667,0.06377787537207827,1.0,30.925,15.1
2025,18,00-0036223,Jonathan Taylor,RB,IND,86.0,47.0,100.0,100.0,88.3,34.0,32.0,14.0,37.5,-9.5,HOU,15.799999999999999,25.0,1.010651608927471,4.333333333333333,19.9875,5.9
2025,18,00-0036244,Colby Parkinson,TE,LA,53.0,59.0,15.0,83.0,63.0,100.0,52.0,32.0,49.5,14.5,ARI,13.299999999999999,6.0,0.15399610136452244,1.6666666666666667,15.637500000000001,19.6
2025,18,00-0036252,Michael Pittman,WR,IND,32.0,18.0,14.0,17.0,78.2,34.0,20.0,14.0,37.5,-9.5,HOU,5.466666666666666,4.333333333333333,0.14488161901955007,0.3333333333333333,24.5625,3.1
2025,18,00-0036259,Jauan Jennings,WR,SF,38.0,54.0,17.0,100.0,85.0,65.0,28.0,22.5,47.5,-2.5,SEA,16.333333333333332,5.0,0.16534520835596103,2.3333333333333335,26.6,7.5
2025,18,00-0036265,AJ Dillon,RB,PHI,9.0,7.0,13.0,8.0,65.3,59.0,60.0,20.75,38.5,3.0,WSH,2.3000000000000003,2.6666666666666665,0.13036412512218964,0.3333333333333333,25.40625,1.3
2025,18,00-0036275,D'Andre Swift,RB,CHI,53.0,53.0,55.0,50.0,78.9,84.0,33.0,27.5,51.5,3.5,DET,17.833333333333332,15.333333333333334,0.5458236952489826,2.0,20.1,5.8
2025,18,00-0036290,Cole Kmet,TE,CHI,29.0,17.0,11.0,17.0,84.1,84.0,40.0,27.5,51.5,3.5,DET,3.9333333333333336,3.3333333333333335,0.109506500311098,0.3333333333333333,12.73125,3.6
2025,18,00-0036309,Darnell Mooney,WR,ATL,27.0,18.0,12.0,0.0,72.8,71.0,33.0,24.0,43.5,4.5,NO,5.466666666666666,3.6666666666666665,0.11898250800689825,0.0,27.83125,5.0
2025,18,00-0036322,Justin Jefferson,WR,MIN,52.0,29.0,35.0,100.0,74.8,74.0,46.0,25.0,37.5,12.5,GB,8.566666666666666,7.0,0.3461007591442374,2.0,31.325,18.4
2025,18,00-0036331,Devin Duvernay,WR,CHI,2.0,0.0,1.0,0.0,41.8,84.0,68.0,27.5,51.5,3.5,DET,0.0,0.3333333333333333,0.008547008547008546,0.0,36.7325,0.0
2025,18,00-0036332,Josiah Deguara,TE,ARI,6.0,0.0,2.0,0.0,45.5,47.0,37.0,17.5,49.5,-14.5,LA,0.0,0.6666666666666666,0.019070010449320794,0.0,12.025,9.5
2025,18,00-0036358,CeeDee Lamb,WR,DAL,68.0,42.0,26.0,67.0,83.1,81.0,58.0,26.75,50.5,3.0,NYG,12.6,9.0,0.2607473544973545,1.3333333333333333,34.28125,1.4
2025,18,00-0036407,Jerry Jeudy,WR,CLE,38.0,21.0,19.0,0.0,66.2,52.0,26.0,19.0,47.5,-9.5,CIN,6.266666666666667,5.0,0.1938427440998736,0.0,25.9925,4.2
2025,18,00-0036410,Tee Higgins,WR,CIN,48.0,57.0,19.0,50.0,58.6,87.0,22.0,28.5,47.5,9.5,CLE,17.133333333333336,6.333333333333333,0.18619324970131423,1.0,24.95625,18.7
2025,18,00-0036414,Cam Akers,RB,SEA,7.0,7.0,7.0,0.0,31.2,74.0,48.0,25.0,47.5,2.5,SF,2.393333333333333,2.0,0.06765232974910394,0.0,22.93125,0.0
2025,18,00-0036425,DeeJay Dallas,RB,JAC,5.0,2.0,4.0,8.0,31.2,91.0,44.0,29.5,46.5,12.5,TEN,0.7000000000000001,1.3333333333333333,0.04076944458069685,0.3333333333333333,22.18125,0.0
2025,18,00-0036442,Joe Burrow,QB,CIN,78.0,59.0,31.0,45.0,81.2,87.0,26.0,28.5,47.5,9.5,CLE,19.62,36.333333333333336,0.07720095995958065,4.666666666666667,14.18625,23.14
2025,18,00-0036555,Chuba Hubbard,RB,CAR,26.0,14.0,31.0,42.0,89.0,57.0,49.0,20.25,43.5,-3.0,TB,4.666666666666667,7.666666666666667,0.3123419591161527,1.6666666666666667,23.275,3.7
2025,18,00-0036590,Quintin Morris,TE,JAC,9.0,8.0,3.0,0.0,31.2,91.0,43.0,29.5,46.5,12.5,TEN,1.8333333333333333,1.0,0.03333333333333333,0.0,13.3375,7.5
2025,18,00-0036626,Dyami Brown,WR,JAC,8.0,0.0,4.0,0.0,57.0,91.0,62.0,29.5,46.5,12.5,TEN,0.13333333333333333,1.0,0.04198994778704923,0.0,35.41875,1.8
2025,18,00-0036628,John Bates,TE,WSH,6.0,4.0,4.0,0.0,35.5,48.0,21.0,17.75,38.5,-3.0,PHI,0.9666666666666667,0.6666666666666666,0.0375,0.0,8.1375,9.3
2025,18,00-0036637,Noah Gray,TE,KC,12.0,5.0,5.0,0.0,31.2,56.0,29.0,20.0,36.5,3.5,LV,1.2,1.3333333333333333,0.051149425287356325,0.0,10.049999999999999,6.0
2025,18,00-0036755,Jaret Patterson,RB,LAC,15.0,11.0,11.0,42.0,31.2,25.0,20.0,11.5,37.5,-14.5,DEN,3.8666666666666667,4.333333333333333,0.11117552115301554,1.6666666666666667,17.56875,6.7
2025,18,00-0036825,Feleipe Franks,TE,ATL,3.0,0.0,1.0,0.0,37.2,71.0,39.0,24.0,43.5,4.5,NO,0.06666666666666667,0.3333333333333333,0.011494252873563218,0.0,12.51875,0.0
2025,18,00-0036842,Kene Nwangwu,RB,NYJ,7.0,3.0,7.0,25.0,31.2,32.0,59.0,13.5,39.5,-12.5,BUF,1.0333333333333334,2.0,0.07142857142857142,1.0,25.20625,1.8
2025,18,00-0036849,Tutu Atwell,WR,LA,18.0,12.0,6.0,17.0,46.8,100.0,42.0,32.0,49.5,14.5,ARI,3.6999999999999997,2.3333333333333335,0.05578862615475888,0.3333333333333333,30.14375,2.9
2025,18,00-0036862,Ben Skowronek,WR,PIT,2.0,3.0,1.0,0.0,31.2,51.0,66.0,18.5,41.5,-4.5,BAL,0.7666666666666666,0.3333333333333333,0.010101010101010102,0.0,36.3875,0.0
2025,18,00-0036875,Rhamondre Stevenson,RB,NE,38.0,53.0,41.0,25.0,76.9,90.0,48.0,29.25,44.5,14.0,MIA,17.900000000000002,11.0,0.4059468389903172,1.0,22.91875,35.3
2025,18,00-0036876,Kylen Granson,TE,PHI,0.0,0.0,0.0,0.0,56.8,59.0,53.0,20.75,38.5,3.0,WSH,0.0,0.0,0.0,0.0,15.6875,7.0
2025,18,00-0036894,Pat Freiermuth,TE,PIT,41.0,34.0,14.0,0.0,85.4,51.0,33.0,18.5,41.5,-4.5,BAL,7.6000000000000005,4.666666666666667,0.14186115940501906,0.0,11.00625,8.1
2025,18,00-0036898,Davis Mills,QB,HOU,88.0,58.0,40.0,94.0,83.6,69.0,48.0,23.5,37.5,9.5,IND,19.52,41.0,0.1000810783419479,9.666666666666666,18.33625,2.64
2025,18,00-0036900,Ja'Marr Chase,WR,CIN,90.0,76.0,36.0,50.0,84.8,87.0,22.0,28.5,47.5,9.5,CLE,22.7,12.0,0.3601777180406212,1.0,24.95625,23.6
2025,18,00-0036906,Khalil Herbert,RB,NYJ,7.0,1.0,7.0,0.0,38.9,32.0,59.0,13.5,39.5,-12.5,BUF,0.3333333333333333,2.0,0.06682027649769585,0.0,25.20625,5.6
2025,18,00-0036912,DeVonta Smith,WR,PHI,38.0,31.0,20.0,50.0,58.9,59.0,63.0,20.75,38.5,3.0,WSH,9.233333333333333,5.0,0.20474863578311853,1.0,35.61875,8.2
2025,18,00-0036919,Kenny Gainwell,RB,PIT,54.0,50.0,56.0,17.0,73.4,51.0,45.0,18.5,41.5,-4.5,BAL,16.733333333333334,15.666666666666666,0.5557929198280075,0.6666666666666666,22.425,21.4
2025,18,00-0036924,Michael Carter,RB,ARI,48.0,26.0,66.0,8.0,76.8,47.0,35.0,17.5,49.5,-14.5,LA,8.733333333333333,14.0,0.6573011547050843,0.3333333333333333,20.39375,6.9
2025,18,00-0036963,Amon-Ra St. Brown,WR,DET,100.0,73.0,37.0,100.0,61.0,71.0,59.0,24.0,51.5,-3.5,CHI,21.866666666666664,13.333333333333334,0.3650123318907348,4.0,34.6375,24.9
2025,18,00-0036970,Kyle Pitts,TE,ATL,71.0,100.0,24.0,100.0,53.0,71.0,39.0,24.0,43.5,4.5,NO,22.633333333333336,8.0,0.23847006651884697,2.0,12.51875,11.8
2025,18,00-0036971,Trevor Lawrence,QB,JAC,89.0,100.0,91.0,100.0,87.8,91.0,56.0,29.5,46.5,12.5,TEN,33.52666666666667,41.333333333333336,0.22775649212430818,10.333333333333334,19.75625,23.3
2025,18,00-0036973,Travis Etienne,RB,JAC,66.0,59.0,66.0,67.0,78.3,91.0,44.0,29.5,46.5,12.5,TEN,19.766666666666666,19.0,0.6633464334613759,2.6666666666666665,22.18125,4.8
2025,18,00-0036988,Josh Palmer,WR,BUF,12.0,7.0,6.0,0.0,77.9,78.0,45.0,26.0,39.5,12.5,NYJ,2.0,1.6666666666666667,0.06436156436156436,0.0,30.925,1.1
2025,18,00-0037005,Tommy Tremble,TE,CAR,18.0,10.0,9.0,0.0,49.0,57.0,54.0,20.25,43.5,-3.0,TB,2.1666666666666665,2.0,0.09329237071172554,0.0,15.9,12.8
2025,18,00-0037012,Trey Lance,QB,LAC,15.0,5.0,42.0,0.0,57.4,25.0,35.0,11.5,37.5,-14.5,DEN,1.7333333333333334,7.0,0.10585343095033017,0.0,15.8125,12.34
2025,18,00-0037013,Zach Wilson,QB,MIA,9.0,1.0,18.0,0.0,31.2,39.0,38.0,15.25,44.5,-14.0,NE,0.46,4.0,0.04403794037940379,0.0,16.47375,0.0
2025,18,00-0037015,Sal Cannella,TE,CLE,35.0,14.0,17.0,0.0,56.8,52.0,80.0,19.0,47.5,-9.5,CIN,3.1,4.0,0.17391304347826086,0.0,22.19375,0.0
2025,18,00-0037031,Nikola Kalinic,TE,CHI,0.0,0.0,0.0,0.0,56.8,84.0,40.0,27.5,51.5,3.5,DET,0.0,0.0,0.0,0.0,12.73125,0.0
2025,18,00-0037085,Tyler Badie,RB,DEN,5.0,2.0,3.0,0.0,40.4,78.0,26.0,26.0,37.5,14.5,LAC,0.7666666666666666,1.3333333333333333,0.03215579710144927,0.0,18.7,4.6
2025,18,00-0037086,Grant Calcaterra,TE,PHI,9.0,7.0,4.0,17.0,88.9,59.0,53.0,20.75,38.5,3.0,WSH,1.5,1.0,0.04292929292929293,0.3333333333333333,15.6875,10.1
2025,18,00-0037091,Bo Melton,WR,GB,12.0,5.0,7.0,0.0,32.8,29.0,22.0,12.5,37.5,-12.5,MIN,1.4666666666666668,1.6666666666666667,0.06592592592592593,0.0,24.99375,0.0
2025,18,00-0037120,Tyler Goodson,RB,IND,3.0,1.0,5.0,0.0,31.2,34.0,32.0,14.0,37.5,-9.5,HOU,0.3,1.0,0.049999999999999996,0.0,19.9875,0.3
2025,18,00-0037132,Britain Covey,WR,PHI,0.0,0.0,0.0,0.0,56.8,59.0,63.0,20.75,38.5,3.0,WSH,0.0,0.0,0.0,0.0,35.61875,4.0
2025,18,00-0037228,Jaylen Warren,RB,PIT,49.0,43.0,55.0,50.0,68.4,51.0,45.0,18.5,41.5,-4.5,BAL,14.433333333333332,14.333333333333334,0.552095727534324,2.0,22.425,14.9
2025,18,00-0037231,Kevin Austin Jr.,WR,NO,32.0,28.0,14.0,33.0,64.8,54.0,54.0,19.5,43.5,-4.5,ATL,8.433333333333334,4.333333333333333,0.1367684316666243,0.6666666666666666,33.2125,7.7
2025,18,00-0037238,Drake London,WR,ATL,48.0,29.0,22.0,17.0,48.5,71.0,33.0,24.0,43.5,4.5,NO,8.666666666666666,6.333333333333333,0.21758969000348313,0.3333333333333333,27.83125,17.8
2025,18,00-0037240,Jameson Williams,WR,DET,55.0,49.0,18.0,50.0,58.8,71.0,59.0,24.0,51.5,-3.5,CHI,14.699999999999998,7.333333333333333,0.17989436455861138,1.0,34.6375,13.4
2025,18,00-0037247,George Pickens,WR,DAL,50.0,49.0,20.0,33.0,66.0,81.0,58.0,26.75,50.5,3.0,NYG,14.699999999999998,6.666666666666667,0.19718915343915344,0.6666666666666666,34.28125,1.9
2025,18,00-0037248,James Cook,RB,BUF,77.0,65.0,70.0,100.0,78.8,78.0,67.0,26.0,39.5,12.5,NYJ,22.066666666666666,22.333333333333332,0.7000290620980277,4.0,26.599999999999998,1.5
2025,18,00-0037252,Greg Dulcich,TE,MIA,35.0,45.0,16.0,67.0,57.1,39.0,51.0,15.25,44.5,-14.0,NE,10.100000000000001,4.0,0.1644011544011544,1.3333333333333333,15.253333333333332,6.1
2025,18,00-0037256,Rachaad White,RB,TB,15.0,15.0,16.0,17.0,62.8,68.0,57.0,23.25,43.5,3.0,CAR,5.1,4.333333333333333,0.15955808080808082,0.6666666666666666,24.75,6.1
2025,18,00-0037258,Dameon Pierce,RB,KC,8.0,2.0,7.0,0.0,31.2,56.0,50.0,20.0,36.5,3.5,LV,0.7000000000000001,2.3333333333333335,0.0707070707070707,0.0,23.3,1.0
2025,18,00-0037263,Tyler Allgeier,RB,ATL,33.0,12.0,29.0,25.0,45.5,71.0,40.0,24.0,43.5,4.5,NO,4.133333333333334,9.666666666666666,0.28700128700128696,1.0,21.5,2.9
2025,18,00-0037276,Ty Chandler,RB,MIN,12.0,4.0,12.0,0.0,31.2,74.0,41.0,25.0,37.5,12.5,GB,1.2,3.5,0.125,0.0,21.65,6.4
2025,18,00-0037291,Jalen Nailor,WR,MIN,22.0,22.0,13.0,33.0,39.6,74.0,46.0,25.0,37.5,12.5,GB,6.5,3.0,0.13458515451269074,0.6666666666666666,31.325,7.9
2025,18,00-0037324,Chris Oladokun,QB,KC,45.0,19.0,48.0,29.0,84.8,56.0,49.0,20.0,36.5,3.5,LV,6.44,21.0,0.11929824561403508,3.0,18.57625,2.32
2025,18,00-0037487,Deven Thompkins,WR,ATL,0.0,0.0,0.0,0.0,56.8,71.0,33.0,24.0,43.5,4.5,NO,0.0,0.0,0.0,0.0,27.83125,0.0
2025,18,00-0037525,Jordan Mason,RB,MIN,28.0,16.0,27.0,50.0,48.9,74.0,41.0,25.0,37.5,12.5,GB,5.3999999999999995,8.0,0.26801490322376936,2.0,21.65,9.4
2025,18,00-0037545,Rashid Shaheed,WR,SEA,27.0,19.0,12.0,17.0,31.2,74.0,52.0,25.0,47.5,2.5,SF,5.666666666666667,3.6666666666666665,0.12276512018447501,0.3333333333333333,32.6375,1.2
2025,18,00-0037557,Ronnie Rivers,RB,LA,1.0,0.0,2.0,0.0,31.2,100.0,68.0,32.0,49.5,14.5,ARI,0.16666666666666666,0.3333333333333333,0.016666666666666666,0.0,26.925,0.0
2025,18,00-0037594,Julius Chestnut,RB,TEN,1.0,0.0,1.0,0.0,31.2,45.0,25.0,17.0,46.5,-12.5,JAC,0.03333333333333333,0.3333333333333333,0.008333333333333333,0.0,18.51875,0.0
2025,18,00-0037614,John Metchie III,WR,NYJ,35.0,17.0,15.0,17.0,69.3,32.0,30.0,13.5,39.5,-12.5,BUF,5.133333333333334,4.666666666666667,0.14579380139152434,0.3333333333333333,27.20625,5.0
2025,18,00-0037617,Hassan Haskins,RB,LAC,5.0,1.0,4.0,8.0,31.2,25.0,20.0,11.5,37.5,-14.5,DEN,0.4666666666666666,1.3333333333333333,0.04040404040404041,0.3333333333333333,17.56875,0.3
2025,18,00-0037664,Alec Pierce,WR,IND,25.0,30.0,11.0,33.0,45.8,34.0,20.0,14.0,37.5,-9.5,HOU,9.066666666666668,3.3333333333333335,0.10732881422536596,0.6666666666666666,24.5625,29.2
2025,18,00-0037666,Jalen Tolbert,WR,DAL,22.0,8.0,8.0,17.0,31.2,81.0,58.0,26.75,50.5,3.0,NYG,2.3666666666666667,3.0,0.08449074074074074,0.3333333333333333,34.28125,0.0
2025,18,00-0037741,Jahan Dotson,WR,PHI,18.0,6.0,8.0,17.0,53.0,59.0,63.0,20.75,38.5,3.0,WSH,1.8666666666666665,2.3333333333333335,0.07595006324588902,0.3333333333333333,35.61875,7.0
2025,18,00-0037742,Treylon Burks,WR,WSH,22.0,8.0,16.0,33.0,48.5,48.0,31.0,17.75,38.5,-3.0,PHI,2.3666666666666667,3.0,0.15674603174603174,0.6666666666666666,27.3875,3.2
2025,18,00-0037744,Trey McBride,TE,ARI,100.0,100.0,33.0,100.0,70.9,47.0,37.0,17.5,49.5,-14.5,LA,22.566666666666666,11.333333333333334,0.3297986345173278,3.0,12.025,13.5
2025,18,00-0037746,Brian Robinson,RB,SF,23.0,8.0,19.0,33.0,75.1,65.0,29.0,22.5,47.5,-2.5,SEA,2.6333333333333333,6.666666666666667,0.1927801938288306,1.3333333333333333,19.225,0.9
2025,18,00-0037801,KaVontae Turpin,WR,DAL,25.0,26.0,11.0,33.0,44.2,81.0,58.0,26.75,50.5,3.0,NYG,7.833333333333332,3.3333333333333335,0.1108638141246837,0.6666666666666666,34.28125,0.7
2025,18,00-0037809,Chig Okonkwo,TE,TEN,62.0,56.0,24.0,67.0,81.4,45.0,52.0,17.0,46.5,-12.5,JAC,12.733333333333333,7.0,0.24235517568850903,1.3333333333333333,15.5375,2.2
2025,18,00-0037834,Brock Purdy,QB,SF,81.0,99.0,57.0,81.0,92.8,65.0,39.0,22.5,47.5,-2.5,SEA,33.339999999999996,37.333333333333336,0.14173241452778054,8.333333333333334,16.548750000000002,7.18
2025,18,00-0037837,Calvin Austin III,WR,PIT,10.0,7.0,4.0,0.0,53.8,51.0,66.0,18.5,41.5,-4.5,BAL,1.9666666666666666,1.3333333333333333,0.04131962903892728,0.0,36.3875,14.5
2025,18,00-0037838,Isaiah Likely,TE,BAL,26.0,27.0,11.0,50.0,32.9,67.0,59.0,23.0,41.5,4.5,PIT,6.066666666666666,3.0,0.1106060606060606,1.0,17.23125,5.2
2025,18,00-0037840,Kyren Williams,RB,LA,70.0,49.0,66.0,92.0,79.3,100.0,68.0,32.0,49.5,14.5,ARI,16.433333333333334,20.333333333333332,0.6638780306203175,3.6666666666666665,26.925,11.1
2025,18,00-0038040,Zamir White,RB,LV,15.0,7.0,16.0,0.0,50.0,43.0,30.0,16.5,36.5,-3.5,KC,2.2666666666666666,4.333333333333333,0.15922536746690155,0.0,19.5,2.0
2025,18,00-0038041,Jake Ferguson,TE,DAL,29.0,24.0,10.0,33.0,73.8,81.0,35.0,26.75,50.5,3.0,NYG,5.366666666666667,3.3333333333333335,0.09828042328042329,0.6666666666666666,11.5225,1.5
2025,18,00-0038090,Skyy Moore,WR,SF,5.0,5.0,2.0,0.0,34.0,65.0,28.0,22.5,47.5,-2.5,SEA,1.4333333333333333,0.6666666666666666,0.01990493166963755,0.0,26.6,0.0
2025,18,00-0038102,Kenny Pickett,QB,LV,29.0,12.0,32.0,6.0,33.1,43.0,42.0,16.5,36.5,-3.5,KC,4.126666666666667,13.666666666666666,0.07905982905982906,0.6666666666666666,17.155,1.02
2025,18,00-0038115,Daniel Bellinger,TE,NYG,26.0,14.0,9.0,17.0,58.1,70.0,38.0,23.75,50.5,-3.0,DAL,3.1999999999999997,3.0,0.09112763879498159,0.3333333333333333,12.25625,11.8
2025,18,00-0038129,Cade Otton,TE,TB,29.0,23.0,10.0,17.0,75.1,68.0,42.0,23.25,43.5,3.0,CAR,5.233333333333333,3.3333333333333335,0.10458874458874458,0.3333333333333333,13.168750000000001,22.4
2025,18,00-0038134,Kenneth Walker III,RB,SEA,47.0,36.0,49.0,8.0,64.3,74.0,48.0,25.0,47.5,2.5,SF,11.999999999999998,13.666666666666666,0.4899192921773567,0.3333333333333333,22.93125,17.3
2025,18,00-0038359,Xavier Smith,WR,LA,20.0,20.0,7.0,17.0,33.7,100.0,42.0,32.0,49.5,14.5,ARI,6.133333333333333,2.6666666666666665,0.06944444444444443,0.3333333333333333,30.14375,1.6
2025,18,00-0038397,Evan Hull,RB,NO,13.0,2.0,15.0,17.0,58.0,54.0,42.0,19.5,43.5,-4.5,ATL,0.6,3.6666666666666665,0.14898550724637682,0.6666666666666666,21.8125,1.1
2025,18,00-0038400,Tanner McKee,QB,PHI,6.0,2.0,23.0,0.0,53.4,59.0,61.0,20.75,38.5,3.0,WSH,0.6066666666666667,3.0,0.05700307202184549,0.0,20.78125,13.94
2025,18,00-0038440,Zavier Scott,RB,MIN,8.0,5.0,8.0,0.0,37.2,74.0,41.0,25.0,37.5,12.5,GB,1.7333333333333334,2.3333333333333335,0.08061949417448139,0.0,21.65,2.7
2025,18,00-0038454,Keaton Mitchell,RB,BAL,33.0,14.0,32.0,42.0,73.2,67.0,33.0,23.0,41.5,4.5,PIT,4.566666666666666,9.666666666666666,0.3197350867162188,1.6666666666666667,20.01875,0.2
2025,18,00-0038542,Bijan Robinson,RB,ATL,100.0,100.0,100.0,42.0,87.4,71.0,40.0,24.0,43.5,4.5,NO,33.73333333333333,29.0,1.0018290067070554,1.6666666666666667,21.5,7.3
2025,18,00-0038543,Jaxon Smith-Njigba,WR,SEA,85.0,64.0,38.0,67.0,85.0,74.0,52.0,25.0,47.5,2.5,SF,19.366666666666664,11.333333333333334,0.38454019099180387,1.3333333333333333,32.6375,14.4
2025,18,00-0038547,Luke Schoonmaker,TE,DAL,15.0,14.0,4.0,0.0,77.6,81.0,35.0,26.75,50.5,3.0,NYG,3.2000000000000006,1.6666666666666667,0.0422267252054486,0.0,11.5225,2.2
2025,18,00-0038555,Tank Bigsby,RB,PHI,29.0,17.0,22.0,58.0,42.4,59.0,60.0,20.75,38.5,3.0,WSH,5.766666666666667,8.333333333333334,0.21909412147209392,2.3333333333333335,25.40625,17.6
2025,18,00-0038559,Michael Wilson,WR,ARI,60.0,55.0,23.0,33.0,72.5,47.0,51.0,17.5,49.5,-14.5,LA,16.499999999999996,8.0,0.22621208192896033,0.6666666666666666,32.38125,20.9
2025,18,00-0038563,Tre Tucker,WR,LV,45.0,21.0,25.0,17.0,58.4,43.0,35.0,16.5,36.5,-3.5,KC,6.433333333333333,6.0,0.2452108385441719,0.3333333333333333,28.34375,5.4
2025,18,00-0038564,Cameron Latu,TE,PHI,0.0,0.0,0.0,0.0,56.8,59.0,53.0,20.75,38.5,3.0,WSH,0.0,0.0,0.0,0.0,15.6875,0.0
2025,18,00-0038573,Derius Davis,WR,LAC,2.0,0.0,1.0,0.0,41.8,25.0,31.0,11.5,37.5,-14.5,DEN,0.0,0.3333333333333333,0.013888888888888888,0.0,27.375,1.7
2025,18,00-0038582,Clayton Tune,QB,GB,11.0,1.0,24.0,0.0,56.8,29.0,20.0,12.5,37.5,-12.5,MIN,0.32,5.0,0.058823529411764705,0.0,13.08625,3.66
2025,18,00-0038589,Josh Whyle,TE,GB,9.0,7.0,4.0,0.0,70.2,29.0,34.0,12.5,37.5,-12.5,MIN,1.6333333333333335,1.0,0.03932033983008496,0.0,11.275,1.4
2025,18,00-0038597,Chase Brown,RB,CIN,70.0,77.0,65.0,100.0,80.8,87.0,40.0,28.5,47.5,9.5,CLE,26.0,20.333333333333332,0.6518708182292721,4.0,21.5175,19.0
2025,18,00-0038606,Parker Washington,WR,JAC,60.0,60.0,23.0,83.0,63.9,91.0,62.0,29.5,46.5,12.5,TEN,17.933333333333334,8.0,0.23253672391603428,1.6666666666666667,35.41875,19.7
2025,18,00-0038608,Kayshon Boutte,WR,NE,22.0,22.0,9.0,33.0,46.8,90.0,41.0,29.25,44.5,14.0,MIA,6.7,3.0,0.09451659451659451,0.6666666666666666,30.0125,4.4
2025,18,00-0038611,Chris Rodriguez Jr.,RB,WSH,44.0,29.0,47.0,83.0,75.9,48.0,49.0,17.75,38.5,-3.0,PHI,9.733333333333334,12.666666666666666,0.47242041372476146,3.3333333333333335,23.15625,15.3
2025,18,00-0038618,Xavier Hutchinson,WR,HOU,20.0,10.0,9.0,0.0,66.0,69.0,67.0,23.5,37.5,9.5,IND,2.966666666666667,2.6666666666666665,0.09351432880844646,0.0,36.71875,13.4
2025,18,00-0038619,Andrei Iosivas,WR,CIN,20.0,12.0,8.0,0.0,31.2,87.0,22.0,28.5,47.5,9.5,CLE,3.733333333333333,2.6666666666666665,0.08251194743130226,0.0,24.95625,3.0
2025,18,00-0038621,DeMario Douglas,WR,NE,12.0,5.0,6.0,0.0,59.4,90.0,41.0,29.25,44.5,14.0,MIA,1.3666666666666665,1.6666666666666667,0.05587301587301588,0.0,30.0125,4.9
2025,18,00-0038640,Jalen Brooks,WR,ARI,15.0,9.0,5.0,0.0,36.1,47.0,51.0,17.5,49.5,-14.5,LA,2.6999999999999997,2.0,0.04904306220095694,0.0,32.38125,0.0
2025,18,00-0038647,Ronnie Bell,WR,NO,0.0,0.0,0.0,0.0,56.8,54.0,54.0,19.5,43.5,-4.5,ATL,0.0,0.0,0.0,0.0,33.2125,10.3
2025,18,00-0038685,Chris Brooks,RB,GB,8.0,5.0,9.0,0.0,48.1,29.0,35.0,12.5,37.5,-12.5,MIN,1.7,2.3333333333333335,0.0860942760942761,0.0,20.43125,6.1
2025,18,00-0038705,Emari Demercado,RB,ARI,21.0,9.0,28.0,0.0,69.2,47.0,35.0,17.5,49.5,-14.5,LA,3.033333333333333,6.0,0.2829233831127621,0.0,20.39375,6.7
2025,18,00-0038710,Blake Whiteheart,TE,CLE,6.0,0.0,2.0,0.0,45.0,52.0,80.0,19.0,47.5,-9.5,CIN,0.0,0.6666666666666666,0.023264683447749807,0.0,22.19375,0.0
2025,18,00-0038720,Julian Hill,TE,MIA,15.0,10.0,7.0,0.0,58.9,39.0,51.0,15.25,44.5,-14.0,NE,2.3666666666666667,1.6666666666666667,0.07363636363636362,0.0,15.253333333333332,1.8
2025,18,00-0038738,Hunter Luepke,RB,DAL,18.0,13.0,15.0,8.0,67.5,81.0,62.0,26.75,50.5,3.0,NYG,4.266666666666667,5.333333333333333,0.15237755400798877,0.3333333333333333,25.8125,2.6
2025,18,00-0038794,Jaleel McLaughlin,RB,DEN,16.0,8.0,20.0,8.0,55.2,78.0,26.0,26.0,37.5,14.5,LAC,2.6999999999999997,4.666666666666667,0.1980392156862745,0.3333333333333333,18.7,6.8
2025,18,00-0038797,Emanuel Wilson,RB,GB,23.0,12.0,21.0,17.0,38.4,29.0,35.0,12.5,37.5,-12.5,MIN,3.966666666666667,6.666666666666667,0.21155080213903743,0.6666666666666666,20.43125,5.8
2025,18,00-0038809,Ben Sims,TE,MIN,9.0,7.0,6.0,0.0,87.8,74.0,38.0,25.0,37.5,12.5,GB,1.6,1.0,0.05745341614906832,0.0,12.26875,2.8
2025,18,00-0038840,Brycen Tremayne,WR,CAR,2.0,0.0,2.0,0.0,41.8,57.0,45.0,20.25,43.5,-3.0,TB,0.0,0.3333333333333333,0.015873015873015872,0.0,30.95625,4.7
2025,18,00-0038891,Shedrick Jackson,WR,LV,15.0,22.0,7.0,0.0,59.9,43.0,35.0,16.5,36.5,-3.5,KC,6.75,2.0,0.07142857142857142,0.0,28.34375,2.4
2025,18,00-0038933,Dalton Kincaid,TE,BUF,29.0,30.0,13.0,50.0,47.5,78.0,49.0,26.0,39.5,12.5,NYJ,6.833333333333333,3.3333333333333335,0.13152896486229818,1.0,14.72625,7.8
2025,18,00-0038935,Brenton Strange,TE,JAC,44.0,40.0,15.0,100.0,65.9,91.0,43.0,29.5,46.5,12.5,TEN,8.966666666666667,5.0,0.14742599742599743,2.0,13.3375,17.2
2025,18,00-0038951,Sean Tucker,RB,TB,13.0,14.0,15.0,67.0,70.9,68.0,57.0,23.25,43.5,3.0,CAR,4.6000000000000005,3.6666666666666665,0.15025252525252525,2.6666666666666665,24.75,-0.4
2025,18,00-0038953,Dylan Drummond,WR,ATL,12.0,6.0,6.0,67.0,31.2,71.0,33.0,24.0,43.5,4.5,NO,1.7,1.6666666666666667,0.05952380952380953,1.3333333333333333,27.83125,0.0
2025,18,00-0038976,Marvin Mims Jr.,WR,DEN,38.0,20.0,15.0,17.0,73.3,78.0,33.0,26.0,37.5,14.5,LAC,5.866666666666667,5.0,0.15099412071918464,0.3333333333333333,27.9075,3.0
2025,18,00-0038979,Cedric Tillman,WR,CLE,12.0,11.0,5.0,0.0,60.8,52.0,26.0,19.0,47.5,-9.5,CIN,3.4333333333333336,1.6666666666666667,0.053154222109218295,0.0,25.9925,3.3
2025,18,00-0038994,Jordan Addison,WR,MIN,18.0,29.0,11.0,0.0,74.6,74.0,46.0,25.0,37.5,12.5,GB,8.566666666666668,2.3333333333333335,0.10697032436162869,0.0,31.325,1.8
2025,18,00-0038997,Josh Downs,WR,IND,50.0,31.0,22.0,33.0,75.0,34.0,20.0,14.0,37.5,-9.5,HOU,9.166666666666668,6.666666666666667,0.2215738284703802,0.6666666666666666,24.5625,9.6
2025,18,00-0039032,Tyjae Spears,RB,TEN,36.0,28.0,34.0,42.0,48.8,45.0,25.0,17.0,46.5,-12.5,JAC,9.4,10.333333333333334,0.33617894451227787,1.6666666666666667,18.51875,9.7
2025,18,00-0039041,Elijah Higgins,TE,ARI,32.0,26.0,12.0,17.0,31.2,47.0,37.0,17.5,49.5,-14.5,LA,5.800000000000001,3.6666666666666665,0.11902169216143808,0.3333333333333333,12.025,5.8
2025,18,00-0039050,Payne Durham,TE,TB,6.0,3.0,2.0,0.0,34.4,68.0,42.0,23.25,43.5,3.0,CAR,0.7000000000000001,0.6666666666666666,0.021085271317829456,0.0,13.168750000000001,0.0
2025,18,00-0039062,Jonathan Mingo,WR,DAL,8.0,4.0,3.0,0.0,70.2,81.0,58.0,26.75,50.5,3.0,NYG,1.1666666666666667,1.0,0.029199735449735448,0.0,34.28125,0.0
2025,18,00-0039064,Zay Flowers,WR,BAL,45.0,58.0,35.0,67.0,79.3,67.0,59.0,23.0,41.5,4.5,PIT,17.333333333333332,6.0,0.34898989898989896,1.3333333333333333,34.5375,29.8
2025,18,00-0039066,Michael Mayer,TE,LV,38.0,29.0,16.0,17.0,31.2,43.0,34.0,16.5,36.5,-3.5,KC,6.633333333333333,4.333333333333333,0.1645021645021645,0.3333333333333333,11.2125,7.7
2025,18,00-0039074,Davis Allen,TE,LA,32.0,21.0,9.0,17.0,81.0,100.0,52.0,32.0,49.5,14.5,ARI,4.7,3.6666666666666665,0.09131531786455387,0.3333333333333333,15.637500000000001,0.0
2025,18,00-0039075,Puka Nacua,WR,LA,98.0,100.0,32.0,50.0,77.2,100.0,42.0,32.0,49.5,14.5,ARI,30.033333333333335,13.0,0.3231834375210056,1.0,30.14375,26.0
2025,18,00-0039139,Jahmyr Gibbs,RB,DET,69.0,41.0,78.0,58.0,81.6,71.0,39.0,24.0,51.5,-3.5,CHI,13.666666666666666,20.0,0.7792196007259529,2.3333333333333335,21.3125,20.3
2025,18,00-0039150,Bryce Young,QB,CAR,72.0,44.0,100.0,23.0,89.8,57.0,66.0,20.25,43.5,-3.0,TB,14.64,33.333333333333336,0.25732009925558313,2.3333333333333335,21.63375,18.54
2025,18,00-0039163,C.J. Stroud,QB,HOU,76.0,52.0,60.0,55.0,86.7,69.0,48.0,23.5,37.5,9.5,IND,17.546666666666667,35.333333333333336,0.1511037981626217,5.666666666666667,18.33625,17.26
2025,18,00-0039165,Zach Charbonnet,RB,SEA,48.0,44.0,49.0,92.0,64.4,74.0,48.0,25.0,47.5,2.5,SF,14.899999999999999,14.0,0.4866315763089957,3.6666666666666665,22.93125,18.7
2025,18,00-0039305,Jack Westover,TE,NE,3.0,0.0,1.0,0.0,41.8,90.0,56.0,29.25,44.5,14.0,MIA,0.0,0.3333333333333333,0.011494252873563218,0.0,16.6,1.0
2025,18,00-0039342,Xavier Legette,WR,CAR,18.0,10.0,10.0,17.0,56.2,57.0,45.0,20.25,43.5,-3.0,TB,3.1333333333333333,2.3333333333333335,0.0981310803891449,0.3333333333333333,30.95625,5.2
2025,18,00-0039359,Cade Stover,TE,HOU,35.0,17.0,13.0,50.0,74.8,69.0,51.0,23.5,37.5,9.5,IND,3.9333333333333336,4.0,0.12792232277526394,1.0,15.237499999999999,1.9
2025,18,00-0039361,Bucky Irving,RB,TB,61.0,23.0,70.0,50.0,91.1,68.0,57.0,23.25,43.5,3.0,CAR,7.833333333333333,17.666666666666668,0.6985479797979798,2.0,24.75,10.8
2025,18,00-0039364,Sione Vaki,RB,DET,0.0,0.0,0.0,0.0,56.8,71.0,39.0,24.0,51.5,-3.5,CHI,0.0,0.0,0.0,0.0,21.3125,0.0
2025,18,00-0039373,Audric Estimé,RB,NO,34.0,31.0,38.0,8.0,59.3,54.0,42.0,19.5,43.5,-4.5,ATL,10.466666666666667,10.0,0.38253775524602024,0.3333333333333333,21.8125,15.6
2025,18,00-0039384,Tyrone Tracy Jr.,RB,NYG,61.0,41.0,61.0,75.0,75.8,70.0,55.0,23.75,50.5,-3.0,DAL,13.733333333333334,17.666666666666668,0.6120367993560429,3.0,24.29375,29.9
2025,18,00-0039391,Kimani Vidal,RB,LAC,40.0,18.0,37.0,8.0,54.8,25.0,20.0,11.5,37.5,-14.5,DEN,6.1000000000000005,11.666666666666666,0.36921411702442236,0.3333333333333333,17.56875,2.0
2025,18,00-0039398,Joe Milton III,QB,DAL,9.0,9.0,6.0,6.0,65.7,81.0,57.0,26.75,50.5,3.0,NYG,3.033333333333333,4.0,0.014492753623188406,0.6666666666666666,19.89625,7.22
2025,18,00-0039405,Jawhar Jordan,RB,HOU,52.0,29.0,50.0,33.0,66.7,69.0,36.0,23.5,37.5,9.5,IND,9.799999999999999,15.0,0.4969148498560263,1.3333333333333333,20.599999999999998,0.3
2025,18,00-0039407,Dylan Laube,RB,LV,2.0,0.0,5.0,0.0,31.2,43.0,30.0,16.5,36.5,-3.5,KC,0.13333333333333333,0.6666666666666666,0.05128205128205129,0.0,19.5,0.0
2025,18,00-0039410,Ryan Flournoy,WR,DAL,50.0,49.0,16.0,67.0,47.6,81.0,58.0,26.75,50.5,3.0,NYG,14.766666666666666,6.666666666666667,0.16065096251266464,1.3333333333333333,34.28125,11.8
2025,18,00-0039451,Isaiah Williams,WR,NYJ,42.0,28.0,18.0,17.0,78.7,32.0,30.0,13.5,39.5,-12.5,BUF,8.433333333333334,5.666666666666667,0.18015270624378785,0.3333333333333333,27.20625,7.4
2025,18,00-0039458,Brenden Bates,TE,CLE,6.0,4.0,3.0,17.0,35.8,52.0,80.0,19.0,47.5,-9.5,CIN,0.9666666666666667,0.6666666666666666,0.026838432635534083,0.3333333333333333,22.19375,1.6
2025,18,00-0039491,Jalen Coker,WR,CAR,27.0,30.0,15.0,17.0,63.5,57.0,45.0,20.25,43.5,-3.0,TB,9.1,3.6666666666666665,0.15217613927291346,0.3333333333333333,30.95625,16.7
2025,18,00-0039530,Brevyn Spann-Ford,TE,DAL,9.0,6.0,3.0,0.0,31.2,81.0,35.0,26.75,50.5,3.0,NYG,1.3666666666666665,1.0,0.02804232804232804,0.0,11.5225,5.0
2025,18,00-0039589,Kameron Johnson,WR,TB,0.0,0.0,0.0,0.0,56.8,68.0,31.0,23.25,43.5,3.0,CAR,0.0,0.0,0.0,0.0,27.46875,0.0
2025,18,00-0039603,British Brooks,RB,HOU,0.0,0.0,0.0,0.0,56.8,69.0,36.0,23.5,37.5,9.5,IND,0.0,0.0,0.0,0.0,20.599999999999998,6.3
2025,18,00-0039648,David Martin-Robinson,TE,TEN,3.0,3.0,1.0,0.0,31.2,45.0,52.0,17.0,46.5,-12.5,JAC,0.6333333333333333,0.3333333333333333,0.009523809523809523,0.0,15.5375,2.4
2025,18,00-0039732,Bo Nix,QB,DEN,100.0,69.0,100.0,74.0,89.8,78.0,31.0,26.0,37.5,14.5,LAC,23.246666666666666,46.333333333333336,0.25620915032679736,7.666666666666667,15.08125,10.54
2025,18,00-0039738,Blake Corum,RB,LA,38.0,28.0,36.0,42.0,66.2,100.0,68.0,32.0,49.5,14.5,ARI,9.333333333333334,11.0,0.3599837901562039,1.6666666666666667,26.925,7.9
2025,18,00-0039746,Will Shipley,RB,PHI,3.0,1.0,4.0,0.0,31.2,59.0,60.0,20.75,38.5,3.0,WSH,0.5,1.0,0.03713527851458886,0.0,25.40625,3.3
2025,18,00-0039751,Jordan Whittington,WR,LA,5.0,3.0,2.0,0.0,35.5,100.0,42.0,32.0,49.5,14.5,ARI,0.9666666666666667,0.6666666666666666,0.015716374269005847,0.0,30.14375,0.0
2025,18,00-0039792,Devontez Walker,WR,BAL,8.0,4.0,4.0,0.0,32.6,67.0,59.0,23.0,41.5,4.5,PIT,1.3333333333333333,1.0,0.03888888888888889,0.0,34.5375,12.6
2025,18,00-0039793,AJ Barner,TE,SEA,47.0,50.0,18.0,50.0,72.8,74.0,52.0,25.0,47.5,2.5,SF,11.333333333333334,5.333333333333333,0.17691706143319044,1.0,15.6,3.4
2025,18,00-0039796,Rasheen Ali,RB,BAL,8.0,16.0,14.0,0.0,56.6,67.0,33.0,23.0,41.5,4.5,PIT,5.3999999999999995,2.3333333333333335,0.13888888888888887,0.0,20.01875,0.0
2025,18,00-0039824,Jared Wiley,TE,KC,9.0,6.0,3.0,0.0,56.8,56.0,29.0,20.0,36.5,3.5,LV,1.4,1.0,0.03125,0.0,10.049999999999999,0.0
2025,18,00-0039851,Drake Maye,QB,NE,76.0,80.0,90.0,55.0,78.7,90.0,56.0,29.25,44.5,14.0,MIA,26.88,35.0,0.22603864734299517,5.666666666666667,19.7525,15.74
2025,18,00-0039855,Jalen McMillan,WR,TB,38.0,31.0,14.0,17.0,48.0,68.0,31.0,23.25,43.5,3.0,CAR,9.266666666666667,5.0,0.1391161616161616,0.3333333333333333,27.46875,2.1
2025,18,00-0039868,Troy Franklin,WR,DEN,40.0,41.0,15.0,33.0,68.9,78.0,33.0,26.0,37.5,14.5,LAC,12.366666666666667,5.333333333333333,0.14587903120511816,0.6666666666666666,27.9075,0.0
2025,18,00-0039874,Jaylen Wright,RB,MIA,21.0,20.0,22.0,17.0,47.0,39.0,31.0,15.25,44.5,-14.0,NE,6.666666666666667,6.0,0.2206746031746032,0.6666666666666666,19.675,6.0
2025,18,00-0039875,Ray Davis,RB,BUF,9.0,10.0,10.0,0.0,49.7,78.0,67.0,26.0,39.5,12.5,NYJ,3.4333333333333336,2.6666666666666665,0.1045423286802597,0.0,26.599999999999998,25.4
2025,18,00-0039880,Malik Washington,WR,MIA,18.0,15.0,9.0,17.0,42.2,39.0,38.0,15.25,44.5,-14.0,NE,4.566666666666666,2.3333333333333335,0.0937085137085137,0.3333333333333333,29.28125,11.8
2025,18,00-0039884,Tahj Washington,WR,MIA,15.0,7.0,5.0,0.0,56.8,39.0,38.0,15.25,44.5,-14.0,NE,2.1,2.0,0.05405405405405406,0.0,29.28125,4.6
2025,18,00-0039890,Adonai Mitchell,WR,NYJ,62.0,33.0,26.0,33.0,70.5,32.0,30.0,13.5,39.5,-12.5,BUF,9.966666666666667,8.333333333333334,0.2631246046805819,0.6666666666666666,27.20625,0.0
2025,18,00-0039893,Brian Thomas Jr.,WR,JAC,45.0,32.0,19.0,50.0,60.4,91.0,62.0,29.5,46.5,12.5,TEN,9.6,6.0,0.18731350398017063,1.0,35.41875,7.9
2025,18,00-0039901,Keon Coleman,WR,BUF,35.0,29.0,15.0,33.0,62.1,78.0,45.0,26.0,39.5,12.5,NYJ,8.700000000000001,4.666666666666667,0.14889136628267063,0.6666666666666666,30.925,6.9
2025,18,00-0039912,Ben Sinnott,TE,WSH,21.0,18.0,12.0,0.0,58.0,48.0,21.0,17.75,38.5,-3.0,PHI,4.0,2.3333333333333335,0.11765873015873014,0.0,8.1375,2.3
2025,18,00-0039918,Caleb Williams,QB,CHI,83.0,63.0,58.0,55.0,90.3,84.0,56.0,27.5,51.5,3.5,DET,20.993333333333336,38.333333333333336,0.1445221445221445,5.666666666666667,19.83,16.58
2025,18,00-0039920,Malachi Corley,WR,CLE,22.0,11.0,11.0,0.0,38.1,52.0,26.0,19.0,47.5,-9.5,CIN,3.1666666666666665,3.0,0.10688622236074315,0.0,25.9925,5.8
2025,18,00-0039923,J.J. McCarthy,QB,MIN,53.0,58.0,52.0,58.0,77.7,74.0,38.0,25.0,37.5,12.5,GB,19.41333333333333,24.333333333333332,0.13042846768336966,6.0,16.43625,7.98
2025,18,00-0040024,Darius Cooper,WR,PHI,10.0,10.0,6.0,0.0,60.3,59.0,63.0,20.75,38.5,3.0,WSH,3.066666666666667,1.3333333333333333,0.0609604820131136,0.0,35.61875,6.3
2025,18,00-0040075,LaJohntay Wester,WR,BAL,0.0,0.0,0.0,0.0,56.8,67.0,59.0,23.0,41.5,4.5,PIT,0.0,0.0,0.0,0.0,34.5375,0.0
2025,18,00-0040078,Brashard Smith,RB,KC,8.0,11.0,11.0,8.0,39.4,56.0,50.0,20.0,36.5,3.5,LV,3.6666666666666665,2.3333333333333335,0.11356421356421358,0.3333333333333333,23.3,7.8
2025,18,00-0040122,Ashton Jeanty,RB,LV,68.0,49.0,93.0,33.0,67.0,43.0,30.0,16.5,36.5,-3.5,KC,16.433333333333334,19.666666666666668,0.9278447478447478,1.3333333333333333,19.5,12.4
2025,18,00-0040124,Tetairoa McMillan,WR,CAR,45.0,28.0,24.0,0.0,52.1,57.0,45.0,20.25,43.5,-3.0,TB,8.433333333333334,6.0,0.23768561187916024,0.0,30.95625,12.5
2025,18,00-0040126,Colston Loveland,TE,CHI,62.0,55.0,21.0,83.0,68.2,84.0,40.0,27.5,51.5,3.5,DET,12.5,7.0,0.21477075500064005,1.6666666666666667,12.73125,25.1
2025,18,00-0040128,Tyler Warren,TE,IND,59.0,30.0,22.0,17.0,79.0,34.0,39.0,14.0,37.5,-9.5,HOU,6.733333333333334,6.666666666666667,0.21772767462422635,0.3333333333333333,12.49375,7.6
2025,18,00-0040129,Emeka Egbuka,WR,TB,35.0,23.0,14.0,0.0,64.5,68.0,31.0,23.25,43.5,3.0,CAR,6.8,4.666666666666667,0.1374621212121212,0.0,27.46875,1.8
2025,18,00-0040130,Jayden Higgins,WR,HOU,20.0,23.0,9.0,0.0,47.0,69.0,67.0,23.5,37.5,9.5,IND,6.966666666666666,2.6666666666666665,0.09351432880844646,0.0,36.71875,10.3
2025,18,00-0040131,Kyle Williams,WR,NE,20.0,20.0,9.0,0.0,32.1,90.0,41.0,29.25,44.5,14.0,MIA,5.866666666666667,2.6666666666666665,0.09047619047619049,0.0,30.0125,0.5
2025,18,00-0040134,Pat Bryant,WR,DEN,48.0,26.0,15.0,50.0,83.8,78.0,33.0,26.0,37.5,14.5,LAC,7.866666666666666,6.333333333333333,0.152742256322819,1.0,27.9075,7.1
2025,18,00-0040138,Jaylin Noel,WR,HOU,12.0,16.0,6.0,0.0,31.2,69.0,67.0,23.5,37.5,9.5,IND,4.866666666666667,1.6666666666666667,0.06108597285067874,0.0,36.71875,2.3
2025,18,00-0040154,Tai Felton,WR,MIN,5.0,4.0,3.0,0.0,38.5,74.0,46.0,25.0,37.5,12.5,GB,1.2,0.6666666666666666,0.028985507246376812,0.0,31.325,0.0
2025,18,00-0040162,Dylan Sampson,RB,CLE,30.0,20.0,32.0,25.0,50.4,52.0,80.0,19.0,47.5,-9.5,CIN,6.6000000000000005,8.666666666666666,0.31912059250510566,1.0,29.21125,6.4
2025,18,00-0040170,Elic Ayomanor,WR,TEN,30.0,28.0,13.0,33.0,51.6,45.0,50.0,17.0,46.5,-12.5,JAC,8.4,4.0,0.12886989553656222,0.6666666666666666,32.11875,8.0
2025,18,00-0040179,DJ Giddens,RB,IND,9.0,2.0,10.0,0.0,31.2,34.0,32.0,14.0,37.5,-9.5,HOU,0.8333333333333334,2.6666666666666665,0.0997835497835498,0.0,19.9875,3.0
2025,18,00-0040184,KeAndre Lambert-Smith,WR,LAC,8.0,12.0,4.0,17.0,68.7,25.0,31.0,11.5,37.5,-14.5,DEN,3.533333333333333,1.0,0.03715020369999332,0.3333333333333333,27.375,4.4
2025,18,00-0040187,Mitchell Evans,TE,CAR,18.0,10.0,8.0,0.0,35.8,57.0,54.0,20.25,43.5,-3.0,TB,2.3000000000000003,2.0,0.07682460908267359,0.0,15.9,1.5
2025,18,00-0040189,Oronde Gadsden II,TE,LAC,35.0,35.0,15.0,50.0,52.3,25.0,46.0,11.5,37.5,-14.5,DEN,8.0,4.0,0.148884659052962,1.0,14.0375,4.3
2025,18,00-0040194,Jackson Hawes,TE,BUF,12.0,20.0,6.0,17.0,60.8,78.0,49.0,26.0,39.5,12.5,NYJ,4.6000000000000005,1.3333333333333333,0.06220322886989554,0.3333333333333333,14.72625,1.0
2025,18,00-0040198,Ollie Gordon II,RB,MIA,3.0,-0.0,5.0,0.0,41.8,39.0,31.0,15.25,44.5,-14.0,NE,-0.03333333333333333,1.0,0.05357142857142857,0.0,19.675,2.1
2025,18,00-0040206,Riley Leonard,QB,IND,24.0,12.0,10.0,32.0,31.2,34.0,27.0,14.0,37.5,-9.5,HOU,4.1000000000000005,11.0,0.025641025641025644,3.3333333333333335,14.45625,26.6
2025,18,00-0040218,Jimmy Horn Jr.,WR,CAR,10.0,8.0,7.0,17.0,65.4,57.0,45.0,20.25,43.5,-3.0,TB,2.3666666666666667,1.3333333333333333,0.06507936507936507,0.3333333333333333,30.95625,2.5
2025,18,00-0040234,Quinn Ewers,QB,MIA,48.0,29.0,33.0,23.0,56.4,39.0,38.0,15.25,44.5,-14.0,NE,9.6,22.333333333333332,0.08340548340548341,2.3333333333333335,16.47375,10.38
2025,18,00-0040236,Kyle Monangai,RB,CHI,44.0,23.0,45.0,42.0,80.8,84.0,33.0,27.5,51.5,3.5,DET,7.766666666666667,12.666666666666666,0.4525642514148261,1.6666666666666667,20.1,3.9
2025,18,00-0040237,Tez Johnson,WR,TB,10.0,5.0,4.0,0.0,57.8,68.0,31.0,23.25,43.5,3.0,CAR,1.5999999999999999,1.3333333333333333,0.03890151515151515,0.0,27.46875,3.2
2025,18,00-0040242,Jacory Croskey-Merritt,RB,WSH,43.0,46.0,49.0,92.0,69.9,48.0,49.0,17.75,38.5,-3.0,PHI,15.533333333333333,12.333333333333334,0.49389293139293144,3.6666666666666665,23.15625,2.9
2025,18,00-0040259,Gage Larvadain,WR,CLE,5.0,2.0,2.0,0.0,31.2,52.0,26.0,19.0,47.5,-9.5,CIN,0.6,0.6666666666666666,0.02150537634408602,0.0,25.9925,0.0
2025,18,00-0040277,Jahdae Walker,WR,CHI,18.0,17.0,7.0,33.0,35.1,84.0,68.0,27.5,51.5,3.5,DET,5.033333333333333,2.3333333333333335,0.06867079280872385,0.6666666666666666,36.7325,11.6
2025,18,00-0040311,Theo Wease Jr.,WR,MIA,19.0,31.0,9.0,0.0,55.5,39.0,38.0,15.25,44.5,-14.0,NE,9.25,2.5,0.09415584415584416,0.0,29.28125,7.4
2025,18,00-0040363,Keleki Latu,TE,BUF,4.0,3.0,2.0,0.0,31.2,78.0,49.0,26.0,39.5,12.5,NYJ,0.7,0.5,0.016666666666666666,0.0,14.72625,6.1
2025,18,00-0040398,Brady Cook,QB,NYJ,79.0,29.0,42.0,42.0,82.5,32.0,32.0,13.5,39.5,-12.5,BUF,9.613333333333332,36.666666666666664,0.10499231950844855,4.333333333333333,15.34125,7.1
2025,18,00-0040431,Dalen Cambre,WR,NYG,0.0,0.0,0.0,0.0,56.8,70.0,80.0,23.75,50.5,-3.0,DAL,0.0,0.0,0.0,0.0,39.91875,0.0
2025,18,00-0040466,Raheim Sanders,RB,CLE,29.0,16.0,31.0,50.0,71.9,52.0,80.0,19.0,47.5,-9.5,CIN,5.333333333333333,8.333333333333334,0.30794408948452895,2.0,29.21125,4.3
2025,18,00-0040494,Max Brosmer,QB,MIN,44.0,10.0,31.0,16.0,68.0,74.0,38.0,25.0,37.5,12.5,GB,3.453333333333333,20.333333333333332,0.07797619047619048,1.6666666666666667,16.43625,2.28
2025,18,00-0040509,Ben Yurosek,TE,MIN,6.0,2.0,2.0,0.0,31.2,74.0,38.0,25.0,37.5,12.5,GB,0.5,0.6666666666666666,0.022222222222222223,0.0,12.26875,1.9
2025,18,00-0040534,Ke'Shawn Williams,WR,CIN,5.0,2.0,2.0,0.0,34.0,87.0,22.0,28.5,47.5,9.5,CLE,0.5333333333333333,0.6666666666666666,0.023237179487179488,0.0,24.95625,0.9
2025,18,00-0040556,Corey Kiner,RB,ARI,10.0,4.0,14.0,17.0,38.2,47.0,35.0,17.5,49.5,-14.5,LA,1.5,3.0,0.1443435791261878,0.6666666666666666,20.39375,4.8
2025,18,00-0040563,Efton Chism III,WR,NE,5.0,13.0,3.0,17.0,31.2,90.0,41.0,29.25,44.5,14.0,MIA,4.0,0.6666666666666666,0.02666666666666667,0.3333333333333333,30.0125,4.5
2025,18,00-0040581,Dont'e Thornton Jr.,WR,LV,20.0,9.0,9.0,17.0,74.1,43.0,35.0,16.5,36.5,-3.5,KC,2.566666666666667,2.6666666666666665,0.0937950937950938,0.3333333333333333,28.34375,0.0
2025,18,00-0040582,Arian Smith,WR,NYJ,10.0,2.0,4.0,0.0,53.1,32.0,30.0,13.5,39.5,-12.5,BUF,0.5,1.3333333333333333,0.04206198608475648,0.0,27.20625,0.2
2025,18,00-0040583,Woody Marks,RB,HOU,67.0,29.0,61.0,58.0,59.7,69.0,36.0,23.5,37.5,9.5,IND,9.633333333333335,19.333333333333332,0.612050048482686,2.3333333333333335,20.599999999999998,6.8
2025,18,00-0040586,Jaydon Blue,RB,DAL,22.0,7.0,23.0,8.0,57.9,81.0,62.0,26.75,50.5,3.0,NYG,2.4333333333333336,6.333333333333333,0.22503301263912467,0.3333333333333333,25.8125,12.4
2025,18,00-0040590,Konata Mumpfield,WR,LA,35.0,11.0,11.0,50.0,42.0,100.0,42.0,32.0,49.5,14.5,ARI,3.3333333333333335,4.666666666666667,0.11062378167641325,1.0,30.14375,0.0
2025,18,00-0040644,Trevor Etienne,RB,CAR,0.0,0.0,0.0,0.0,56.8,57.0,49.0,20.25,43.5,-3.0,TB,0.0,0.0,0.0,0.0,23.275,0.0
2025,18,00-0040646,Jalen Royals,WR,KC,0.0,0.0,0.0,0.0,56.8,56.0,57.0,20.0,36.5,3.5,LV,0.0,0.0,0.0,0.0,34.03125,2.4
2025,18,00-0040667,Matthew Golden,WR,GB,25.0,12.0,11.0,0.0,59.2,29.0,22.0,12.5,37.5,-12.5,MIN,3.6999999999999997,3.3333333333333335,0.10607744107744106,0.0,24.99375,1.8
2025,18,00-0040668,Shedeur Sanders,QB,CLE,70.0,38.0,55.0,32.0,88.5,52.0,62.0,19.0,47.5,-9.5,CIN,12.700000000000003,32.333333333333336,0.13801075268817206,3.3333333333333335,20.88125,7.04
2025,18,00-0040669,Isaac TeSlaa,WR,DET,30.0,32.0,10.0,100.0,45.7,71.0,59.0,24.0,51.5,-3.5,CHI,9.700000000000001,4.0,0.09962073619060914,2.0,34.6375,2.8
2025,18,00-0040676,Cam Ward,QB,TEN,75.0,52.0,30.0,61.0,90.8,45.0,52.0,17.0,46.5,-12.5,JAC,17.35333333333333,34.666666666666664,0.07380952380952381,6.333333333333333,18.9725,9.18
2025,18,00-0040691,Jaxson Dart,QB,NYG,71.0,51.0,89.0,68.0,64.0,70.0,80.0,23.75,50.5,-3.0,DAL,17.08,33.0,0.2224446916326783,7.0,24.265,20.4
2025,18,00-0040705,Chimere Dike,WR,TEN,42.0,31.0,20.0,50.0,82.0,45.0,50.0,17.0,46.5,-12.5,JAC,9.4,5.666666666666667,0.20202143535476869,1.0,32.11875,5.7
2025,18,00-0040719,Bhayshul Tuten,RB,JAC,15.0,18.0,16.0,25.0,37.7,91.0,44.0,29.5,46.5,12.5,TEN,6.233333333333333,4.333333333333333,0.15718253968253967,1.0,22.18125,8.3
2025,18,00-0040727,Tre Harris,WR,LAC,30.0,22.0,16.0,0.0,61.8,25.0,31.0,11.5,37.5,-14.5,DEN,6.6000000000000005,4.0,0.15789178096330972,0.0,27.375,4.8
2025,18,00-0040729,Jack Bech,WR,LV,30.0,23.0,16.0,33.0,68.5,43.0,35.0,16.5,36.5,-3.5,KC,7.0,4.0,0.15688311688311687,0.6666666666666666,28.34375,0.0
2025,18,00-0040730,RJ Harvey,RB,DEN,60.0,53.0,60.0,58.0,81.1,78.0,26.0,26.0,37.5,14.5,LAC,17.733333333333334,17.333333333333332,0.6046241734061427,2.3333333333333335,18.7,4.3
2025,18,00-0040734,TreVeyon Henderson,RB,NE,48.0,40.0,49.0,75.0,51.8,90.0,48.0,29.25,44.5,14.0,MIA,13.5,14.0,0.48844741409958803,3.0,22.91875,17.3
2025,18,00-0040735,Luther Burden III,WR,CHI,57.0,59.0,25.0,17.0,79.7,84.0,68.0,27.5,51.5,3.5,DET,17.733333333333334,7.666666666666667,0.24518806810473479,0.3333333333333333,36.7325,7.5
2025,18,00-0040743,Tyler Shough,QB,NO,88.0,57.0,77.0,42.0,87.8,54.0,46.0,19.5,43.5,-4.5,ATL,19.040000000000003,40.666666666666664,0.19130434782608696,4.333333333333333,17.978749999999998,23.76
2025,18,00-0040782,Isaiah Bond,WR,CLE,15.0,17.0,7.0,0.0,34.3,52.0,26.0,19.0,47.5,-9.5,CIN,5.166666666666667,2.0,0.06825619448340346,0.0,25.9925,2.7
